0.000872479
0.099885
0.0537423
-0.0128365
-0.0107163
0.0308516
-0.325791
-0.0843857
-0.0186295
0.0994693
-0.196947
-0.353396
0.102584
0.0181188
-0.167646
0.125851
-0.0868992
-0.309003
-0.15008
-0.138603
-0.0708404
0.105776
0.156336
0.0857116
0.030026
-0.023757
0.0128368
0.333197
0.0483332
-0.460306
-0.122302
-0.452796
0.14813
-0.439034
0.00762977
0.223191
-0.211507
0.0542624
0.0399734
-0.111392
-0.0807989
0.21068
-0.312684
-0.160107
-0.0582389
0.0301498
0.0366383
0.00392761
0.05796
0.0225078
0.0571558
-0.187976
-0.0565364
0.00695212
-0.182562
0.131922
-0.077386
-0.072727
0.138669
-0.0455438
0.0141952
0.0161624
-0.0574032
-0.306689
-0.14805
-0.110731
0.119307
-0.0243466
-0.029791
0.151216
0.0625835
0.0791173
-0.183988
-0.194867
-0.260425
0.0305205
-0.00704799
-0.0672073
0.056915
0.100548
0.0135385
0.00670498
-0.101227
-0.290806
0.11802
0.142902
-0.045486
-0.0824082
-0.00711183
0.0329979
0.000387181
-0.264053
0.123112
-0.171611
-0.0800583
0.106099
-0.135175
0.0227271
0.0417525
0.119144
0.0320906
-0.0218674
-0.0215021
-0.162107
-0.192594
-0.522309
-0.0593049
-0.198342
-0.023591
-0.0771386
0.0196939
-0.27009
0.0355669
0.0701132
-0.163739
0.0463431
0.143489
0.15091
-0.18358
-0.423484
0.114534
0.0963498
-0.219715
-0.0145293
-0.113546
-0.226086
-0.297605
0.0793369
0.085079
-0.2066
-0.0669245
0.149738
0.0163601
-0.132407
-0.0145177
-0.0501034
-0.00811236
-0.0254276
-0.0891818
-0.0267187
-0.00213552
-0.0915342
-0.0402369
-0.0246499
-0.00527362
-0.00823617
-0.0206234
-0.0120992
-0.00070483
-0.0134956
-0.0104314
-0.0106136
-0.006975
-0.225062
-0.274371
-0.108
-0.020533
-0.114894
0.146729
-0.103068
-0.202215
0.0598883
0.127834
0.0550493
-0.209521
0.253183
-0.0765842
-0.252372
-0.559537
-0.185556
-0.128687
-0.0110182
-0.0155612
-0.12092
-0.00370837
-0.00520874
-0.000789893
-0.0905872
-0.0108066
-0.0368535
-0.200977
-0.206533
-0.277126
0.0673027
-0.0271389
-0.135208
0.0970407
0.0506415
-0.0394895
0.0846467
-0.00604459
-0.390017
-0.0084434
0.132284
-0.200098
-0.0353977
0.0399323
-0.250659
-0.0103777
-0.0585579
-0.444641
0.159456
0.156029
-0.313052
0.011434
-0.0336138
-0.451813
0.0780691
0.0471855
0.164898
-0.0573025
0.0411109
-0.00783423
-0.0948576
-0.207232
-0.211481
0.018776
-0.0637134
0.0858448
0.116016
0.15498
0.0338582
-0.239004
-0.077044
-0.240736
-0.0623338
-0.284431
-0.250917
0.0893296
0.0535836
0.132006
0.0405008
-0.133321
-0.0478443
-0.012562
-0.0197489
-0.152657
-0.067721
-0.00122581
-0.0309256
-0.0691098
-0.0442245
-0.02381
-0.00840743
-0.054469
-0.0718566
-0.028415
-0.000171436
-0.035597
-0.0310663
-0.0781147
-0.0232326
-0.123197
-0.0561924
-0.228865
-0.0414001
-0.065958
-1.26474e-05
-0.0420031
-0.166951
-0.114904
-0.130585
-0.327675
-0.386101
-0.0578917
0.0655967
-0.0362401
0.112911
0.0301693
0.0548095
-0.176909
-0.186631
0.0196666
-0.140682
-0.0619909
0.136094
-0.202005
0.105458
0.108714
0.111396
0.147476
-0.271981
0.198021
-0.0206301
-0.28557
-0.0881326
-0.184384
-0.176214