-0.0060814
-0.00208261
0.0105888
-0.0227598
0.00573112
-0.000717191
-0.0108423
0.00755766
0.0026805
0.00668736
-0.128381
0.255185
-0.15201
-0.192469
-0.134836
-0.170291
-0.157844
-0.0799756
-0.0928962
-0.109877
-0.0428242
-0.0823769
-0.152639
-0.224251
-0.242486
-0.246524
-0.239682
-0.251408
-0.24588
-0.229838
0.213657
-0.103975
-0.271474
-0.15915
-0.181384
-0.0946752
-0.10738
-0.0562746
-0.0889095
-0.0700707
-0.181104
-0.0810957
0.174591
-0.168506
-0.141399
-0.109368
-0.108034
-0.114624
-0.097556
-0.101052
-0.135421
-0.166225
-0.116443
-0.156587
-0.106525
0.112582
-0.153392
-0.129284
-0.13453
-0.13662
-0.0129856
-0.00132041
0.0105058
-0.0244636
-0.0327072
-0.0159191
-0.0220308
-0.0216078
-0.0202243
-0.00687838
0.205321
-0.102992
-0.224525
-0.134822
-0.162674
-0.143292
-0.149821
-0.12971
-0.108747
-0.113117
0.386602
-0.0875568
-0.259701
-0.136448
-0.188456
-0.115835
-0.124333
-0.22242
-0.082048
-0.0920899
-0.0846167
0.22226
-0.130956
-0.051532
-0.138962
-0.0265125
-0.0471664
-0.0472453
-0.0546585
-0.0485318
0.00934939
0.0310731
-0.0032529
-0.0186153
-0.0141346
-0.0286243
-0.0295008
-0.013683
0.000600012
-0.0433987
0.132629
-0.0873726
-0.0912919
-0.0613612
-0.0492114
-0.041201
-0.0356267
-0.0520009
-0.0318909
-0.0405086
-0.0540606
-0.24482
0.128791
-0.24088
-0.10368
-0.138666
-0.141865
-0.142348
-0.158099
-0.135638
0.0410534
0.000304521
-0.00999405
-0.0223314
-0.0329444
-0.016681
-0.0415048
-0.0193219
-0.0245422
-0.0330183
0.0024537
-0.0424748
-0.0288318
-0.0194113
-0.0333952
-0.0133732
0.0262087
-0.0486148
-0.0341207
-0.0326421
-0.0157604
0.0163088
-0.0399309
-0.0352777
-0.0117317
-0.0176717
-0.000861035
-0.0322949
-0.0167685
0.0030775
-0.151434
0.177783
-0.106382
-0.0984951
-0.155874
-0.11734
-0.162558
-0.139659
-0.12971
-0.126145
0.0128328
0.0311125
-0.0249278
-0.0228133
-0.0151515
-0.00709805
-0.0146655
-0.0230406
-0.00475649
-0.02056
-0.070836
0.312005
-0.140399
-0.123042
-0.161112
-0.0791346
-0.1047
-0.0143041
-0.0575281
-0.0446457
-0.101848
-0.0188933
0.0525377
-0.0712129
-0.0841011
-0.0833501
-0.0842525
-0.0755204
-0.0620284
-0.0692903
0.21898
-0.131935
-0.247366
-0.261729
-0.195909
-0.144975
-0.142669
-0.159611
-0.157167
-0.132122
0.0264328
0.0220943
-0.0021014
-0.0205975
-0.00789717
-0.0157988
-0.0163151
-0.0342996
-0.0213181
-0.0375994
-0.198657
-0.205994
-0.207269
0.216544
-0.179236
-0.125799
-0.185516
-0.115503
-0.108523
-0.115741
0.0158276
0.0195151
0.00989286
-0.0213424
-0.0246106
-0.0271374
-0.023709
-0.00381347
-0.00334962
0.00246198
-0.224135
-0.225655
-0.209972
-0.261765
-0.306211
0.199299
-0.228997
-0.175594
-0.174897
-0.167707
-0.000139655
0.00392233
-0.0113415
-0.00404501
-0.0183573
-0.00999989
-0.00103875
-0.00994508
-0.00852657
0.00276329
-0.195925
-0.174559
-0.102967
0.218201
-0.131325
-0.163449
-0.117496
-0.153047
-0.110591
-0.112909
0.00337162
-0.000281832
-0.0120264
-0.000980235
-0.0137678
-0.015254
-0.00425086
0.00579084
0.00122199
-0.0245619
-0.123372
0.205188
-0.114896
-0.109846
-0.09509
-0.0967093
-0.100963
-0.0716866
-0.111256
-0.0753721
-0.0590414
0.20707
-0.128939
-0.102764
-0.0714652
-0.0723165
-0.0837705
-0.065885
-0.0797396
-0.0531846
-0.105246
-0.22732
-0.0547877
0.0932349
-0.176009
-0.163483
-0.153505
-0.100474
-0.145552
-0.154961
-0.0437713
-0.00880302
0.0192238
-0.0340128
-0.029591
-0.019042
-0.0351915
-0.0151252
-0.0417754
-0.0450622
-0.385755
-0.106895
-0.3626
-0.220654
0.145184
-0.27208
-0.224458
-0.278195
-0.238743
-0.266241
-0.0399894
-0.00467604
0.0130535
-0.00870585
-0.0257751
-0.0450229
-0.0325121
-0.0387878
-0.0117834
-0.0267895
0.21107
-0.0689504
-0.146663
-0.251107
-0.0963317
-0.146509
-0.070152
-0.0997192
-0.104129
-0.0994308
-0.157078
-0.144923
0.162941
-0.0948919
-0.0808857
-0.0904184
-0.0998897
-0.104525
-0.0739978
-0.0718607
0.112595
-0.0741088
-0.15596
-0.201173
-0.0340953
-0.0841345
-0.0922471
-0.0826406
-0.0723667
-0.0770599
-0.076427
-0.0634028
0.0614902
-0.037694
-0.0292623
-0.0348429
-0.0336396
-0.0355289
-0.0436713
-0.03321
-0.444727
-0.167001
0.164462
-0.338873
-0.406562
-0.352424
-0.301871
-0.349535
-0.315777
-0.335423
-0.532314
-0.151878
0.0161649
-0.415488
-0.400382
-0.460191
-0.408056
-0.392537
-0.394547
-0.375149
-0.124028
0.128515
-0.0682218
-0.0414299
-0.0424976
-0.0567308
-0.0716886
-0.0807544
-0.0825343
-0.0603263
-0.296326
0.0275324
-0.337937
-0.0740455
-0.304779
-0.168559
-0.261946
-0.109929
-0.227862
-0.229336
-0.337074
-0.066927
-0.163361
-0.132352
-0.313925
-0.362007
-0.31134
-0.293238
-0.287139
-0.294908
-0.0203863
0.0137688
0.0087754
-0.0169935
-0.0179599
-0.0133626
-0.00728717
-0.014911
-0.012077
-0.0247311
-0.0972613
-0.0357318
0.0779463
-0.0381467
-0.0586668
-0.0577763
-0.0394144
-0.0467336
-0.049509
-0.0515765
0.276888
-0.134568
-0.287987
-0.18652
-0.211927
-0.190097
-0.194521
-0.157564
-0.13907
-0.145915
-0.34931
-0.271535
0.290535
-0.230438
-0.238586
-0.301471
-0.253026
-0.342795
-0.24477
-0.239325
-0.0880935
0.219995
-0.131873
-0.0894683
-0.157433
-0.0851535
-0.0846282
-0.0865241
-0.0671976
-0.081433
-0.00250442
-0.0496007
-0.276181
-0.0331313
-0.0733156
-0.0982201
-0.119647
-0.117163
-0.100109
-0.116602
-0.252336
-0.228756
0.16467
-0.187049
-0.0770146
-0.155934
-0.168354
-0.138749
-0.154306
-0.144196
-0.327635
-0.231888
-0.339946
-0.268843
0.263596
-0.290633
-0.271546
-0.331823
-0.243931
-0.236956
-0.182573
-0.456138
-0.121919
-0.450892
-0.584204
-0.53834
-0.456019
-0.346266
-0.483085
-0.476427
0.0405593
-0.0667941
-0.0604895
-0.070434
-0.0660822
-0.0958764
-0.0464974
-0.0667326
-0.0815186
-0.0430958
-0.186689
-0.309852
-0.257636
-0.27404
-0.201456
0.177687
-0.141587
-0.139383
-0.173678
-0.179021
-0.00444529
0.0114918
0.00371024
0.0136125
-0.000828439
0.0044989
0.0155798
-0.00674566
1.82485e-05
-0.00166186
0.253745
-0.124015
-0.217336
-0.177847
-0.123035
-0.183077
-0.102867
-0.10763
-0.105257
-0.111827
-0.0872722
-0.0447591
0.0792157
-0.0590888
-0.0808647
-0.0528705
-0.0528293
-0.0678917
-0.0641391
-0.0518005
-0.162037
-0.104149
-0.0840758
0.117963
-0.069767
-0.0697974
-0.0710517
-0.0760746
-0.0644071
-0.0811682
-0.379958
-0.222052
-0.372724
-0.307528
0.240449
-0.336256
-0.320083
-0.276915
-0.297089
-0.297983
-0.118005
-0.123109
-0.0896231
-0.0909287
-0.0436152
-0.107624
-0.0583114
-0.0381873
-0.113099
-0.118667
-0.0949723
0.301029
-0.154835
-0.0645715
-0.25889
-0.0848353
-0.108359
-0.0661251
-0.0776491
-0.0761347
-0.207007
-0.322505
-0.566994
-0.531389
-0.0565588
-0.440062
-0.309943
-0.361442
-0.399501
-0.39219
-0.240778
-0.491319
-0.347655
-0.319732
-0.190774
0.0197171
-0.218141
-0.313533
-0.287902
-0.297223
0.00594984
-0.0770968
0.0321274
-0.0641273
-0.0753834
-0.0838173
-0.0775508
-0.0914529
-0.0900408
-0.0821
0.254065
-0.111299
-0.323574
-0.212242
-0.224698
-0.109495
-0.1617
-0.104273
-0.12433
-0.128182
0.252587
-0.115804
-0.250611
-0.171601
-0.231196
-0.151566
-0.127079
-0.225436
-0.12363
-0.119971
-0.0258968
-0.0246466
0.0087282
-0.0475954
-0.0672178
-0.0658814
-0.0735808
-0.0673721
-0.0734246
-0.0776123
-0.206948
-0.272159
-0.188893
0.208507
-0.2026
-0.232472
-0.221371
-0.193669
-0.174968
-0.193173
-0.292088
-0.328196
-0.286942
0.053425
-0.095
-0.186761
-0.287103
-0.244712
-0.260637
-0.256131
-0.0855647
-0.0332248
0.0440401
-0.0343012
-0.0475405
-0.0538778
-0.0228264
-0.0447551
-0.0625847
-0.0300404
-0.0494675
-0.384662
0.0345628
-0.289715
-0.405437
-0.374462
-0.253355
-0.269601
-0.311597
-0.308963
-0.3654
-0.396883
-0.0827033
-0.363951
-0.274468
0.0100918
-0.292087
-0.328396
-0.309457
-0.300151
0.00986718
0.0292753
-0.00407067
-0.0109934
-0.014286
-0.0187995
-0.00840969
-0.00493354
-0.000280084
-0.0092749
-0.287965
-0.221979
0.115921
-0.232303
-0.101088
-0.378789
-0.218353
-0.199549
-0.221687
-0.220945
-0.0220215
-0.0123301
-0.000734357
-0.0352541
-0.0237989
-0.0111366
-0.00804866
-0.0200302
0.00977092
-0.00949267
-0.462553
-0.357792
-0.44874
-0.0727014
-0.167416
-0.207123
-0.436011
-0.283024
-0.342719
-0.347997
-0.0182688
0.0345762
-0.0234285
-0.0219
-0.0317964
-0.028108
-0.0362522
-0.0365948
-0.0364231
-0.015345
-0.0397689
0.189964
-0.0803503
-0.0682503
-0.151697
-0.0452471
-0.0621067
-0.0665156
-0.0562946
-0.0423376
0.00551506
0.0400845
-0.019935
-0.0101851
-0.0229475
-0.03556
-0.0356328
-0.033556
-0.0338705
-0.0398115
-0.16184
-0.332412
-0.194246
-0.253589
-0.166355
0.114266
-0.213574
-0.194904
-0.212251
-0.209369
-0.192284
-0.347188
-0.211334
-0.273277
-0.1869
0.200524
-0.219379
-0.182897
-0.178322
-0.18483
0.00181618
0.0415479
-0.0230134
-0.0290119
-0.0211576
-0.0258679
-0.0253636
-0.0138582
-0.0112706
-0.0319794
-0.0124768
-0.00335384
-0.0126341
-0.00495121
-0.00375329
-0.00878633
-0.000486813
-0.00196404
-0.00448307
0.00878866
0.0050195
0.00226437
0.000937759
-0.0159019
-0.0144406
0.0100172
-0.0186703
-0.00390601
0.0107042
0.00619899
-0.22329
-0.474403
-0.401716
-0.240236
-0.360518
-0.359995
0.153875
-0.348063
-0.293453
-0.300743
0.247003
-0.144844
-0.292855
-0.186544
-0.176136
-0.171838
-0.109676
-0.19328
-0.12079
-0.133728
0.164197
-0.0929881
-0.20564
-0.103684
-0.0261172
-0.104255
-0.0612545
-0.0798969
-0.0650315
-0.0795236
-0.376316
-0.0590077
0.162326
-0.408844
-0.300069
-0.378919
-0.307842
-0.273422
-0.249515
-0.25056
0.233885
-0.157254
-0.259835
-0.146241
-0.141097
-0.115627
-0.168305
-0.146275
-0.112815
-0.131565
0.26314
-0.124034
-0.27503
-0.268419
-0.21844
-0.209417
-0.184461
-0.201168
-0.171592
-0.175696
-0.0631562
0.145737
-0.0312916
-0.101111
-0.0930052
-0.0757248
-0.0594091
-0.063342
-0.052344
-0.0629879
-0.156421
0.00188947
-0.116888
-0.023826
-0.224483
-0.214736
-0.13297
-0.116331
-0.146191
-0.135667
0.0688741
-0.144378
-0.016514
-0.0790028
-0.0520557
-0.0742934
-0.0654223
-0.0509114
-0.0740488
-0.0643544
-0.058368
0.0107994
0.0285383
-0.0337675
-0.0593011
-0.0617089
-0.0535093
-0.0321314
-0.052687
-0.0300178
-0.0410874
0.0736921
-0.0262319
-0.0135356
-0.0132713
-0.0077222
-0.0374486
-0.0114839
-0.0133514
-0.0309565
-0.37392
-0.332498
-0.386357
-0.318884
-0.306987
-0.219175
0.289586
-0.338599
-0.285591
-0.277981
0.311537
-0.104961
-0.285168
-0.162978
-0.248578
-0.217685
-0.144497
-0.194058
-0.129325
-0.160671
-0.104535
0.185032
-0.120971
-0.155637
-0.144875
-0.123692
-0.0498047
-0.0550576
-0.0612137
-0.0686059
-0.111237
0.169368
-0.120401
-0.0829744
-0.134208
-0.132074
-0.152966
-0.131057
-0.138605
-0.127402
-0.361677
-0.302164
0.126002
-0.341648
-0.338756
-0.551463
-0.269685
-0.120922
-0.280229
-0.27122
-0.385607
-0.686195
-0.473993
-0.235785
-0.491377
-0.124449
-0.474158
-0.272866
-0.459981
-0.45258
-0.0392598
-0.0194441
0.0301
-0.0248147
-0.0320284
-0.0327514
-0.0315804
-0.0366977
-0.0311943
-0.0414708
-0.163225
-0.267985
-0.167884
-0.315005
-0.296958
0.100566
-0.302487
-0.230581
-0.237311
-0.250134
-0.112357
0.308371
-0.17137
-0.125395
-0.211664
-0.116923
-0.17787
-0.0815393
-0.124854
-0.121663
0.0163322
-0.199682
-0.00358729
-0.216469
-0.123428
-0.15278
-0.161284
-0.164417
-0.150328
-0.15263
0.00328955
-0.00802756
-0.00548237
-0.00316332
-0.000197834
-0.000679667
-0.014541
0.026054
0.00698634
-0.0140368
-0.283063
-0.25956
0.210712
-0.205547
-0.164314
-0.293458
-0.228087
-0.148115
-0.173185
-0.179657
-0.0792373
-0.170135
-0.150192
0.16158
-0.100207
-0.0552853
-0.0984185
-0.0946822
-0.0951053
-0.0967692
-0.364829
-0.205258
-0.300984
-0.30222
-0.284129
0.18951
-0.197293
-0.21047
-0.22645
-0.223529
-0.00847367
0.00410223
-0.0398168
-0.0167174
-0.0271598
-0.024829
-0.0205725
-0.0288531
-0.024164
-0.0362103
-0.380237
-0.478604
-0.32352
-0.469386
-0.109745
-0.438225
-0.418009
0.000766401
-0.407892
-0.405769
-0.0378201
0.0582275
-0.00891285
-0.0155838
-0.0261841
-0.0328405
-0.0438271
-0.0361332
-0.0335025
-0.0257203
-0.219379
-0.347867
-0.225487
-0.243817
-0.163531
0.199619
-0.155261
-0.165927
-0.186727
-0.179813
-0.228609
-0.186713
-0.131518
0.229217
-0.174649
-0.196289
-0.161934
-0.0907347
-0.117774
-0.125554
-0.197216
-0.129601
0.187461
-0.108508
-0.137703
-0.133232
-0.101477
-0.105715
-0.0915345
-0.0907358
0.0206711
-0.167984
0.0762056
-0.0742715
-0.0715943
-0.0981304
-0.0678143
-0.0769942
-0.0891547
-0.0954841
-0.0670581
-0.207007
0.101114
-0.261745
-0.139329
-0.192087
-0.194415
-0.225258
-0.165643
-0.183473
0.017746
0.00372986
-7.24848e-05
-0.00171912
-0.00182255
0.00105438
0.00354796
0.00550512
0.0102719
0.0136001
-0.14638
0.137873
-0.0637976
-0.123794
-0.0864468
-0.0740739
-0.10328
-0.0892889
-0.0887049
-0.0985361
-0.0273368
-0.246819
-0.0445347
-0.216393
-0.322096
-0.300264
-0.321965
-0.336166
-0.276463
-0.27253
-0.277692
-0.243781
-0.0936381
0.101104
-0.261379
-0.142496
-0.191651
-0.183187
-0.167658
-0.197394
-0.000117168
-0.0090612
0.0139644
-0.0052469
0.0132364
-0.00170887
0.000723189
-0.00935977
0.00489475
-0.00480436
-0.201227
-0.218843
-0.205418
-0.330854
-0.0754379
0.0285583
-0.222208
-0.185487
-0.226603
-0.213359
-0.0991583
0.255222
-0.153965
-0.111872
-0.179904
-0.0619128
-0.108463
-0.117851
-0.0849589
-0.112811
-0.227264
-0.254064
0.272926
-0.197562
-0.0961852
-0.276688
-0.161268
-0.23041
-0.176061
-0.16236
-0.249172
-0.170546
0.177457
-0.214725
-0.140447
-0.264729
-0.147819
-0.252122
-0.170419
-0.161
-0.0477926
0.0635019
-0.00336336
-0.0378851
-0.0348681
-0.0347394
-0.0216534
-0.0178331
-0.0184493
-0.0224676
-0.52761
-0.282408
-0.446251
-0.322805
0.193634
-0.388161
-0.3676
-0.399454
-0.362144
-0.363848
-0.32351
-0.13494
0.24123
-0.285193
-0.281913
-0.255142
-0.254751
-0.252097
-0.232892
-0.215811
-0.31562
-0.267588
-0.336994
-0.300219
-0.370007
-0.334396
0.286279
-0.320222
-0.28306
-0.280112
0.137655
-0.0827231
-0.178943
-0.0650732
-0.0473507
-0.0802573
-0.083165
-0.0750268
-0.0802667
-0.101785
-0.0570411
-0.159833
0.12043
-0.144041
-0.078149
-0.102385
-0.106625
-0.0964772
-0.112248
-0.105797
-0.0913413
-0.265129
-0.098708
0.0599246
-0.300166
-0.242753
-0.259872
-0.214815
-0.2504
-0.238999
-0.0651873
-0.115391
-0.116319
0.0927597
-0.156169
-0.0515582
-0.0924076
-0.0859538
-0.0968085
-0.0679364
-0.245415
-0.17907
0.12511
-0.191261
-0.253158
-0.273592
-0.20326
-0.205943
-0.207182
-0.218418
-0.00354209
0.0387734
-0.0291341
-0.0246625
-0.0321758
-0.0416046
-0.011604
-0.0171375
-0.0283503
-0.0151926
-0.0039776
0.00486459
0.00869249
-0.0111407
-0.0185996
0.00514794
0.0111848
0.00686151
-0.0301749
0.0122619
-0.0266958
-0.0210987
0.0248815
-0.00206157
0.00915336
0.0073515
-0.0189669
0.0107197
0.000679093
0.0193394
-0.189771
0.268101
-0.235641
-0.190577
-0.195225
-0.240197
-0.217167
-0.141758
-0.145097
-0.150083
-0.567281
-0.34442
-0.57705
-0.526388
-0.557591
-0.299345
-0.541536
0.0404024
-0.445779
-0.44118
-0.355164
-0.255882
-0.400302
-0.264622
0.303752
-0.286796
-0.188828
-0.254179
-0.231493
-0.239402
-0.147797
-0.11762
0.220181
-0.199516
-0.0938956
-0.103493
-0.118408
-0.086037
-0.109629
-0.107195
-0.370207
-0.374268
-0.277015
-0.401594
-0.215717
-0.404457
-0.372549
0.244845
-0.34071
-0.33716
-0.167304
-0.107878
-0.12315
0.124127
-0.0726445
-0.072898
-0.096442
-0.0764427
-0.0747673
-0.0721618
-0.397877
-0.266849
-0.350501
-0.273614
-0.321459
-0.287776
0.277247
-0.347665
-0.303441
-0.312616
-0.103118
0.204469
-0.118502
-0.0599236
-0.137966
-0.0579923
-0.090659
-0.0731181
-0.0806258
-0.0924623
-0.185808
-0.386497
-0.238535
-0.275706
-0.131668
0.0492113
-0.267515
-0.230407
-0.226106
-0.233268
-0.0696114
-0.0314483
0.067925
-0.0632073
-0.0576194
-0.0592023
-0.0476985
-0.0800376
-0.062712
-0.0661592
-0.00315091
0.0321571
-0.0416766
-0.0413832
-0.0212872
-0.0473637
-0.0340098
-0.0483333
-0.0394722
-0.0327273
-0.00461663
-0.391471
-0.383082
-0.28494
-0.259983
-0.326583
0.0226457
-0.309609
-0.323685
-0.315137
-0.103551
-0.267413
0.164318
-0.282327
-0.241633
-0.274269
-0.303565
-0.289852
-0.249007
-0.258454
-0.0279579
0.051429
-0.0090081
-0.0136835
0.00121593
-0.023046
-0.0147744
-0.0132433
0.00282499
-0.0216273
-0.137934
-0.18544
-0.246865
-0.317985
-0.196681
0.0175496
-0.256183
-0.200022
-0.200433
-0.187874
-0.145368
-0.504961
-0.442353
-0.232735
-0.453254
-0.442407
-0.044413
-0.502401
-0.442493
-0.437056
0.0415417
-0.0973475
-0.0560053
-0.0735406
-0.0916224
-0.0926879
-0.0911385
-0.0992125
-0.100667
-0.0971858
-0.123479
-0.43735
-0.309433
-0.314476
-0.400353
0.0096902
-0.330019
-0.2181
-0.281934
-0.299851
-0.0974688
-0.120225
0.0156745
-0.174347
-0.279143
-0.210735
-0.219378
-0.243589
-0.196005
-0.200367
-0.149155
-0.0259197
0.0524493
-0.10649
-0.0866992
-0.103689
-0.0821832
-0.0831673
-0.102525
-0.0972131
-0.191387
-0.387872
0.0610932
-0.353048
-0.348667
-0.400065
-0.379647
-0.345836
-0.330875
-0.327132
0.0707485
-0.309962
-0.417636
-0.32164
-0.262383
-0.371004
0.0859978
-0.394735
-0.288743
-0.295298
-0.0488311
0.000266644
0.0595821
-0.0378456
-0.040292
-0.0400453
-0.0393115
-0.0316688
-0.0284444
-0.0476791
-0.196967
-0.0556023
-0.0393822
0.0259418
-0.113902
-0.0680755
-0.0722209
-0.0725238
-0.0859989
-0.0838334
-0.0691991
0.232767
-0.300351
-0.172047
-0.216905
-0.247861
-0.253985
-0.181091
-0.191475
-0.200509
0.295335
-0.109843
-0.287454
-0.0789875
-0.175833
-0.242502
-0.183944
-0.207121
-0.147431
-0.133461
0.0276953
-0.0345735
-0.0766725
0.00964406
-0.042327
-0.025307
-0.0239126
-0.0356038
0.00141226
-0.0199163
-0.248064
-0.250179
-0.0811415
0.134979
-0.258022
-0.309095
-0.248819
-0.166724
-0.193365
-0.190394
-0.0997686
0.0101425
0.0114158
-0.095998
-0.0887239
-0.106949
-0.0770244
-0.0936701
-0.0728528
-0.0968247
-0.192277
0.23967
-0.156401
-0.186249
-0.15029
-0.191785
-0.199794
-0.145335
-0.171356
-0.17007
0.225031
-0.0903088
-0.172155
-0.120338
-0.129428
-0.0661156
-0.0924562
-0.109541
-0.0892265
-0.0839638
-0.29352
-0.175745
-0.377041
-0.101059
-0.298318
0.0875506
-0.230338
-0.204178
-0.204938
-0.212504
-0.0213798
-0.0147548
-0.016696
0.0251827
-0.00569456
-0.0314269
-0.026497
-0.013886
-0.0236206
-0.0185056
-0.133909
-0.142293
-0.139694
0.108597
-0.0491217
-0.0398921
-0.0817075
0.00562415
-0.0530491
-0.0648274
-0.0710941
-0.00856553
0.014649
-0.0323025
-0.0500524
-0.038259
-0.0619001
-0.0435712
-0.0231895
-0.049696
0.0480413
-0.329652
-0.213402
-0.0334827
-0.235716
-0.232169
-0.229358
-0.240886
-0.22044
-0.238324
-0.0772608
0.151467
-0.107489
-0.037737
-0.0531046
-0.0511477
-0.0550676
-0.0558977
-0.0447885
-0.047041
-0.161389
-0.0767665
0.0930392
-0.131007
-0.0977249
-0.106264
-0.10703
-0.0923392
-0.109594
-0.095864
-0.0852547
0.136472
-0.116573
-0.189751
-0.145634
-0.154077
-0.0960753
-0.0657911
-0.0907822
-0.0830096
0.012716
-0.337198
-0.294329
-0.0364802
-0.303767
-0.197107
-0.204564
-0.279722
-0.270567
-0.269596
-0.152166
-0.125879
-0.061028
-0.131253
-0.134651
-0.131104
-0.124997
0.0661558
-0.142392
-0.159455
-0.0893511
0.0142769
0.0237555
-0.0330653
-0.0642359
-0.069694
-0.0775688
-0.0590884
-0.0483212
-0.0725628
0.15337
-0.141588
-0.117503
-0.109993
-0.127482
-0.0890722
-0.0393723
-0.122769
-0.0990629
-0.0844722
-0.0665283
-0.186416
0.13994
-0.124581
-0.0578116
-0.122233
-0.112221
-0.087779
-0.113764
-0.103711
0.00686879
-0.00451142
0.00495634
-0.00298498
-0.00597634
0.00253716
-0.00269429
-0.00177298
0.00974926
-0.0112606
-0.260808
-0.578323
-0.349493
-0.673994
-0.510754
-0.640969
-0.567474
-0.0560717
-0.590224
-0.582352
-0.141754
-0.0217855
-0.181365
-0.162825
-0.178323
-0.000407946
-0.136215
-0.14749
-0.126351
-0.136623
-0.295608
-0.235515
0.26581
-0.155941
-0.192807
-0.255624
-0.251244
-0.278544
-0.185645
-0.181854
0.00893643
0.0297559
-0.0387488
-0.0249354
-0.0344532
-0.00612343
-0.0124877
-0.0160829
-0.0227028
-0.0068707
-0.207006
-0.508043
-0.155651
-0.578765
-0.510495
-0.536452
-0.608703
-0.535482
-0.575467
-0.558975
-0.00233459
-0.00084003
-0.00521257
0.00620095
-0.00625098
0.00197864
0.00495974
-0.0139386
0.0203096
-0.00463697
-0.0707528
0.0216714
0.00228187
-0.0326045
-0.0166314
-0.0425714
-0.0393149
-0.0500429
-0.0473743
-0.0488293
-0.154676
0.223946
-0.146611
-0.158578
-0.115539
-0.0858938
-0.111545
-0.0762509
-0.11509
-0.113468
-0.0131112
0.00619375
0.00717032
-0.0105473
0.0040757
-0.00190429
-0.00800828
0.00380626
0.00607326
0.0168951
-0.0268721
0.0153389
0.0128723
-0.0355298
-0.0562194
-0.0553575
-0.0563598
-0.0468371
-0.0468465
-0.0469063
0.00556576
0.0209508
-0.0133008
-0.0154673
-0.0113602
-0.0219387
-0.0221402
-0.0179938
-0.0231552
-0.0182975
0.0118292
-0.010546
-0.018508
0.00482079
3.99864e-05
-0.00268653
-0.00519158
0.00042108
-0.0253101
-0.00919585
-0.221418
-0.255385
-0.0314845
0.015634
-0.215735
-0.185293
-0.22103
-0.205297
-0.21197
-0.210672
-0.0496506
-0.0948998
0.0331771
-0.176253
-0.132655
-0.146392
-0.186709
-0.159101
-0.146694
-0.161945
-0.246626
-0.488563
-0.335556
-0.404991
-0.304072
0.128258
-0.275987
-0.30787
-0.356643
-0.340347
-0.211858
-0.21472
-0.124018
0.146227
-0.181746
-0.209589
-0.229579
-0.121795
-0.146113
-0.138106
-0.191981
-0.181383
0.21058
-0.183869
-0.0870772
-0.118417
-0.132192
-0.109206
-0.134084
-0.126977
-0.159433
-0.219032
-0.205655
0.190812
-0.219849
-0.263318
-0.223333
-0.170405
-0.166188
-0.169202
0.229491
-0.103402
-0.212087
-0.154283
-0.152213
-0.104471
-0.162408
-0.170599
-0.103726
-0.105599
-0.122775
0.125967
-0.0635864
-0.126948
-0.148367
-0.190631
-0.0872938
-0.0734097
-0.0678054
-0.071177
-0.140516
-0.18128
-0.177661
0.15087
-0.192626
-0.0841716
-0.160137
-0.116868
-0.130963
-0.129426
-0.198706
-0.316708
-0.340058
-0.159877
0.294514
-0.0947881
-0.183726
-0.143394
-0.135541
-0.145846
-0.15283
-0.138294
0.1882
-0.214112
-0.0524864
-0.157929
-0.12573
-0.123772
-0.112926
-0.130286
-0.113486
-0.142202
0.138655
-0.11555
-0.0878748
-0.0829554
-0.0878205
-0.0740716
-0.0934197
-0.0874977
-0.617619
-0.644548
-0.54594
-0.264694
-0.382141
-0.217036
-0.442625
-0.212328
-0.48382
-0.47985
-0.0452154
-0.126696
0.0586597
-0.192201
-0.0854193
-0.12014
-0.104013
-0.111891
-0.117689
-0.123279
-0.181365
0.33307
-0.218645
-0.175598
-0.21602
-0.148324
-0.175554
-0.0883216
-0.138672
-0.148224
-0.156556
-0.211498
0.22466
-0.155336
-0.113006
-0.127036
-0.115427
-0.140304
-0.129208
-0.13871
-0.0971056
-0.00348764
0.0128331
-0.0491306
-0.0657369
-0.0691532
-0.0563567
-0.0662472
-0.0695776
-0.0585028
-0.0209461
-0.147258
-0.0364985
-0.141564
-0.132916
-0.160933
-0.125744
-0.119795
-0.142266
-0.128813
-0.50174
-0.364469
-0.333943
-0.199508
-0.378572
-0.187602
-0.539926
-0.328025
-0.404223
-0.398437
-0.0864568
-0.283404
-0.148486
0.0558409
-0.203425
-0.250148
-0.206927
-0.197779
-0.201979
-0.204169
-0.28569
-0.262164
-0.0783633
0.130729
-0.241959
-0.241812
-0.225224
-0.189016
-0.179982
-0.200884
-0.181544
-0.170273
-0.203471
0.168064
-0.126695
-0.0791058
-0.143908
-0.0877103
-0.0752085
-0.0981718
-0.0471105
0.00672517
0.013114
-0.0326484
-0.0285734
-0.0221438
-0.0207286
-0.028866
-0.0456287
-0.0460942
0.0810493
-0.0488357
-0.0683634
-0.143354
-0.0159074
-0.0538427
-0.0392887
-0.059935
-0.0323233
-0.0545229
0.16198
-0.0992104
-0.13204
-0.0874649
-0.0656448
-0.0849498
-0.0985017
-0.105205
-0.0922872
-0.0970714
-0.13237
-0.134046
-0.145838
0.190225
-0.196677
-0.122205
-0.1385
-0.0871739
-0.091624
-0.0731109
-0.0803101
-0.00742771
0.028244
-0.0593842
-0.0365217
-0.0330956
-0.0628764
-0.0446037
-0.0592919
-0.0422
-0.429094
-0.274577
-0.409779
-0.274496
0.251912
-0.362144
-0.340904
-0.383034
-0.340076
-0.316314
-0.0350751
0.00623542
0.028032
-0.0329936
-0.0242771
-0.0197921
-0.0266226
-0.0264332
-0.0196568
-0.00649865
-0.0547549
-0.0187367
0.0418652
-0.0306285
-0.0417372
-0.0372098
-0.0409019
-0.0415165
-0.0331799
-0.0552249
-0.0341266
0.010418
0.0127037
-0.0135917
-0.00222112
0.00485752
-0.0271099
-0.0103703
-0.00825814
-0.0144228
-0.0306969
0.125023
-0.0837719
-0.0538725
-0.0765832
-0.0372666
-0.0498419
-0.0322541
-0.0280836
-0.0130489
-0.0413123
0.0785878
-0.033138
-0.045017
-0.0255834
-0.0266112
-0.0456745
-0.0380183
-0.0583188
-0.0393274
-0.0499165
0.0443203
-0.0227843
-0.01775
-0.0254679
-0.0185851
-0.0218988
-0.0212515
-0.0179555
-0.0225931
-0.128959
0.229377
-0.0954255
-0.0587194
-0.105216
-0.081622
-0.0774406
-0.0757014
-0.0672529
-0.0776701
-0.434724
-0.339027
-0.255968
-0.400303
-0.282965
-0.366481
0.191743
-0.33384
-0.31701
-0.316896
-0.094657
-0.323875
-0.151422
0.133965
-0.32107
-0.333678
-0.307462
-0.240398
-0.275974
-0.280721
-0.0576879
0.256035
-0.183031
-0.0497117
-0.156682
-0.0841735
-0.12394
-0.106021
-0.106789
-0.103848
-0.325251
-0.372047
-0.224291
-0.383467
-0.247937
-0.366608
-0.278274
0.240476
-0.317747
-0.327055
-0.104525
-0.193636
0.140636
-0.124787
-0.105275
-0.136731
-0.130862
-0.115382
-0.12392
-0.134947
-0.0762315
0.107453
-0.070219
-0.033367
-0.0561043
-0.0549025
-0.0529538
-0.0577276
-0.0595937
-0.0585497
-0.0561757
0.14454
-0.0535153
-0.107337
-0.108228
-0.0971732
-0.0686611
-0.0337544
-0.0480064
-0.0475491
-0.198195
-0.121594
-0.0649597
0.110494
-0.0617793
-0.0741013
-0.0810656
-0.0751337
-0.0913701
-0.089382
0.0106636
-0.160536
-0.0136163
-0.22792
-0.292717
-0.2394
-0.191676
-0.267946
-0.211775
-0.211402
0.00928238
-0.00289126
0.0106105
-0.0140147
-0.0044732
0.0076903
0.00103584
0.00527877
-0.00285484
-0.000569478
0.150431
-0.0592448
-0.134657
-0.0962505
-0.0467787
-0.0585723
-0.0383526
-0.0476485
-0.0274395
-0.0638805
-0.0939286
0.16814
-0.136937
-0.0191324
-0.0652165
-0.0542314
-0.0796703
-0.0629633
-0.0675202
-0.0862873
0.212846
-0.211263
-0.295793
-0.272145
-0.264903
-0.157934
-0.00664237
-0.152094
-0.147807
-0.130719
0.0889862
-0.118616
-0.135629
-0.0774358
-0.0667126
-0.00212379
-0.0875418
-0.073622
-0.0842043
-0.0829602
-0.0298745
0.0731773
-0.0141964
-0.0158062
-0.0342821
-0.0146987
-0.0127092
-0.0138803
-0.025905
-0.0161066
0.273529
-0.192297
-0.185667
-0.287991
-0.215633
-0.237653
-0.170159
-0.241759
-0.150446
-0.164793
-0.344199
-0.101703
-0.358586
-0.241986
0.146
-0.277564
-0.298618
-0.291821
-0.246304
-0.25005
0.245006
-0.0935136
-0.216465
-0.179164
-0.148797
-0.150195
-0.120248
-0.0779046
-0.104727
-0.100159
-0.061163
0.0011947
0.0224271
-0.0596294
-0.0496577
-0.0362717
-0.053586
-0.0496292
-0.0363809
-0.050852
-0.0618152
0.0256485
8.60816e-05
-0.0157132
-0.0188388
-0.00720162
-0.0267824
-0.0168539
-0.0336349
0.00638722
-0.0627731
0.048919
-0.0680253
-0.100114
-0.124484
-0.0579673
-0.0791169
-0.0469703
-0.056052
-0.0701292
-0.190858
-0.35554
-0.150139
-0.327424
-0.2352
-0.00945139
-0.319567
-0.300943
-0.294491
-0.300397
0.0206998
-0.00393553
0.00699083
-0.0159147
-0.0179383
-0.017804
-0.0116025
-0.0193404
-0.0407277
-0.00834593
-0.378575
-0.438616
-0.431395
-0.0606513
-0.326974
0.0247045
-0.374634
-0.107522
-0.286525
-0.270325
-0.222514
-0.0589261
0.115797
-0.115398
-0.112053
-0.110439
-0.137078
-0.133917
-0.114901
-0.125407
0.113898
-0.048034
-0.0961232
-0.145113
-0.0508026
-0.0587961
-0.0551371
-0.0678021
-0.0482458
-0.065823
-0.417598
-0.424627
-0.489547
-0.436864
-0.0898815
-0.468399
0.0809571
-0.404868
-0.343447
-0.346713
-0.142266
-0.110361
-0.221441
0.207276
-0.181323
-0.0464528
-0.110752
-0.10385
-0.0773858
-0.0834655
-0.361845
-0.27031
0.269638
-0.176504
-0.142357
-0.30143
-0.204408
-0.206222
-0.194714
-0.200484
-0.180813
0.02772
-0.295688
-0.0594655
-0.232811
-0.259403
-0.254532
-0.136769
-0.232363
-0.224841
-0.0327227
-0.00450321
0.0253447
-0.00979142
-0.000714484
-0.0266209
-0.0453697
-0.0303838
-0.0186658
-0.0316102
-0.116436
0.197901
-0.15011
-0.149863
-0.0485916
-0.111587
-0.149967
-0.091062
-0.110968
-0.120817
0.322937
-0.16988
-0.205819
-0.203061
-0.145924
-0.131914
-0.163581
-0.217811
-0.10983
-0.136342
-0.0939027
0.00532654
0.0279603
-0.0678805
-0.0613933
-0.0878359
-0.0633536
-0.0702286
-0.0630184
-0.0532691
-0.0948788
-0.109015
0.047835
-0.103934
-0.144713
-0.133749
-0.141735
-0.125431
-0.130202
-0.115675
-0.129333
0.229685
-0.213447
-0.145161
-0.18195
-0.113956
-0.143056
-0.0232866
-0.107564
-0.109339
-0.0943239
-0.0187201
0.0636853
-0.052794
-0.0583787
-0.0806267
-0.0721349
-0.0616664
-0.0569617
-0.0599612
-0.0604227
-0.00778255
0.0118405
-0.0250829
-0.0336709
-0.033867
-0.0310265
-0.0459643
-0.00365185
-0.0340877
-0.571895
-0.292699
-0.584048
-0.393328
-0.545996
-0.222881
0.0886842
-0.538572
-0.505206
-0.497812
-0.028803
0.0561218
-0.0328914
-0.00819709
-0.0354484
-0.0169826
-0.0318059
-0.0375861
-0.0248985
-0.0471387
0.00133985
-0.00185672
-0.00630639
-0.00635466
-0.00925584
0.00464064
-0.00884231
0.00973189
0.00781679
0.0156861
-0.0700748
0.104238
-0.0187164
-0.0640959
-0.0694985
-0.0511769
-0.0100248
-0.0212867
-0.0362929
-0.0460116
-0.0841133
0.0181417
0.0365882
-0.0872309
-0.0768119
-0.0876909
-0.109916
-0.0905944
-0.101104
-0.0850684
-0.132177
0.280331
-0.161919
-0.215419
-0.159192
-0.144946
-0.184829
-0.071302
-0.0992656
-0.109269
0.285457
-0.0877291
-0.254415
-0.168308
-0.158834
-0.105537
-0.119644
-0.173005
-0.0886988
-0.0804448
-0.120071
0.141634
-0.116365
-0.0629522
-0.100792
-0.0789789
-0.0979724
-0.0721663
-0.0698273
-0.105358
-0.00021792
0.137593
-0.0516791
-0.089805
-0.135677
-0.0409844
-0.049447
-0.0440136
-0.0391666
-0.0379148
0.00845314
0.025364
-0.00556875
0.00586047
0.00195925
0.00123461
-0.00135677
-0.000980273
-0.0184536
-0.00408222
-0.127799
0.199738
-0.0958826
-0.0596618
-0.114703
-0.0931193
-0.110579
-0.0918052
-0.113707
-0.113981
-0.0453643
0.0859637
-0.0798526
-0.0540488
-0.0630942
-0.0501825
-0.0453236
-0.0589148
-0.0502897
-0.0382173
-0.0897915
0.0855183
-0.0188381
-0.012428
-0.00904192
-0.0185953
-0.0159377
-0.0184022
-0.037015
-0.00546509
-0.430345
-0.136239
-0.432435
-0.190216
-0.435513
-0.289837
-0.418124
-0.0158009
-0.316913
-0.316005
-0.152964
-0.116536
0.155724
-0.243717
-0.0627868
-0.213834
-0.12899
-0.105417
-0.122332
-0.105747
-0.0305287
0.0693668
-0.051906
-0.0180555
-0.0353065
-0.035047
-0.0296602
-0.0447777
-0.0394772
-0.0317785
-0.473214
-0.233739
-0.0775285
-0.290294
-0.227674
-0.446232
-0.118413
-0.362388
-0.329386
-0.313762
-0.205784
-0.396038
-0.259537
-0.323389
-0.161721
0.142128
-0.195497
-0.228244
-0.23982
-0.244432
-0.271572
-0.222165
-0.290152
-0.181194
0.323977
-0.234978
-0.18221
-0.243214
-0.163088
-0.182354
-0.140679
0.0241109
0.00465565
-0.102229
-0.116798
-0.0960167
-0.119002
-0.115215
-0.0936922
-0.125108
-0.151057
-0.335006
0.109541
-0.282581
-0.12411
-0.284383
-0.225061
-0.226227
-0.227077
-0.225013
0.00948613
0.0140145
-0.0192371
-0.0163204
-0.0210701
-0.0042833
-0.00722336
-0.0162588
-0.00490934
0.00767364
-0.267718
-0.160924
0.218982
-0.186656
-0.269819
-0.229865
-0.210904
-0.228256
-0.161467
-0.163269
-0.206251
-0.349638
0.252308
-0.182918
-0.251849
-0.267273
-0.250851
-0.289169
-0.20662
-0.21875
-0.346559
-0.269041
0.304586
-0.280655
-0.19321
-0.227247
-0.159207
-0.202269
-0.192399
-0.172045
-0.0671905
0.116621
-0.0597856
-0.0936391
-0.101897
-0.0887101
-0.0635804
-0.0689559
-0.0628837
-0.0406323
-0.153895
-0.0948547
-0.16858
0.180322
-0.111327
-0.0905845
-0.0783445
-0.0712625
-0.0607865
-0.0760635
-0.147893
-0.0631969
0.059823
-0.096767
-0.0424741
-0.149157
-0.146958
-0.113405
-0.108222
-0.114722
0.0773578
-0.00755231
-0.120802
-0.0933891
-0.0129783
-0.027543
-0.0414131
-0.0186564
-0.0140957
-0.0428499
-0.369774
-0.439669
-0.564449
-0.396604
-0.425581
-0.276831
0.160357
-0.438692
-0.394286
-0.400083
-0.117801
-0.0303846
0.0497639
-0.106953
-0.105113
-0.113097
-0.101517
-0.102277
-0.119647
-0.110645
-0.235343
-0.348632
-0.405538
-0.465086
0.230502
-0.305019
-0.258609
-0.384186
-0.28124
-0.271611
-0.323285
-0.388684
-0.0866192
-0.404899
-0.31306
-0.364485
-0.371105
0.137116
-0.331909
-0.327458
-0.0221231
-0.0306569
0.0360697
-0.0298262
-0.0446773
-0.042271
-0.0493877
-0.0287394
-0.0477962
-0.0419018
0.0939905
-0.233814
-0.262807
-0.158198
0.0113473
-0.156382
-0.0868742
-0.0822046
-0.116095
-0.115799
-0.453844
-0.0975984
-0.0155611
-0.297104
-0.332701
-0.400916
-0.368142
-0.252217
-0.320047
-0.317527
-0.45097
-0.393848
-0.434037
-0.130855
-0.517291
-0.0625277
-0.425662
-0.213808
-0.361677
-0.353775
0.0105774
0.0217216
-0.0338068
-0.0316999
-0.00158745
-0.0210539
-0.0130703
-0.0275092
-0.0300519
-0.0275591
-0.106264
-0.197889
-0.139389
0.110627
-0.194165
-0.149395
-0.159411
-0.184977
-0.168776
-0.178718
-0.0526393
0.241295
-0.138926
-0.0904496
-0.0928476
-0.0466424
-0.033658
-0.0385059
-0.0381245
-0.0453829
-0.0072029
0.0237743
0.0016404
0.00766352
-0.0128786
-0.0147282
0.0071247
-0.00269679
-0.00350238
-0.012774
-0.281634
-0.251707
-0.162461
0.00290045
-0.145928
-0.328302
-0.30228
-0.22248
-0.234544
-0.251803
0.0320569
-0.12658
0.0732668
-0.0523035
-0.0586995
-0.0524058
-0.0540142
-0.0649274
-0.0670263
-0.0731619
-0.113364
0.205797
-0.123628
-0.0357862
-0.152967
-0.0587748
-0.0742384
-0.0661223
-0.0792208
-0.0524218
0.106326
-0.0649427
-0.161642
-0.153283
-0.0827462
-0.147666
-0.126544
-0.161941
-0.118951
-0.137422
-0.375598
-0.215819
-0.187886
-0.296237
0.224836
-0.31882
-0.211593
-0.280133
-0.237622
-0.237607
-0.366861
-0.391894
-0.260346
-0.373233
-0.164155
-0.357117
-0.351562
0.209611
-0.329367
-0.321664
-0.24898
-0.171744
0.218357
-0.188934
-0.119545
-0.145098
-0.145165
-0.139298
-0.156829
-0.151624
-0.40048
-0.284392
-0.373732
-0.315786
-0.357003
-0.321909
0.241779
-0.377942
-0.33359
-0.329651
0.0642961
-0.117615
-0.250468
-0.231718
-0.178373
-0.104328
-0.0118732
-0.0808095
-0.120452
-0.12714
0.15939
-0.0927858
-0.137772
-0.0991058
-0.116052
-0.113822
-0.0983761
-0.0774558
-0.0977799
-0.101664
0.292282
-0.190289
-0.293914
-0.311704
-0.194947
-0.164661
-0.21132
-0.145045
-0.155167
-0.160008
-0.174211
-0.186069
-0.138185
0.0974042
-0.14476
-0.0798668
-0.17014
-0.128909
-0.116895
-0.122381
-0.300203
-0.306879
-0.462452
-0.273178
0.185038
-0.23071
-0.324161
-0.350712
-0.27847
-0.289306
-0.0652815
-0.0111957
0.0197039
-0.0266944
-0.0324596
-0.0361888
-0.0384473
-0.0303145
-0.0411895
-0.0401947
-0.149988
-0.173599
-0.212812
0.188667
-0.0972376
-0.0376598
-0.157045
-0.0892743
-0.0759288
-0.0935856
-0.296849
-0.167086
-0.300388
-0.287936
-0.304063
-0.332057
0.204534
-0.322287
-0.264782
-0.266515
-0.0995231
0.0641699
-0.0551037
-0.121023
-0.0943834
-0.0987611
-0.108772
-0.0979555
-0.122459
-0.104295
-0.0483754
4.01518e-05
0.0249049
-0.046217
-0.0215966
-0.0113082
-0.00977539
-0.0193391
-0.0234114
-0.0335462
-0.132195
-0.0208165
0.0849928
-0.0764867
-0.0711319
-0.063713
-0.0999052
-0.0897488
-0.093028
-0.0819352
-0.0696578
-0.327411
-0.228352
0.200141
-0.253784
-0.321438
-0.259685
-0.175362
-0.21505
-0.226209
-0.0099206
0.0019034
-0.00514698
0.00411759
-0.00312815
0.00789433
0.0138635
-0.00747143
0.0159605
-0.00788711
0.207257
-0.149177
-0.246307
-0.171956
-0.129422
-0.124988
-0.124987
-0.121275
-0.12022
-0.108523
0.0683598
-0.0671456
-0.43275
-0.156426
-0.308794
-0.301199
-0.246273
-0.228081
-0.239654
-0.257454
-0.135634
-0.0642414
0.0646252
-0.0420314
-0.118572
-0.106264
-0.0939744
-0.0952545
-0.106008
-0.10086
-0.0468015
0.0503457
-0.0155983
-0.0143288
-0.014824
-0.00272237
-0.00837659
-0.00972216
-0.00344062
0.00761394
-0.22288
-0.0981801
0.173313
-0.197607
-0.110203
-0.167713
-0.180737
-0.167397
-0.150634
-0.146494
-0.358963
-0.310663
-0.0864187
0.0541097
-0.304352
-0.277377
-0.326498
-0.28647
-0.273342
-0.256675
-0.0280358
0.0180086
0.00178473
0.0193731
-0.0163134
-0.00778134
-0.00806798
-0.0142554
-0.00564394
-0.0121598
-0.0339944
0.00539082
0.0182069
-0.0404423
-0.0267774
-0.0289347
-0.035769
-0.0309543
-0.0421271
-0.0323229
-0.13056
0.176652
-0.180318
-0.0564478
-0.153334
-0.101045
-0.121629
-0.122407
-0.125064
-0.126464
0.205718
-0.107354
-0.21492
-0.158308
-0.0590183
-0.0751395
-0.0627586
-0.0522041
-0.09224
-0.0737532
0.283911
-0.118818
-0.237093
-0.207977
-0.147356
-0.154816
-0.188195
-0.118344
-0.125425
-0.11546
-0.78692
-0.496412
-0.668325
-0.46398
-0.527102
-0.421328
-0.666453
-0.0196658
-0.552115
-0.559072
-0.129709
0.335235
-0.124333
-0.113097
-0.126721
-0.156483
-0.148391
-0.0735192
-0.0872983
-0.0779413
-0.092198
0.0902374
-0.194322
-0.291014
-0.213895
-0.121775
-0.16509
-0.199119
-0.1787
-0.202018
0.0448474
-0.218537
-0.334459
-0.329913
-0.211636
-0.0571046
-0.202009
-0.229676
-0.234175
-0.241192
0.239211
-0.0930414
-0.254517
-0.11273
-0.0921504
-0.110996
-0.0903457
-0.108045
-0.0920051
-0.0926697
-0.273682
-0.226822
-0.170096
-0.0208312
-0.386233
-0.228432
-0.260737
-0.00959476
-0.224086
-0.211706
-0.0999136
-0.0109236
0.0402041
-0.0350241
-0.0593084
-0.0407706
-0.0475645
-0.0288168
-0.037978
-0.023601
-0.0361237
0.0178788
-0.0199232
0.0138968
-0.00818336
-0.0109683
-0.0125468
0.0289439
0.000625409
0.00264295
-0.0512282
-0.179849
0.168901
-0.103081
-0.095918
-0.102119
-0.164898
-0.116115
-0.104255
-0.111799
-0.278972
0.135218
-0.0945053
-0.351437
-0.283225
-0.330518
-0.332525
-0.253296
-0.273777
-0.28227
-0.0545376
0.0837834
-0.0409439
-0.0046625
-0.0163037
-0.0109224
-0.0197094
-0.00245077
-0.00861919
-0.0143323
-0.508224
-0.431906
-0.310697
-0.289583
-0.356143
-0.415825
-0.466983
0.223483
-0.339132
-0.336369
0.289558
-0.105809
-0.23026
-0.170761
-0.220785
-0.0977608
-0.196059
-0.270952
-0.144564
-0.13398
-0.459114
-0.723061
-0.32712
-0.682923
-0.375368
-0.629056
-0.275114
-0.167965
-0.685835
-0.689514
-0.249119
-0.188401
-0.0876587
0.161977
-0.211788
-0.0907274
-0.106983
-0.123943
-0.112405
-0.125569
-0.00734264
-0.0979196
0.072514
-0.0748293
-0.0746042
-0.118485
-0.0932574
-0.0791458
-0.0803391
-0.0764173
0.00137159
0.00766162
-0.00245747
-0.00244259
0.0155451
0.000348496
-0.0160805
-0.00487116
0.0104001
-0.00367376
-0.173557
-0.213502
-0.154675
0.186883
-0.1452
-0.153808
-0.143521
-0.0944936
-0.108274
-0.11462
-0.0352835
0.173295
-0.12499
-0.0953917
-0.11653
-0.112643
-0.0769784
-0.0880223
-0.0842439
-0.0803939
0.0701335
-0.0600987
-0.0261111
-0.0752861
-0.0122411
-0.0190839
-0.00859776
-0.00338158
-0.0201906
-0.00319078
-0.0197914
0.0140687
0.0117715
-0.00994468
-0.00724345
-0.0124432
-0.000628022
-0.0104037
0.0020016
0.000770282
0.0404825
-0.177865
0.00676943
-0.184327
-0.102727
-0.13482
-0.138184
-0.13605
-0.120947
-0.113987
-0.102836
0.221712
-0.166719
-0.119652
-0.136745
-0.130933
-0.174352
-0.0988878
-0.119912
-0.123553
-0.167107
-0.198882
-0.140919
0.153738
-0.147186
-0.0273363
-0.137135
-0.0822934
-0.0991226
-0.0938214
0.201453
-0.173265
-0.325735
-0.246017
-0.185856
-0.1612
-0.173864
-0.237002
-0.175026
-0.162104
-0.0790137
0.0473121
-0.106721
-0.0760582
-0.125988
-0.0644874
-0.0621046
-0.0423617
-0.0518816
-0.0615979
0.175122
-0.0988165
-0.159307
-0.0579108
-0.0642713
-0.0703144
-0.055824
-0.0674201
-0.0675617
-0.057112
-0.179285
-0.451404
-0.393731
-0.548538
-0.0013307
-0.431879
-0.482243
-0.442235
-0.443328
-0.450912
-0.303128
-0.166702
0.211902
-0.254558
-0.186686
-0.226874
-0.187054
-0.151735
-0.19675
-0.192116
-0.323767
-0.223844
-0.293273
-0.210097
0.345469
-0.235951
-0.201628
-0.242381
-0.168777
-0.18614
-0.537665
-0.223788
-0.423564
-0.355197
0.0303883
-0.361406
-0.36024
-0.360787
-0.370632
-0.377332
-0.285067
0.0226715
-0.439873
-0.254525
-0.370335
-0.207052
-0.275847
0.229758
-0.184817
-0.192999
0.289049
-0.227183
-0.242797
-0.210456
-0.157659
-0.209131
-0.203429
-0.243505
-0.151217
-0.144387
0.00257142
0.0375006
-0.0185817
-0.00672924
-0.0194957
-0.0170057
-0.0154648
-0.014888
-0.0178324
-0.00405477
-0.262383
-0.211797
0.278068
-0.110931
-0.243758
-0.234159
-0.288124
-0.251014
-0.169226
-0.175769
-0.185169
-0.0740289
0.089118
-0.21517
-0.103325
-0.219391
-0.156719
-0.153694
-0.157929
-0.146217
-0.0542891
0.107452
-0.096899
-0.102653
-0.123403
-0.153224
-0.143955
-0.0810403
-0.0887463
-0.0935525
-0.448143
-0.241998
-0.328051
-0.323733
0.107025
-0.310009
-0.278027
-0.371933
-0.322923
-0.317103
-0.11104
-0.0679111
0.031157
-0.0314151
-0.071279
-0.104935
-0.10125
-0.0847013
-0.0900714
-0.087367
-0.0321621
-0.0211339
0.0385181
-0.0405512
-0.0308657
-0.0413402
-0.0379871
-0.0515134
-0.039306
-0.0402911
-0.333522
-0.172232
-0.284598
-0.144839
-0.303667
-0.428575
-0.365523
-0.322967
-0.342648
-0.349116
0.0832123
-0.102151
-0.167412
-0.0894023
-0.00712533
-0.040187
-0.0562144
-0.0642887
-0.0483909
-0.0579026
-0.318216
-0.344383
0.148293
-0.261001
-0.361888
-0.394095
-0.343863
-0.355347
-0.322889
-0.335799
-0.149831
-0.180183
-0.15853
0.205745
-0.163073
-0.0684643
-0.0971766
-0.0816099
-0.0816079
-0.0747975
-0.0381336
0.0391948
-0.00240205
-0.00190548
-0.0141033
0.00900248
0.0178415
-0.00130345
0.00502663
0.0011384
-0.0336009
0.026498
-0.0221454
-0.0235009
-0.00793492
-0.0206517
-0.0275936
-0.020134
-0.0213084
-0.0143711
-0.178242
-0.411548
-0.346959
-0.38
0.108054
-0.0493528
-0.256506
-0.311729
-0.253266
-0.236592
-0.387562
-0.42699
-0.420223
-0.187313
-0.327592
-0.417482
-0.48572
0.163731
-0.305843
-0.315965
-0.183765
-0.202654
-0.159832
0.180635
-0.169348
-0.0409347
-0.128478
-0.0992642
-0.132117
-0.104663
-0.147523
0.158766
-0.146259
-0.0441245
-0.136359
-0.146633
-0.132705
-0.119073
-0.122656
-0.11492
0.0490609
-0.167427
-0.0316234
-0.214686
-0.118124
-0.170199
-0.176466
-0.149926
-0.157783
-0.151509
-0.303679
-0.193784
-0.349684
-0.216556
0.233195
-0.268438
-0.217262
-0.225372
-0.216135
-0.206567
-0.0275446
0.0469803
-0.00828584
-0.00743316
-0.0317323
-0.0124347
-0.0120434
-0.01409
-0.0159764
-0.0217045
-0.0622363
-0.00997751
0.0415008
-0.0233358
-0.0395436
-0.0459862
-0.0277906
-0.0189927
-0.0448659
-0.0207849
-0.153343
0.278238
-0.1342
-0.176663
-0.144609
-0.168821
-0.103519
-0.117659
-0.125248
-0.118945
0.187412
-0.0828485
-0.252234
-0.186345
-0.0997505
-0.120408
-0.154126
-0.156267
-0.095795
-0.109271
-0.0106099
0.056493
-0.0283171
-0.0366498
-0.0404017
-0.0467344
-0.0372554
-0.0151464
-0.0182708
-0.04367
-0.00622004
0.00388208
0.0206473
0.0056539
-0.014286
-0.0204678
-0.0185172
0.0119223
-0.00978975
-0.0130124
-0.190941
-0.182581
-0.0852232
0.0811565
-0.177867
-0.0668067
-0.118556
-0.112235
-0.116173
-0.117801
-0.113706
-0.00693709
0.0199016
-0.0808863
-0.0690106
-0.085718
-0.0766861
-0.0605023
-0.0650173
-0.0670582
0.0189596
-0.184857
-0.106498
-0.112481
-0.265058
-0.150131
-0.0234032
-0.282312
-0.150648
-0.153181
-0.0971422
0.20097
-0.0607678
-0.044281
-0.125742
-0.0187745
-0.0553265
-0.0475104
-0.0596752
-0.0589268
-0.0681689
0.139646
-0.0530527
-0.13165
-0.0817275
-0.0477143
-0.0394966
-0.0376255
-0.0426582
-0.0330337
-0.185622
-0.320764
-0.544403
-0.497637
-0.360214
-0.438532
0.155983
-0.409672
-0.332186
-0.333475
-0.116007
0.274353
-0.163434
-0.109181
-0.172269
-0.0913356
-0.0927579
-0.0930023
-0.0859129
-0.0905321
-0.0512622
0.177942
-0.126599
-0.0703312
-0.187959
-0.0423468
-0.0834102
-0.0487321
-0.0810484
-0.0651188
-0.278048
0.0368766
0.00436017
-0.247252
-0.13725
-0.27019
-0.225591
-0.188335
-0.171703
-0.197983
0.226907
-0.121959
-0.379905
-0.231091
-0.32565
-0.283762
-0.31287
-0.193603
-0.269459
-0.260633
-0.166731
-0.21352
-0.0619868
0.0935985
-0.182491
-0.0884784
-0.127474
-0.114087
-0.119425
-0.131971
-0.00017222
0.0404404
-0.00459848
-0.0248314
-0.0161135
-0.0263789
-0.0224077
-0.0205049
-0.0355253
-0.0378121
-0.0763413
0.0367432
0.00628978
0.00430222
0.00889596
0.000931094
-0.0103086
-0.000891254
-0.0076323
-0.026596
-0.247514
-0.187785
-0.0490342
0.0722275
-0.160217
-0.22282
-0.170238
-0.114819
-0.131012
-0.131342
-0.288761
-0.161453
0.212142
-0.120137
-0.126168
-0.118318
-0.105298
-0.201132
-0.104456
-0.112814
-0.353724
-0.261738
-0.389065
-0.205251
0.301271
-0.254549
-0.227365
-0.329342
-0.234141
-0.237167
0.00952608
-0.111868
0.0726084
-0.0597704
-0.0865775
-0.0727994
-0.085373
-0.0646779
-0.0917622
-0.0825281
-0.158551
0.127823
-0.176392
-0.0973268
-0.24781
-0.197723
-0.212564
-0.083913
-0.147355
-0.139414
-0.0394526
-0.215253
-0.183328
-0.0182234
-0.212969
-0.141677
-0.189351
-0.204472
-0.184994
-0.207176
-0.0404368
0.055962
-0.000333808
-0.0096935
-0.00302729
0.00384227
0.000598256
-0.00694347
0.0269466
0.00703605
-0.0138818
0.055516
-0.0165861
-0.0479068
-0.0395773
-0.0397637
-0.0304263
-0.0317085
-0.033073
-0.021985
-0.417587
-0.309462
0.369307
-0.240792
-0.168335
-0.293194
-0.246643
-0.24228
-0.221894
-0.206783
-0.0751234
0.0819846
-0.0263563
-0.0221724
-0.033212
-0.0239759
-0.0158091
-0.0186342
-0.0336753
-0.0322609
-0.0406794
0.00184266
0.0233317
-0.0633892
-0.0726704
-0.0736072
-0.0667258
-0.0694734
-0.0562416
-0.0767357
-0.304168
-0.168099
0.268948
-0.176351
-0.259592
-0.206777
-0.219689
-0.209194
-0.146014
-0.161513
-0.498348
-0.443216
-0.303026
-0.532429
0.00932948
-0.516884
-0.3426
-0.528205
-0.50604
-0.510012
0.145311
-0.0654834
-0.414948
-0.127678
-0.256287
-0.167743
-0.16327
-0.233457
-0.200821
-0.212185
-0.047293
0.0515282
-0.0191642
-0.0110959
-0.00756373
-0.0394772
-0.0235331
-0.0146434
-0.0251892
-0.0276826
-0.00113993
0.00186325
-0.00194043
-0.0119371
-0.0183792
-0.0117839
-0.00769891
-0.0128051
-0.0264647
-0.0143774
-0.0354775
0.309578
-0.11322
-0.0865092
-0.162641
-0.113729
-0.154417
-0.0565884
-0.0423049
-0.076936
-0.264476
-0.284829
0.198012
-0.197717
-0.221871
-0.241874
-0.198158
-0.219608
-0.204694
-0.199446
-0.0141298
0.0432098
-0.00595209
-0.0147309
-0.0213626
-0.00912246
-0.00923483
-0.0117461
0.00062129
-0.0313467
-0.0760686
-0.011621
0.0449497
-0.0478164
-0.0382008
-0.0535082
-0.0439668
-0.0607163
-0.0373196
-0.0503303
0.134396
-0.137246
-0.148638
-0.233848
-0.213317
-0.200033
-0.164134
-0.195702
-0.175417
-0.170392
0.266109
-0.120215
-0.218006
-0.116735
-0.110837
-0.121363
-0.0812595
-0.146795
-0.0983475
-0.093834
-0.22808
-0.103985
0.114266
-0.108577
-0.172888
-0.223917
-0.139474
-0.110843
-0.118129
-0.130539
-0.231963
-0.536935
-0.315523
-0.423099
0.138957
-0.369971
-0.38334
-0.415776
-0.375842
-0.370058
-0.0283416
0.093263
-0.0368933
-0.0564505
-0.0689086
-0.0724048
-0.0366075
-0.0435235
-0.0555527
-0.0374446
-0.55774
-0.500081
-0.0484906
-0.525676
-0.319639
-0.510818
-0.601784
0.0324828
-0.464293
-0.462221
-0.146965
0.187059
-0.158163
-0.116937
-0.115536
-0.153803
-0.135856
-0.137595
-0.132672
-0.147435
-0.153375
-0.357909
-0.234663
-0.337762
-0.230683
0.122845
-0.255106
-0.190671
-0.229922
-0.222815
-0.294368
-0.275658
-0.250059
-0.136462
0.350729
-0.132598
-0.144051
-0.210982
-0.136568
-0.141038
-0.290188
-0.179156
-0.127246
0.107135
-0.27666
-0.167113
-0.185051
-0.13601
-0.168279
-0.175866
0.257058
-0.176585
-0.229308
-0.270968
-0.242291
-0.109291
-0.130061
-0.176708
-0.130539
-0.129348
-0.267167
-0.285405
0.0482514
-0.28674
-0.0126252
-0.226401
-0.176474
-0.202138
-0.229392
-0.238418
-0.0323355
0.00383125
-0.00118681
-0.0191691
-0.0455723
-0.0288872
-0.0554661
-0.0307008
-0.0315211
-0.0493727
0.106006
-0.217352
-0.36621
-0.226563
-0.333259
-0.249985
-0.214231
0.0885643
-0.206119
-0.195911
0.0110247
0.0153439
-0.0554845
-0.0571691
-0.0556863
-0.0432851
-0.0331655
-0.0417502
-0.0653631
-0.0598288
-0.142921
-0.198282
-0.131184
0.164997
-0.162583
-0.152335
-0.139698
-0.0927911
-0.0807735
-0.0985586
-0.61774
-0.47573
-0.691965
-0.602787
-0.204895
-0.603027
-0.0332064
-0.66766
-0.545517
-0.541801
-0.150689
-0.380854
0.0626306
-0.284633
-0.437839
-0.34929
-0.371858
-0.322881
-0.348589
-0.357077
-0.00714293
-0.00787614
0.0149168
-0.00750553
-0.0121955
-0.00607265
-0.0148821
0.0141609
0.00195213
-0.00930906
-0.0812746
-0.101253
0.158981
-0.0897125
-0.0985632
-0.0648142
-0.0648854
-0.128655
-0.0880952
-0.0795993
-0.00109341
-0.0014365
-0.00427203
0.00814056
0.00445941
0.0170599
0.00135002
-0.0120091
0.0234547
-0.00433419
-0.142674
-0.348462
-0.0237776
-0.275252
-0.349473
-0.281825
-0.286561
-0.266494
-0.300189
-0.312744
-0.260666
-0.180557
0.251128
-0.191673
-0.230317
-0.299533
-0.254511
-0.181386
-0.187734
-0.17394
-0.000732965
0.00773588
-0.0565636
-0.0165963
-0.0167207
-0.0149662
-0.0347479
-0.00613215
-0.0189601
-0.0348394
-0.0141642
-0.0883748
0.0454821
-0.132137
-0.143555
-0.150422
-0.141254
-0.154902
-0.129674
-0.12468
0.20254
-0.0836823
-0.261168
-0.112293
-0.123625
-0.158948
-0.0826837
-0.112715
-0.115401
-0.113835
-0.0426245
-0.0245776
0.0413073
-0.0297959
-0.0243301
-0.0495818
-0.0317252
-0.0643455
-0.0396624
-0.0375753
-0.22629
-0.13142
0.151559
-0.173823
-0.106065
-0.149784
-0.132596
-0.110722
-0.146394
-0.134119
-0.0389343
0.0109599
0.0155993
-0.0267066
-0.0112329
-0.0268599
-0.0198171
-0.0148282
-0.0214662
-0.0230641
-0.201349
-0.17302
0.147146
-0.132007
-0.0746195
-0.142931
-0.132237
-0.110561
-0.128733
-0.126034
0.0537795
-0.226982
-0.182143
-0.00695055
-0.123953
-0.141339
-0.12255
-0.169577
-0.165949
-0.152201
-0.100631
0.295373
-0.174893
-0.190216
-0.231562
-0.166586
-0.149758
-0.111909
-0.13913
-0.128655
-0.120679
-0.036725
0.0383723
-0.0702689
-0.085573
-0.0704843
-0.0678711
-0.08156
-0.0726651
-0.0885307
-0.150165
-0.527101
-0.375945
-0.237205
-0.531107
-0.164572
-0.456609
-0.377059
-0.40104
-0.388429
-0.0735363
-0.00915174
0.0335733
-0.0552502
-0.0545182
-0.0553705
-0.0596968
-0.0540154
-0.0500322
-0.043308
-0.126143
0.18237
-0.12536
-0.114157
-0.180983
-0.103798
-0.106804
-0.106419
-0.113019
-0.11513
-0.127777
-0.209934
-0.235375
0.195508
-0.136257
-0.106627
-0.115075
-0.0540554
-0.101942
-0.0904408
-0.0751182
0.0250832
-0.0132482
-0.0609372
-0.0521042
-0.0621195
-0.0572664
-0.0646029
-0.0594092
-0.0590888
-0.161654
-0.100118
-0.0876083
0.120093
-0.0538227
-0.0440417
-0.0730268
-0.05843
-0.0655748
-0.0741101
-0.00487936
-0.00223805
0.012883
-0.00697606
-0.0151934
0.00823087
-0.0144048
-0.0119245
-0.0169838
-0.0168484
-0.268452
-0.37537
-0.551951
-0.469836
-0.454386
-0.36542
0.194076
-0.423721
-0.378946
-0.377286
-0.0720854
0.144475
-0.0457748
-0.0763475
-0.141912
-0.00386766
-0.071076
-0.0404435
-0.0468807
-0.0301281
-0.193097
-0.138185
0.234858
-0.146283
-0.129641
-0.2048
-0.104845
-0.0941374
-0.102861
-0.126304
0.0171684
-0.00557294
0.00101955
-0.00490419
0.00782428
-0.0207606
0.0217241
-0.0151644
0.000624688
-0.00868346
-0.0940293
-0.00467487
0.041802
-0.0690682
-0.0824968
-0.0757305
-0.0741571
-0.0769376
-0.0749436
-0.0821158
-0.267972
-0.178658
0.217236
-0.131117
-0.25005
-0.230433
-0.181396
-0.182274
-0.161327
-0.161005
-0.132021
-0.0588239
-0.375906
-0.00317974
-0.273503
-0.100767
-0.20899
-0.184768
-0.205199
-0.190118
-0.247587
-0.17967
-0.0784279
0.0981213
-0.171071
-0.103359
-0.115486
-0.128734
-0.121156
-0.113868
-0.0466503
-0.0358652
0.039602
-0.00730458
-0.0178656
-0.0215126
-0.00711163
-0.00286845
-0.0324226
-0.000497694
-0.114827
-0.158432
-0.151564
0.140802
-0.1447
-0.033873
-0.123406
-0.07849
-0.0901189
-0.0794727
-0.0404973
0.0727897
-0.0556154
-0.0607206
-0.0741338
-0.121552
-0.0488801
-0.0427021
-0.0428915
-0.0643354
-0.417935
-0.111528
0.193945
-0.412956
-0.317155
-0.319924
-0.336294
-0.31444
-0.27862
-0.272686
-0.221984
-0.227275
-0.194716
0.217311
-0.18545
-0.228055
-0.16635
-0.113361
-0.155141
-0.157667
0.260303
-0.195122
-0.319386
-0.185952
-0.17944
-0.222755
-0.151311
-0.208881
-0.162662
-0.157196
-0.00864321
-0.291648
-0.130382
-0.431027
-0.375281
-0.338253
-0.369097
-0.312308
-0.330644
-0.348421
0.000397798
-0.125978
-0.0228605
-0.0509333
-0.188497
-0.190936
-0.0932276
-0.127674
-0.112222
-0.104118
0.000307784
-0.0113924
0.00302944
-0.00583389
0.0239471
-0.0063307
-0.00292235
-0.0243498
-0.00384473
-0.00786687
-0.0993051
-0.24257
-0.262628
0.109087
-0.177353
-0.0824683
-0.164155
-0.126967
-0.155469
-0.140607
-0.0832714
-0.424058
-0.268223
-0.38034
-0.301496
-0.40715
0.0640792
-0.497222
-0.374554
-0.368421
-0.01189
0.0507551
-0.0217733
-0.0867443
-0.0300724
-0.137155
-0.0715951
-0.0373412
-0.0522372
-0.0392099
-0.313639
-0.297741
0.188687
-0.215582
-0.294539
-0.525378
-0.331213
-0.35359
-0.297777
-0.30194
0.190587
-0.0224461
-0.151834
-0.0744055
-0.0511295
-0.0330423
-0.080099
-0.0240594
-0.0380193
-0.0569134
-0.334536
-0.221259
-0.425608
-0.118268
-0.33454
-0.0239587
-0.353651
-0.219744
-0.286479
-0.290017
0.0937469
-0.286086
-0.0889636
-0.287604
-0.270288
-0.262964
-0.2531
-0.27832
-0.224431
-0.221105
-0.154818
-0.32567
-0.197103
0.233342
-0.230892
-0.270827
-0.230975
-0.17935
-0.188611
-0.174875
0.244534
-0.140827
-0.265039
-0.144432
-0.057866
-0.140754
-0.184486
-0.161146
-0.106094
-0.114328
-0.171974
-0.242356
-0.19026
0.208246
-0.183025
-0.220293
-0.197263
-0.143895
-0.17548
-0.168454
-0.277828
0.0721724
-0.26108
0.0973728
-0.154692
-0.098208
-0.168135
-0.140118
-0.14577
-0.13217
-0.206257
-0.168562
0.20052
-0.193106
-0.273956
-0.20676
-0.227986
-0.253061
-0.182874
-0.188898
0.211286
-0.190487
-0.352965
-0.0999477
-0.287051
-0.204484
-0.25178
-0.253629
-0.17422
-0.175817
-0.0933863
-0.0798275
-0.0161242
-0.130787
-0.0805006
0.0101096
-0.12168
-0.107507
-0.0889902
-0.0945972
-0.141122
0.205548
-0.10622
-0.0568967
-0.122998
-0.0546468
-0.068672
-0.0595316
-0.0647648
-0.0518084
-0.100741
0.162992
-0.207435
-0.0685964
-0.120915
-0.150096
-0.09947
-0.11679
-0.122889
-0.124672
-0.00506746
0.00904074
-0.0239275
-0.0233839
0.0275898
-0.0171479
-0.0186789
-0.0152863
-0.00747709
0.00351988
-0.0549043
-0.0224102
0.0454056
-0.0283145
-0.0443502
-0.0322716
-0.0154373
-0.0253382
-0.0165564
-0.0233257
-0.271634
-0.196561
-0.227728
0.183126
-0.130048
-0.222331
-0.261276
-0.138045
-0.158253
-0.148149
-0.105407
0.0914486
0.00344638
-0.0246896
-0.00976274
-0.0174279
-0.0186715
-0.0137454
-0.0144055
-0.0117125
0.170986
-0.261815
-0.0680974
-0.167299
-0.230051
-0.234828
-0.198204
-0.224814
-0.162344
-0.163385
0.24849
-0.159147
-0.1884
-0.176955
-0.207359
-0.188004
-0.165217
-0.188535
-0.151571
-0.154192
-0.432357
-0.0562785
-0.413496
-0.355712
0.0244353
-0.425052
-0.43813
-0.331679
-0.364258
-0.361589
-0.26376
-0.289453
0.165398
-0.191993
-0.155093
-0.196482
-0.196212
-0.190805
-0.199627
-0.214859
-0.326519
-0.254287
-0.361762
-0.251809
0.306227
-0.239764
-0.190169
-0.222163
-0.230711
-0.222309
-0.275836
-0.139217
0.186837
-0.177015
-0.0825669
-0.140471
-0.118358
-0.128952
-0.122894
-0.148769
0.00486326
-0.007087
-0.0123385
0.00312726
0.0125646
-0.00498686
-0.00185825
-0.0140614
0.00539518
-0.00312178
-0.163108
-0.136655
0.166696
-0.129872
-0.1503
-0.171908
-0.138225
-0.130442
-0.12086
-0.122077
-0.0093561
0.0117678
-0.0102823
-0.0038305
0.00284511
0.00290111
0.000548022
-0.00429637
0.0058758
-0.0216001
-0.0915167
-0.220329
-0.157829
0.118924
-0.173947
-0.116806
-0.161918
-0.142192
-0.146494
-0.145062
0.0123038
-0.000107739
-0.00172507
0.00105871
0.0103129
-0.0116565
0.0219937
0.00049291
-0.00960925
-0.00289989
-0.200952
0.265556
-0.210108
-0.216111
-0.23353
-0.191685
-0.176329
-0.0292583
-0.139417
-0.136878
-0.071479
-0.245809
0.115128
-0.161736
-0.155862
-0.218182
-0.147634
-0.142043
-0.145442
-0.144741
-0.00106869
-0.0125005
-0.00534407
-0.00661347
-0.00146095
0.00818096
0.0127104
-0.0145265
-0.0245125
-0.0144825
-0.0132737
0.0323466
0.00191231
-0.0246481
-0.000169026
-0.0168018
0.00317445
-0.000651943
-0.00103648
-0.0206141
-0.277628
-0.162177
-0.180448
0.146309
-0.226158
-0.176377
-0.195485
-0.1398
-0.177554
-0.166609
-0.409032
-0.298135
-0.425761
-0.215278
-0.390342
-0.18564
0.247332
-0.377483
-0.324154
-0.318575
-0.421393
-0.297981
0.248591
-0.301589
-0.314188
-0.286455
-0.12823
-0.310078
-0.241802
-0.24931
0.227648
-0.11837
-0.248434
-0.232463
-0.160602
-0.163273
-0.220682
-0.157488
-0.180716
-0.185121
-0.387479
-0.321457
-0.237151
-0.107106
-0.134922
-0.190969
-0.338344
-0.29535
-0.31642
-0.312827
-0.0286823
0.0662861
-0.0238224
-0.0196989
-0.0322845
-0.0183519
-0.0330112
-0.0204662
-0.020628
-0.0294871
-0.00887019
0.0247912
-0.0181982
-0.0576828
-0.0116471
-0.0252814
-0.0459264
-0.0278048
-0.0130341
-0.0325823
-0.0156651
-0.00824364
0.0128304
-0.00870471
-0.00934298
-0.0123088
-0.000336808
-0.0114047
-0.00889658
-0.0106792
-0.319848
-0.44279
-0.471024
-0.426603
-0.420868
-0.282566
0.205763
-0.418105
-0.3561
-0.361876
-0.255247
-0.513222
-0.202147
-0.38594
-0.302149
0.0241638
-0.33899
-0.3474
-0.367062
-0.365927
-0.186619
-0.328729
-0.404044
-0.31766
0.106946
-0.22982
-0.162862
-0.241343
-0.241254
-0.250665
0.30322
-0.18225
-0.313192
-0.208516
-0.162841
-0.174374
-0.204248
-0.140694
-0.141253
-0.143582
-0.606994
-0.607997
-0.694997
-0.276187
-0.258361
-0.158794
-0.502896
-0.430561
-0.50555
-0.495908
-0.0608179
0.0993311
-0.0120757
-0.00886049
-0.0213249
-0.0135647
-0.0301332
-0.0301172
-0.0183641
-0.017054
-0.0976012
0.201856
-0.127234
-0.123285
-0.12217
-0.0503994
-0.0790072
-0.0983584
-0.0746432
-0.0730467
-0.363234
-0.358833
-0.322276
-0.356392
-0.204645
-0.330072
-0.352146
0.244969
-0.310251
-0.296478
-0.212966
-0.239097
-0.15064
0.0196401
-0.368433
-0.304912
-0.363079
-0.251649
-0.288835
-0.293837
-0.258547
-0.315267
0.317192
-0.255868
-0.151532
-0.158887
-0.180268
-0.225232
-0.181118
-0.17286
-0.268191
-0.0433668
-0.370723
-0.345977
-0.272354
-0.156251
-0.311408
0.0952053
-0.247203
-0.251962
0.0143733
0.173204
-0.27192
-0.209417
-0.15917
-0.125171
-0.173303
-0.134923
-0.134518
-0.138293
0.00573108
0.0158651
-0.00925409
-0.0111512
-0.0105525
-0.0418175
-0.0224502
-0.0218142
-0.0251499
-0.0204815
0.21482
-0.0459243
-0.18469
-0.107067
-0.126744
-0.117776
-0.074221
-0.113602
-0.0593723
-0.0573997
-0.0207871
0.0250345
-0.00881761
-0.00117423
-0.000961358
0.00517172
0.00368121
-0.00140814
0.00586861
-0.00976751
-0.0751252
-0.193726
-0.171387
0.14003
-0.118496
-0.0776343
-0.096812
-0.109151
-0.115326
-0.104814
-0.135202
0.243579
-0.160098
-0.151964
-0.142963
-0.0967273
-0.180809
-0.053976
-0.0858324
-0.062927
-0.198909
-0.243962
-0.198998
-0.331476
-0.349641
0.126542
-0.249185
-0.217206
-0.215826
-0.224798
-0.264572
-0.180787
0.180512
-0.208334
-0.0800151
-0.180261
-0.160939
-0.0885433
-0.129085
-0.142632
-0.0765642
-0.0357963
0.0727734
-0.0820885
-0.0845779
-0.0772569
-0.0986763
-0.0754511
-0.0898033
-0.0928785
-0.395168
-0.375667
-0.24674
-0.38561
-0.180487
-0.362334
-0.414696
0.231767
-0.33545
-0.339739
-0.422716
-0.388781
-0.427217
-0.10761
-0.426539
-0.344306
-0.392227
0.129491
-0.281501
-0.278302
0.290714
-0.147042
-0.347892
-0.167438
-0.181398
-0.209145
-0.16311
-0.187326
-0.129901
-0.135265
-0.41916
-0.248876
0.321718
-0.277498
-0.184184
-0.248799
-0.211773
-0.192527
-0.185873
-0.204406
0.00846293
-0.00206398
0.00229766
-0.00416406
0.00932827
0.0061186
0.00589105
0.00650013
0.00359679
-0.00310864
-0.00689653
0.0616993
-0.00232953
-0.0133775
-0.108642
-0.0097823
-0.0233609
0.00512612
-0.00641721
-0.00981576
-0.000280664
-0.345391
-0.153553
-0.0128849
-0.283862
-0.314954
-0.157074
-0.313656
-0.245415
-0.259295
-0.149045
-0.129487
0.17124
-0.0676729
-0.0700158
-0.159865
-0.0983601
-0.0973851
-0.0711894
-0.095935
-0.0814818
0.23418
-0.105321
-0.127939
-0.213205
-0.067377
-0.109382
-0.0243934
-0.0701071
-0.0694108
0.134156
-0.164917
-0.140733
-0.119407
-0.0842317
-0.0727204
-0.10452
-0.0615685
-0.100575
-0.0977567
-0.305991
-0.202998
0.290138
-0.237745
-0.19923
-0.25382
-0.205557
-0.223105
-0.157375
-0.17028
-0.0740977
-0.0279924
0.0570194
-0.0571841
-0.0513769
-0.0579688
-0.0516227
-0.050023
-0.028256
-0.0555453
-0.144676
0.23838
-0.126133
-0.136035
-0.142434
-0.0945443
-0.106557
-0.103176
-0.109162
-0.126289
-0.0144239
-0.0592029
0.00048592
-0.0831187
-0.0443021
-0.0565511
-0.0364995
-0.0476996
-0.0791767
-0.0606631
-0.154879
-0.163628
0.177182
-0.251115
-0.0796045
-0.120975
-0.141556
-0.115402
-0.131387
-0.1305
-0.275267
-0.152019
0.166467
-0.165483
-0.155771
-0.187111
-0.182858
-0.175985
-0.207631
-0.195337
-0.0463849
0.0651779
-0.00936793
-0.0115432
-0.0160533
-0.0304984
-0.03081
-0.0205221
-0.0291637
-0.000704728
-0.258955
-0.0745142
0.152127
-0.175873
-0.173919
-0.198688
-0.234687
-0.216415
-0.183325
-0.175617
-0.153677
-0.322373
-0.16752
-0.292699
-0.151341
0.206957
-0.228278
-0.190532
-0.184143
-0.20112
-0.139301
-0.133431
0.0166008
-0.223279
-0.0432797
-0.163957
-0.166792
-0.141397
-0.186316
-0.16375
-0.314584
-0.217685
-0.141222
0.140601
-0.214894
-0.205918
-0.28849
-0.175758
-0.180825
-0.158378
-0.490231
-0.355172
-0.524506
-0.54724
-0.420164
-0.228719
0.117255
-0.517892
-0.435275
-0.43142
-0.0469633
0.0769656
-0.0314498
-0.0377378
-0.0307189
-0.0346183
-0.0257371
-0.0392846
-0.0297877
-0.0344189
-0.254501
-0.417477
-0.395104
-0.391397
-0.405847
-0.20608
0.168141
-0.426051
-0.343963
-0.343438
-0.0336171
0.129865
-0.0441106
-0.107997
-0.0824172
-0.0515583
-0.0604664
-0.0377729
-0.0326321
-0.0283016
-0.208077
-0.0893484
0.167318
-0.182059
-0.110505
-0.129146
-0.139378
-0.110536
-0.129349
-0.136027
0.261308
-0.125642
-0.221331
-0.173893
-0.128444
-0.172874
-0.0963622
-0.116892
-0.104433
-0.105993
-0.0208962
-0.1073
-0.0517882
0.0520031
-0.0926444
-0.0879129
-0.0899713
-0.0841504
-0.0831718
-0.0630388
-0.224376
-0.156738
0.270672
-0.245563
-0.133845
-0.167901
-0.182778
-0.209982
-0.161374
-0.155944
0.0143293
-0.0623055
0.018206
-0.0974585
-0.0823477
-0.0598353
-0.0731548
-0.0437291
-0.090704
-0.0740251
-0.00549514
0.00471896
-0.00565497
-0.00089496
0.0087855
-0.00663592
0.0155195
-0.00302438
-0.00379536
0.00569599
0.000789808
0.0161285
0.0240471
-0.0184417
-0.00975811
-0.0360803
-0.0160798
-0.0337409
-0.0240888
-0.0089707
-0.259466
-0.249655
0.223837
-0.228549
-0.120068
-0.196978
-0.208288
-0.225509
-0.181678
-0.177752
-0.381895
-0.258963
-0.339477
-0.230874
0.314613
-0.274961
-0.236994
-0.323633
-0.249514
-0.249853
-0.0182403
0.0536247
-0.0207748
-0.0248443
-0.015263
-0.0233807
-0.0230007
-0.0154617
-0.0174962
-0.0237088
0.312894
-0.250363
-0.4152
-0.254566
-0.285654
-0.263323
-0.227864
-0.108974
-0.239919
-0.243292
-0.381911
-0.209202
-0.372927
-0.226443
0.239366
-0.334319
-0.183994
-0.296506
-0.233484
-0.233235
-0.080023
-0.025984
0.0471455
-0.0609888
-0.0477162
-0.0520154
-0.0391794
-0.0490533
-0.0577383
-0.0599697
-0.192451
-0.14594
0.164033
-0.118038
-0.124402
-0.261193
-0.158954
-0.148145
-0.12161
-0.128473
-0.400358
-0.411703
-0.173697
-0.398056
-0.117036
-0.395742
-0.458597
0.0565511
-0.363597
-0.370947
-0.00142663
-0.029273
0.00304009
-0.0103873
-0.00358649
-0.0080817
-0.000178864
-0.0222189
0.00476409
-0.00126841
-0.0425438
-0.0321499
0.0121247
-0.0141524
-0.0315362
-0.0206302
-0.0161753
-0.0107112
-0.0259238
-0.0428931
-0.170145
-0.206709
-0.131358
0.062778
-0.304197
-0.207845
-0.241558
-0.205916
-0.222112
-0.216916
-0.0535886
0.0933608
0.00256089
-0.0319723
-0.0217329
-0.0175097
-0.0144571
-0.0295929
-0.0402952
-0.0226594
0.22579
-0.0596623
-0.190317
-0.0992633
-0.0909867
-0.0970221
-0.0989934
-0.0911816
-0.0738393
-0.0725826
0.0119181
0.0132479
-0.00781137
-0.00556237
0.00119832
0.00709346
-0.0183496
0.00572179
-0.00788637
0.00598898
-0.129786
-0.0594192
0.0802718
-0.110105
-0.108652
-0.0916867
-0.11052
-0.100894
-0.0999551
-0.113941
-0.161064
0.286781
-0.119661
-0.145195
-0.176545
-0.146458
-0.149114
-0.0604645
-0.0945355
-0.117598
-0.0566704
0.00217796
0.0391866
-0.0445207
-0.0456443
-0.0543442
-0.0317074
-0.029514
-0.0339876
-0.0404338
-0.239107
-0.12354
0.190756
-0.143673
-0.118908
-0.133618
-0.138931
-0.141852
-0.117735
-0.137609
0.0119294
0.00497429
-0.00599926
-0.0251226
-0.0101945
-0.0115577
-0.0105095
-0.0219124
-0.00128621
0.00274977
-0.472934
-0.386927
-0.524387
-0.403155
-0.495435
-0.175819
0.117949
-0.465533
-0.429447
-0.432061
-0.261692
-0.48978
-0.193114
-0.378419
0.138217
-0.375345
-0.334204
-0.344987
-0.303536
-0.289362
-0.378159
-0.463285
-0.0416901
-0.456607
-0.294259
-0.434767
-0.344348
-0.00966033
-0.392985
-0.393958
-0.296507
-0.233962
-0.295583
-0.178081
0.296071
-0.227934
-0.263987
-0.249341
-0.211871
-0.208216
0.0535036
-0.0188527
-0.11541
-0.0773702
-0.00725351
-0.0311892
-0.0570393
-0.0357532
-0.0239756
-0.0278065
0.012879
-0.287318
-0.191539
-0.0789694
-0.251316
-0.15898
-0.218205
-0.218185
-0.233621
-0.224255
0.00329959
0.0659511
-0.237622
0.00113257
-0.0924544
-0.0968554
-0.118475
-0.0931668
-0.0949462
-0.0893518
-0.222875
-0.0100868
0.0686537
-0.16822
-0.0706161
-0.14457
-0.142925
-0.0847956
-0.0986949
-0.0963457
-0.488043
-0.421535
-0.331948
-0.178239
-0.384288
-0.323855
-0.311757
0.174461
-0.285466
-0.28871
0.113177
-0.0448584
-0.0918216
-0.107432
-0.0307239
-0.0551466
-0.0346774
-0.04204
-0.0477537
-0.0537588
-0.101745
-0.0572096
0.107668
-0.117573
-0.0718852
-0.0850649
-0.0874488
-0.112386
-0.0777391
-0.0764635
-0.0247279
0.0219798
0.0039693
-0.00449753
0.00281316
-0.00552832
0.00184318
-0.0126999
-0.0144259
-0.0148316
-0.197623
-0.182965
0.180433
-0.209512
-0.172793
-0.143576
-0.116685
-0.0722499
-0.162657
-0.13241
-0.0914904
-0.0878628
0.101938
-0.0753058
-0.0779693
-0.0837899
-0.108613
-0.0433751
-0.0696492
-0.0585341
-0.0466396
0.0534569
-0.0156052
-0.0222427
-0.0320609
-0.0252266
-0.0332251
-0.0275674
-0.0168959
-0.00611206
0.00418392
-0.012204
0.00944433
0.0044929
-0.0090199
0.00726608
-0.00205026
-0.00170122
0.017742
-0.0103253
-0.0193726
-0.0155152
0.00126894
-0.0167895
0.00252546
0.0132834
-0.00152746
0.00750922
-0.0136777
-0.00265116
-0.303717
-0.244347
-0.311665
-0.190485
0.351272
-0.262119
-0.212022
-0.262586
-0.176698
-0.166468
-0.119806
0.24252
-0.0802715
-0.0155209
-0.0991981
-0.0505852
-0.0508088
-0.0408472
-0.0392681
-0.0415264
-0.0725728
-0.0184048
0.0538169
-0.0427711
-0.0655325
-0.0758883
-0.0825574
-0.065423
-0.0731574
-0.0556581
-0.927178
-0.634776
-0.703566
-0.633411
-0.774801
-0.598298
-0.892093
-0.232595
-0.754386
-0.750454
-0.110817
-0.158802
-0.146562
0.173801
-0.142218
-0.0948413
-0.124564
-0.117602
-0.12603
-0.0984621