0.0342232
0.101442
0.00281743
0.110262
-0.0139659
0.0240505
-0.321555
-0.00904282
0.0623494
0.137647
-0.143585
-0.370989
0.131903
0.00810086
-0.0361146
0.0931589
-0.0315574
-0.162452
-0.251568
-0.145524
-0.0568556
0.0388658
0.148212
0.167762
0.0558917
0.0209478
0.000389125
0.351934
0.00869744
-0.547327
0.0525819
-0.399261
0.110688
-0.419965
-0.0652444
0.188323
-0.253526
0.051429
0.0195764
-0.0312444
0.0699195
0.180581
-0.264609
-0.104633
0.000563746
0.0630311
0.0640752
0.0524793
0.0634998
0.027555
0.0693902
-0.332816
-0.0726869
0.0696614
-0.221787
0.121548
-0.0095608
-0.140875
0.11943
-0.0271517
0.0073018
0.11886
0.077514
-0.334296
-0.196157
-0.201598
0.124782
-0.0181049
-0.118372
0.193312
0.100431
0.0622771
-0.190936
-0.152932
-0.251711
0.0371996
-0.0112801
-0.0502463
0.112844
0.121906
0.106372
0.092431
-0.0178154
-0.284655
0.120897
0.174443
0.0151413
-0.0417691
0.0200625
0.0229815
0.0956531
-0.0747901
0.130013
-0.210662
-0.0482042
0.148341
-0.169174
0.0602327
0.078922
0.247616
0.0494511
-0.141684
0.0486013
-0.0998482
-0.182593
-0.342765
0.0518416
-0.0212318
-0.218278
-0.0651344
0.0471193
-0.188987
0.0745401
0.091509
-0.0446438
0.0896067
0.122816
0.186079
-0.129748
-0.377677
0.136023
0.0459998
-0.282864
-0.00480696
-0.0899943
-0.186399
-0.302959
0.103603
0.0964169
-0.318997
0.0517554
0.193444
-0.0699701
-0.069862
0.0643581
-0.0501034
-0.00811236
-0.0254276
-0.0891818
-0.0267187
-0.00213552
-0.0915342
-0.0402369
-0.0246499
-0.00527362
-0.00823617
-0.0206234
-0.0120992
-0.00070483
-0.0134956
-0.0104314
-0.0106136
-0.006975
-0.114666
-0.218157
-0.164148
0.00509184
-0.0139254
0.128556
-0.0914498
-0.0912223
0.0433041
0.150415
0.00417135
-0.226486
0.299509
-0.144952
-0.133768
-0.423609
0.0058973
-0.0192862
-0.0110182
-0.0155612
-0.12092
-0.00370837
-0.00520874
-0.000789893
-0.0905872
-0.0108066
-0.0368535
-0.274898
-0.190483
-0.224412
0.176442
0.0401396
-0.0653789
0.116402
0.0906233
0.0796813
0.175392
0.0522474
-0.263959
0.0620623
0.0977879
-0.136721
0.0572103
0.103273
-0.175509
0.0387263
-0.0485049
-0.318726
0.117371
0.125509
-0.20714
0.0203349
0.0355717
-0.209374
0.083923
0.0284644
0.0856019
-0.0380547
0.0884272
0.00342795
-0.14864
-0.182374
-0.3511
0.0500868
-0.0438634
0.0974841
0.153716
0.165188
0.0133799
-0.147174
-0.0814451
-0.242345
-0.0967079
-0.0999825
-0.134204
0.00136891
0.0630053
0.15502
0.0182715
-0.056292
-0.0805138
-0.012562
-0.0197961
-0.152657
-0.067721
0.00830715
-0.0293537
-0.0691098
-0.0441849
-0.02381
-0.00840448
-0.0515429
-0.0711064
-0.0284927
0.0194609
-0.0263955
-0.0310643
-0.0781408
-0.0232331
-0.112133
-0.0450454
-0.17597
-0.03017
-0.0717733
0.131423
-0.0404833
-0.146023
-0.0462924
-0.192752
-0.243584
-0.329395
-0.0460471
0.025425
0.0188018
0.100549
0.0736116
0.0491954
-0.126359
-0.15526
0.0406357
-0.169395
-0.0642929
0.0961352
-0.0293783
0.199505
0.0540969
0.0969063
0.165128
-0.186411
0.156559
0.0105997
-0.321151
-0.0332488
-0.0760473
-0.112029