-0.00608174
-0.00208261
0.0105891
-0.0227598
0.00573112
-0.000717184
-0.0108423
0.00755766
0.0026805
0.00668736
-0.114013
0.310401
-0.155275
-0.180493
-0.147109
-0.160135
-0.139706
-0.0969906
-0.08323
-0.100336
-0.0825216
-0.0341885
-0.0859797
-0.19366
-0.194806
-0.215399
-0.186253
-0.210998
-0.213653
-0.197432
0.173423
-0.0847954
-0.193662
-0.145982
-0.128725
-0.0788051
-0.0339938
-0.0718234
-0.0689557
-0.049754
-0.10764
-0.0284333
0.103708
-0.148064
-0.111596
-0.0977691
-0.0735025
-0.0821188
-0.0796333
-0.0832798
-0.135421
-0.166225
-0.116443
-0.156587
-0.106525
0.112582
-0.153392
-0.129284
-0.13453
-0.13662
-0.0129856
-0.00132041
0.0105058
-0.0244636
-0.0327072
-0.0159191
-0.0220308
-0.0216078
-0.0202243
-0.00687838
0.126137
-0.0701482
-0.103361
-0.104334
-0.0694207
-0.10011
-0.0672018
-0.0863189
-0.0727591
-0.0783458
0.257497
-0.0389076
-0.227544
-0.116009
-0.103638
-0.0970157
-0.0468715
-0.0596686
-0.052636
-0.0630402
-0.0846167
0.22226
-0.130956
-0.051532
-0.138962
-0.0265125
-0.0471664
-0.0472453
-0.0546585
-0.0485318
0.00934939
0.0310731
-0.0032529
-0.0186153
-0.0141346
-0.0286243
-0.0295008
-0.013683
0.000600012
-0.0433987
0.111577
-0.085049
-0.0822703
-0.0597362
-0.0458432
-0.0397489
-0.0284329
-0.0407249
-0.0295807
-0.0382571
-0.0535365
-0.243457
0.135314
-0.238851
-0.101799
-0.138597
-0.138633
-0.151563
-0.158025
-0.135568
0.0409942
0.000313857
-0.0103492
-0.0223283
-0.0324215
-0.0166768
-0.0418472
-0.0191232
-0.0245329
-0.0330085
-0.00471193
-0.0222927
-0.0226008
-0.00642714
-0.0132108
-0.000237883
0.011417
-0.0259239
-0.0238071
-0.0221866
-0.0157604
0.0163088
-0.0399309
-0.0352777
-0.0117317
-0.0176717
-0.000861035
-0.0322949
-0.0167685
0.0030775
-0.151413
0.178323
-0.106799
-0.0984921
-0.158607
-0.117337
-0.162536
-0.137091
-0.129702
-0.126136
0.0128338
0.0311166
-0.0248474
-0.0228045
-0.0150831
-0.00709599
-0.0146643
-0.0232147
-0.00475224
-0.020556
-0.0706354
0.335198
-0.122311
-0.119394
-0.161096
-0.07725
-0.100934
-0.0440162
-0.0566899
-0.0437928
-0.10173
-0.0182959
0.0520606
-0.0710956
-0.0828046
-0.0830083
-0.0838931
-0.0760941
-0.0618855
-0.0691487
0.148274
-0.0967239
-0.1889
-0.242083
-0.127374
-0.124155
-0.0947561
-0.120831
-0.138443
-0.113127
0.0264328
0.024983
-0.00210139
-0.0205968
-0.0107862
-0.0157946
-0.0163151
-0.0342996
-0.0213181
-0.0375994
-0.19654
-0.205455
-0.209564
0.225432
-0.18171
-0.125392
-0.184986
-0.11488
-0.108143
-0.115357
0.0158283
0.019516
0.00990948
-0.0213419
-0.0246064
-0.0271342
-0.0237086
-0.0038415
-0.00334885
0.00246278
-0.213825
-0.219343
-0.19986
-0.257151
-0.315678
0.223948
-0.225601
-0.175473
-0.172943
-0.165783
-0.000137064
0.00396223
-0.0130962
-0.00404205
-0.0182753
-0.00999959
-0.00102783
-0.00831093
-0.00852328
0.00276687
-0.194371
-0.17335
-0.146936
0.235018
-0.131243
-0.162256
-0.115426
-0.114606
-0.108999
-0.111328
0.00558074
-0.000273666
-0.0132874
-0.000979551
-0.0139612
-0.0152532
-0.00414741
0.00497929
0.00122583
-0.0245583
-0.123362
0.208637
-0.114839
-0.109845
-0.0937322
-0.0967086
-0.100949
-0.0765644
-0.111254
-0.0753701
-0.0590412
0.20707
-0.128939
-0.102764
-0.0714651
-0.0723164
-0.0837705
-0.0658861
-0.0797395
-0.0531845
-0.0996296
-0.217183
-0.0452098
0.115913
-0.172372
-0.16149
-0.148993
-0.134877
-0.143721
-0.153148
-0.0437697
-0.00878809
0.0218034
-0.0339928
-0.0295766
-0.0190364
-0.0351903
-0.0177205
-0.0417663
-0.0450528
-0.34748
-0.0594986
-0.290031
-0.199072
0.0786877
-0.245332
-0.197231
-0.216272
-0.213142
-0.241553
-0.0399353
-0.00464091
0.0131426
-0.00869241
-0.0247459
-0.0450031
-0.0324764
-0.0400867
-0.0117503
-0.026758
0.214704
-0.0689423
-0.146657
-0.251106
-0.0963058
-0.146507
-0.0740343
-0.099527
-0.104122
-0.0994243
-0.154536
-0.127915
0.143767
-0.0913692
-0.0691004
-0.0881384
-0.0961535
-0.0895507
-0.0706667
-0.0685185
0.112595
-0.0741088
-0.15596
-0.201173
-0.0340953
-0.0841345
-0.0922471
-0.0826406
-0.0723667
-0.0770599
-0.076427
-0.0634028
0.0614902
-0.037694
-0.0292623
-0.0348429
-0.0336396
-0.0355289
-0.0436713
-0.03321
-0.257521
0.0367722
0.0371165
-0.245649
-0.265936
-0.292557
-0.224073
-0.23079
-0.222515
-0.244054
-0.35395
0.0695554
-0.115066
-0.326438
-0.283951
-0.415579
-0.314828
-0.296841
-0.310866
-0.290518
-0.124028
0.128515
-0.0682218
-0.0414299
-0.0424976
-0.0567308
-0.0716886
-0.0807544
-0.0825343
-0.0603263
-0.273036
0.0884365
-0.319238
-0.036392
-0.246623
-0.150938
-0.22963
-0.210702
-0.21086
-0.212487
-0.333977
-0.0477171
-0.178845
-0.123044
-0.291261
-0.356195
-0.304479
-0.303367
-0.283453
-0.291456
-0.0238482
0.0137744
0.00655054
-0.016987
-0.0179385
-0.0133533
-0.00414757
-0.0123514
-0.0120663
-0.0247203
-0.097241
-0.0357296
0.0736565
-0.0381437
-0.0585761
-0.0577736
-0.0394096
-0.0425798
-0.0495024
-0.0515697
0.168273
-0.064109
-0.118592
-0.13628
-0.0644911
-0.127135
-0.0225014
-0.0349295
-0.0574485
-0.066219
-0.158355
-0.108319
0.148563
-0.117808
-0.0858541
-0.217427
-0.137596
-0.146554
-0.124772
-0.11889
-0.0880815
0.226323
-0.135393
-0.0894645
-0.157267
-0.0851488
-0.0845065
-0.0864275
-0.0671887
-0.0814244
-0.00250442
-0.0496007
-0.276181
-0.0331313
-0.0733156
-0.0982201
-0.119647
-0.117163
-0.100109
-0.116602
-0.239049
-0.205061
0.167562
-0.179157
-0.0779952
-0.148534
-0.157348
-0.148222
-0.148977
-0.13868
-0.248071
-0.148435
-0.238019
-0.220288
0.151445
-0.232017
-0.18356
-0.195945
-0.188865
-0.181862
-0.0747716
-0.172065
-0.0997158
-0.278689
-0.308359
-0.400547
-0.294012
-0.29114
-0.289373
-0.281568
0.0499632
-0.0579377
-0.0652486
-0.0621461
-0.0721297
-0.0877237
-0.0418294
-0.0686084
-0.075152
-0.0365978
-0.178149
-0.299969
-0.23004
-0.25918
-0.203858
0.211982
-0.123294
-0.174332
-0.163764
-0.169299
-0.00444529
0.0114918
0.00371024
0.0136125
-0.000828439
0.0044989
0.0155798
-0.00674566
1.82485e-05
-0.00166186
0.256846
-0.123926
-0.216403
-0.177832
-0.123171
-0.183058
-0.103519
-0.109989
-0.105203
-0.111778
-0.0872722
-0.0447591
0.0792274
-0.0590888
-0.0808647
-0.0528705
-0.0528293
-0.0679034
-0.0641391
-0.0518005
-0.162037
-0.104149
-0.0840758
0.117963
-0.069767
-0.0697974
-0.0710517
-0.0760746
-0.0644071
-0.0811682
-0.227013
-0.0917524
-0.256209
-0.221048
0.154816
-0.257889
-0.18145
-0.168274
-0.196372
-0.197661
-0.0291165
0.00789068
0.000329241
0.00634241
0.0081745
-0.00657565
0.000194363
-0.0221375
-0.000906511
-0.0081668
-0.0988412
0.319677
-0.154805
-0.0605357
-0.257651
-0.0832563
-0.103661
-0.0775401
-0.0768271
-0.0753669
-0.102534
-0.147944
-0.318599
-0.457076
-0.0380424
-0.356128
-0.251415
-0.291913
-0.286504
-0.279026
-0.233735
-0.485095
-0.336524
-0.314186
-0.191143
0.0470138
-0.227423
-0.289349
-0.280365
-0.289997
0.00838893
-0.0751838
0.0367987
-0.0617949
-0.0740194
-0.0803359
-0.0750301
-0.0970173
-0.0889447
-0.0809932
0.198668
-0.0601958
-0.254891
-0.187158
-0.12409
-0.0824351
-0.0880842
-0.0980161
-0.0863836
-0.0906195
0.178521
-0.0627072
-0.182535
-0.139288
-0.121897
-0.123205
-0.0783583
-0.112745
-0.0856606
-0.0819991
-0.0225931
-0.0213158
0.0117206
-0.0443679
-0.0655987
-0.0645901
-0.0728485
-0.0726401
-0.0728964
-0.077063
-0.201572
-0.266779
-0.208327
0.22893
-0.195525
-0.229152
-0.212564
-0.192728
-0.170799
-0.189132
-0.291549
-0.328153
-0.282794
0.0582992
-0.0946908
-0.186713
-0.286539
-0.253414
-0.260588
-0.256079
-0.0858715
-0.0332248
0.0443459
-0.0343012
-0.0475404
-0.0538778
-0.0228262
-0.0447544
-0.0625847
-0.0300404
0.0172273
-0.16013
0.0679017
-0.0879622
-0.117288
-0.214348
-0.105992
-0.10433
-0.104472
-0.102045
-0.317558
-0.37013
-0.116418
-0.342591
-0.260851
0.0513504
-0.274753
-0.291861
-0.291411
-0.2816
0.00986797
0.0292881
-0.00402297
-0.0109933
-0.0142633
-0.0187995
-0.00840875
-0.00501883
-0.000279933
-0.00927476
-0.276997
-0.207751
0.121799
-0.223709
-0.105043
-0.370655
-0.210088
-0.219166
-0.213208
-0.212252
-0.0209481
-0.012134
-0.000161119
-0.0349683
-0.0232569
-0.0108668
-0.00762237
-0.0224463
0.00992018
-0.00935153
-0.443308
-0.339006
-0.431322
-0.0104332
-0.146716
-0.18382
-0.419171
-0.332529
-0.326772
-0.3316
-0.0182688
0.0345765
-0.023428
-0.0218997
-0.0317813
-0.0281072
-0.0362522
-0.036612
-0.036423
-0.0153449
-0.0398268
0.197556
-0.0768161
-0.0680325
-0.149453
-0.0446615
-0.064691
-0.0680207
-0.0554757
-0.0414638
0.00551506
0.0400845
-0.019935
-0.0101851
-0.0229475
-0.03556
-0.0356328
-0.033556
-0.0338705
-0.0398115
-0.15943
-0.330182
-0.190343
-0.249438
-0.183152
0.128984
-0.21113
-0.193746
-0.209892
-0.20699
-0.201973
-0.346685
-0.207052
-0.271845
-0.185532
0.221212
-0.212483
-0.18414
-0.177367
-0.183849
0.00363455
0.0415585
-0.0258376
-0.0290059
-0.0201864
-0.0258656
-0.0253209
-0.0138613
-0.0112579
-0.0319657
-0.0113433
-0.00303886
-0.00857546
-0.00480672
-0.00283786
-0.00844856
-0.0036283
0.00117554
-0.00410252
0.00908728
0.00444686
0.00235921
0.000945149
-0.015889
-0.0143412
0.0100339
-0.0184957
-0.00382131
0.0107509
0.00624363
-0.215786
-0.442519
-0.274423
-0.213167
-0.273216
-0.324257
0.144954
-0.255493
-0.257073
-0.265203
0.175853
-0.0976996
-0.205235
-0.160478
-0.0926741
-0.127232
-0.0501908
-0.0782858
-0.0805836
-0.0948961
0.162282
-0.0929863
-0.205636
-0.103683
-0.0261089
-0.104254
-0.059524
-0.0797349
-0.065028
-0.0795204
-0.298806
0.0836771
0.0859188
-0.373759
-0.227357
-0.362129
-0.265324
-0.224086
-0.21552
-0.216526
0.148128
-0.139066
-0.203372
-0.13201
-0.102249
-0.100782
-0.0885797
-0.0989902
-0.0907148
-0.10992
0.130063
-0.0712919
-0.146303
-0.229877
-0.115004
-0.165681
-0.114896
-0.110842
-0.118664
-0.124149
-0.0631139
0.149371
-0.0345094
-0.101091
-0.0908227
-0.0757221
-0.0593914
-0.0659188
-0.0523338
-0.0629773
-0.144851
0.0616681
-0.159767
-0.00955473
-0.204584
-0.2085
-0.115424
-0.122286
-0.140069
-0.129489
0.0630198
-0.144107
-0.013841
-0.0786286
-0.0569414
-0.0732359
-0.049769
-0.0551753
-0.0738171
-0.064124
-0.0554995
0.0107994
0.0268513
-0.0337675
-0.059301
-0.0617089
-0.053509
-0.0333133
-0.052687
-0.0300178
-0.0409379
0.0737706
-0.0258831
-0.0133285
-0.0114354
-0.00757161
-0.0371241
-0.0139126
-0.013213
-0.0308208
-0.268708
-0.270075
-0.241366
-0.286145
-0.265915
-0.145847
0.17478
-0.245341
-0.237601
-0.229248
0.238875
-0.0525081
-0.232422
-0.137427
-0.145271
-0.19346
-0.0847065
-0.106869
-0.0930471
-0.126032
-0.103336
0.213145
-0.11173
-0.155417
-0.140399
-0.123497
-0.0478101
-0.0764742
-0.0606924
-0.0680853
-0.113459
0.172054
-0.122464
-0.0829702
-0.132968
-0.132064
-0.151745
-0.131292
-0.138569
-0.127368
-0.266086
-0.0926529
0.109194
-0.161372
-0.126039
-0.428595
-0.122307
-0.147371
-0.132373
-0.122559
-0.344636
-0.65419
-0.398462
-0.18155
-0.426948
-0.029313
-0.398373
-0.415363
-0.405416
-0.39841
-0.03926
-0.0194441
0.0301
-0.0248147
-0.0320284
-0.0327514
-0.0315802
-0.0366977
-0.0311943
-0.0414708
-0.159337
-0.267578
-0.175248
-0.314375
-0.293756
0.107021
-0.301327
-0.233962
-0.236666
-0.249503
-0.119257
0.333405
-0.16889
-0.119817
-0.197533
-0.114323
-0.162602
-0.126325
-0.123697
-0.120508
0.0155546
-0.198938
-0.000632816
-0.215328
-0.120668
-0.15029
-0.159217
-0.167511
-0.149837
-0.152155
0.0036211
-0.00792488
-0.00535073
-0.0030574
-3.79335e-05
-0.00048172
-0.0158792
0.0262399
0.00711728
-0.013909
-0.162825
-0.150114
0.17948
-0.11775
-0.0784632
-0.251601
-0.11299
-0.11046
-0.107721
-0.114118
-0.0792373
-0.170135
-0.150192
0.16158
-0.100207
-0.0552853
-0.0984185
-0.0946822
-0.0951053
-0.0967692
-0.361885
-0.204632
-0.295458
-0.301696
-0.286832
0.19943
-0.193134
-0.214957
-0.225736
-0.222867
-0.00846829
0.00410225
-0.0398168
-0.0167174
-0.0271597
-0.024829
-0.0205781
-0.0288531
-0.024164
-0.0362103
-0.150011
-0.258833
-0.0567734
-0.270605
0.0869329
-0.206336
-0.199056
-0.17989
-0.172678
-0.171172
-0.0378201
0.0582275
-0.00891285
-0.0155838
-0.0261841
-0.0328405
-0.0438271
-0.0361332
-0.0335025
-0.0257203
-0.215928
-0.34655
-0.220765
-0.242325
-0.166155
0.20913
-0.153528
-0.173132
-0.185398
-0.178528
-0.228204
-0.186495
-0.126703
0.24904
-0.173383
-0.195779
-0.160857
-0.113956
-0.117245
-0.125042
-0.192584
-0.117609
0.16434
-0.100376
-0.11009
-0.128885
-0.0757241
-0.0931256
-0.0847265
-0.0836235
0.018633
-0.163976
0.0821383
-0.0707128
-0.0729434
-0.0949371
-0.0601549
-0.0821122
-0.087981
-0.0943469
-0.0242156
-0.140982
0.0457913
-0.221793
-0.0879092
-0.162303
-0.149193
-0.137246
-0.12968
-0.148891
0.0180423
0.0037982
-0.000946207
-0.00167693
-0.00123485
0.00107844
0.00364327
0.00535621
0.0102984
0.0136238
-0.145699
0.143919
-0.0652749
-0.122952
-0.0932998
-0.0738818
-0.102972
-0.0869884
-0.0885162
-0.0983519
-0.0453475
-0.171414
-0.0352972
-0.157024
-0.19436
-0.240208
-0.16897
-0.19144
-0.205086
-0.201382
-0.277638
-0.243759
-0.0948897
0.105292
-0.264336
-0.1424
-0.191577
-0.183264
-0.167592
-0.197332
-0.00308503
-0.00905072
0.0139749
-0.0052346
0.0132435
-0.00155994
0.00368287
-0.00935392
0.00490752
-0.00479087
-0.142364
-0.189377
-0.171047
-0.297751
-0.119303
0.0993349
-0.224795
-0.186195
-0.196097
-0.1823
-0.0991545
0.25523
-0.153959
-0.111868
-0.179894
-0.0619127
-0.108462
-0.117885
-0.0849579
-0.11281
-0.124213
-0.196906
0.219335
-0.160672
-0.0857671
-0.262612
-0.122788
-0.129862
-0.144098
-0.129864
-0.203622
-0.116949
0.115566
-0.182355
-0.0943659
-0.251338
-0.1107
-0.15854
-0.150236
-0.14073
-0.0477926
0.0635019
-0.00336336
-0.0378851
-0.0348681
-0.0347394
-0.0216534
-0.0178331
-0.0184493
-0.0224676
-0.3216
-0.0942656
-0.261404
-0.217327
0.0544112
-0.289054
-0.249758
-0.249595
-0.241898
-0.243082
-0.284041
-0.0825994
0.162325
-0.246916
-0.171376
-0.225681
-0.172158
-0.190452
-0.193746
-0.176049
-0.29449
-0.222824
-0.239499
-0.276025
-0.282763
-0.297134
0.192689
-0.2518
-0.251423
-0.248048
0.140516
-0.0827231
-0.178943
-0.0650732
-0.0473507
-0.0802571
-0.0860269
-0.0750267
-0.0802666
-0.101785
-0.0554319
-0.153963
0.125823
-0.142444
-0.0751094
-0.102121
-0.104975
-0.10741
-0.111509
-0.105114
-0.0937515
-0.262865
-0.0841336
0.071148
-0.295115
-0.239621
-0.25271
-0.230386
-0.24885
-0.237494
-0.0684034
-0.114753
-0.112402
0.0939239
-0.151016
-0.050539
-0.0913412
-0.0922491
-0.0958977
-0.0670546
-0.168047
-0.0751896
0.0567748
-0.131012
-0.160576
-0.23496
-0.150232
-0.150836
-0.150034
-0.162041
-0.00354209
0.0387734
-0.0291341
-0.0246625
-0.0321758
-0.0416046
-0.011604
-0.0171375
-0.0283503
-0.0151926
-0.00397762
0.00486459
0.00869249
-0.0111407
-0.0185996
0.00514794
0.0111848
0.00686151
-0.0301749
0.0122619
-0.0266958
-0.0210987
0.0248815
-0.00206157
0.00915336
0.0073515
-0.0189669
0.0107197
0.000679093
0.0193394
-0.190032
0.292625
-0.243024
-0.185521
-0.194024
-0.23555
-0.212923
-0.154282
-0.142808
-0.147884
-0.314421
-0.0415437
-0.224199
-0.266255
-0.399095
0.0607482
-0.260149
-0.256882
-0.268156
-0.263308
-0.207498
-0.115066
-0.229011
-0.17996
0.182914
-0.206119
-0.116998
-0.140934
-0.126263
-0.133414
-0.14485
-0.116032
0.226798
-0.198185
-0.0882559
-0.102518
-0.117137
-0.0957697
-0.108105
-0.105672
-0.0161703
0.031338
-0.0238715
-0.0274647
-0.0208656
-0.0613512
-0.00245255
-0.00697466
-0.0146428
-0.00677822
-0.167304
-0.107878
-0.12315
0.124139
-0.0726445
-0.072898
-0.096442
-0.076455
-0.0747673
-0.0721618
-0.291155
-0.212559
-0.263225
-0.240853
-0.28586
-0.22474
0.192087
-0.261928
-0.260425
-0.269879
-0.0999264
0.212754
-0.116211
-0.0596142
-0.135248
-0.0570819
-0.0937975
-0.0775027
-0.0794659
-0.0912489
-0.184589
-0.380795
-0.228843
-0.267755
-0.126863
0.0696126
-0.266653
-0.230903
-0.221328
-0.228759
-0.069611
-0.0314478
0.06806
-0.0631913
-0.05757
-0.059124
-0.0476977
-0.08032
-0.0627109
-0.066158
-0.0031508
0.0321572
-0.0416732
-0.0413815
-0.0212852
-0.0473635
-0.0340095
-0.0483414
-0.0394721
-0.0327272
0.0946215
-0.212693
-0.177507
-0.133482
-0.114643
-0.147212
0.0318003
-0.125464
-0.121485
-0.112573
-0.0169732
-0.236795
0.101911
-0.250236
-0.170527
-0.252839
-0.23176
-0.215615
-0.223263
-0.233365
-0.0279579
0.051429
-0.0090081
-0.0136835
0.00121593
-0.023046
-0.0147744
-0.0132433
0.00282499
-0.0216273
-0.154004
-0.181021
-0.22732
-0.313084
-0.17884
0.0422249
-0.238494
-0.183554
-0.194782
-0.182539
-0.0974497
-0.295846
-0.191476
-0.00608511
-0.274521
-0.254447
-0.0826074
-0.236419
-0.247853
-0.241451
0.0434964
-0.0973474
-0.0560052
-0.0735406
-0.0916198
-0.0926879
-0.0931047
-0.0992004
-0.100667
-0.0971857
-0.158318
-0.412421
-0.250877
-0.275878
-0.333515
0.100019
-0.243632
-0.24674
-0.243561
-0.26205
-0.0714566
-0.0584409
-0.00383968
-0.130168
-0.143064
-0.158965
-0.132176
-0.13925
-0.142912
-0.148184
-0.148608
-0.025916
0.0612512
-0.106489
-0.0866883
-0.103688
-0.0821734
-0.0924921
-0.102522
-0.0972102
-0.0737696
-0.285722
0.011626
-0.281096
-0.198907
-0.356287
-0.25381
-0.258984
-0.261815
-0.258069
0.144842
-0.118552
-0.177031
-0.19849
-0.103202
-0.203518
0.0787223
-0.106452
-0.0896471
-0.0983395
-0.0488061
0.00029808
0.0625043
-0.0378242
-0.0402128
-0.0400137
-0.042339
-0.0314939
-0.0283953
-0.0476337
-0.196967
-0.0556023
-0.0393817
0.0259418
-0.113902
-0.0680755
-0.0722209
-0.0725243
-0.0859989
-0.0838334
-0.0677457
0.258499
-0.305241
-0.16876
-0.218328
-0.246336
-0.252971
-0.197834
-0.191207
-0.200243
0.18641
-0.0693801
-0.175508
-0.0522177
-0.118374
-0.22008
-0.091307
-0.105817
-0.111582
-0.0975282
0.00685853
-0.0325523
-0.0810202
0.0120745
-0.0181823
-0.0221379
-0.01665
-0.0217207
0.00461871
-0.0167938
-0.245065
-0.240099
-0.073998
0.172238
-0.245503
-0.297378
-0.238676
-0.194381
-0.187202
-0.184384
-0.0995217
0.0101476
0.0139816
-0.0959952
-0.0886741
-0.106948
-0.076999
-0.096452
-0.0728464
-0.0968184
-0.199134
0.252284
-0.154823
-0.183377
-0.139033
-0.1915
-0.196384
-0.161722
-0.170933
-0.169561
0.150395
-0.0722638
-0.098415
-0.104925
-0.0722644
-0.0403993
-0.0237732
-0.0525385
-0.0644068
-0.0597132
-0.29284
-0.175503
-0.379573
-0.100805
-0.29752
0.0879544
-0.23007
-0.203406
-0.204595
-0.212113
-0.0177171
-0.00985294
-0.0283168
0.0317407
-0.0046723
-0.0303017
-0.0245054
-0.0112461
-0.0225176
-0.0175477
-0.135677
-0.141564
-0.0972083
0.113598
-0.0510986
-0.039488
-0.0806963
-0.0368046
-0.0524643
-0.0642503
-0.0710919
-0.00856553
0.0146468
-0.0323025
-0.0500524
-0.038259
-0.0619001
-0.0435712
-0.0231895
-0.049696
0.00975961
-0.323981
-0.199338
-0.027078
-0.239625
-0.224105
-0.201668
-0.209897
-0.213853
-0.231915
-0.0771716
0.154702
-0.105946
-0.0377056
-0.0506269
-0.0510923
-0.0549268
-0.0621783
-0.0447298
-0.046986
-0.160921
-0.0763227
0.0984002
-0.130178
-0.100606
-0.105768
-0.106756
-0.0951405
-0.109424
-0.0956788
-0.0775354
0.183901
-0.119112
-0.187185
-0.128685
-0.151997
-0.09842
-0.0816625
-0.0872255
-0.0794879
-0.0469687
-0.324697
-0.213986
-0.018685
-0.260548
-0.174322
-0.213481
-0.236493
-0.253915
-0.253417
-0.00617025
0.0281438
-0.0121656
-0.0104032
-0.0135152
-0.0159132
-0.0138442
-0.00425337
-0.0107133
-0.030439
-0.0893511
0.0142769
0.0237555
-0.0330653
-0.0642359
-0.069694
-0.0775688
-0.0590884
-0.0483212
-0.0725628
0.137136
-0.0986131
-0.0757518
-0.0882394
-0.0483369
-0.0629793
-0.0462296
-0.0711644
-0.0690184
-0.0540199
-0.0634573
-0.186371
0.136511
-0.124529
-0.057096
-0.12221
-0.110913
-0.088264
-0.11369
-0.10364
0.00686884
-0.0045114
0.00496039
-0.00298494
-0.00597622
0.00253717
-0.00269427
-0.00177736
0.00974929
-0.0112606
-0.0170034
-0.125012
-0.12122
-0.322918
-0.232641
-0.315255
-0.191903
-0.211419
-0.227831
-0.217754
-0.114512
-0.00921624
-0.204485
-0.156492
-0.177738
0.00492715
-0.141072
-0.127457
-0.121727
-0.13198
-0.240007
-0.195504
0.183759
-0.129264
-0.149449
-0.240536
-0.1751
-0.162035
-0.156793
-0.152415
0.00893643
0.0297559
-0.0387488
-0.0249354
-0.0344532
-0.00612343
-0.0124877
-0.0160829
-0.0227028
-0.0068707
-0.146319
-0.261465
-0.110253
-0.424276
-0.242369
-0.403593
-0.346997
-0.350552
-0.37211
-0.352998
-0.00317821
-0.000839836
-0.00520775
0.00620162
-0.00624749
0.00197905
0.00578943
-0.0139344
0.0203105
-0.00463615
-0.0707672
0.0216714
0.00228189
-0.0326044
-0.0166313
-0.0425713
-0.0393009
-0.0500428
-0.0473742
-0.0488292
-0.150748
0.247294
-0.132129
-0.155647
-0.104703
-0.0837375
-0.102559
-0.108626
-0.11187
-0.11026
-0.0130935
0.00619456
0.00728637
-0.0105459
0.00376427
-0.00189407
-0.0077703
0.00372491
0.00607805
0.0168998
-0.0268721
0.0153389
0.0159936
-0.0351334
-0.0562192
-0.0553575
-0.0563598
-0.0503546
-0.0468465
-0.0469063
0.00565834
0.0229519
-0.0160878
-0.0154517
-0.011095
-0.0219375
-0.0202028
-0.0178406
-0.0230887
-0.0182206
0.011829
-0.0105459
-0.018508
0.0048208
4.00041e-05
-0.00268652
-0.00519153
0.000421088
-0.0253101
-0.00919583
-0.221417
-0.255379
-0.029511
0.0156609
-0.215723
-0.185292
-0.221029
-0.207305
-0.211965
-0.210668
-0.0820772
-0.0909953
0.0554266
-0.169032
-0.123026
-0.143307
-0.172299
-0.164559
-0.144582
-0.159792
-0.234242
-0.479484
-0.308073
-0.396653
-0.294004
0.152206
-0.256682
-0.340326
-0.348432
-0.332192
-0.210787
-0.214355
-0.118577
0.161036
-0.17932
-0.209549
-0.227554
-0.138437
-0.145876
-0.137884
-0.19179
-0.180442
0.21361
-0.183679
-0.0852095
-0.117869
-0.131623
-0.112995
-0.133853
-0.126748
-0.158618
-0.21494
-0.20295
0.213932
-0.224698
-0.262264
-0.222919
-0.182918
-0.165657
-0.168587
0.137405
-0.0729647
-0.13455
-0.13238
-0.0885851
-0.0853641
-0.0581172
-0.0780689
-0.0753608
-0.0783734
-0.122588
0.135791
-0.0702696
-0.126711
-0.14968
-0.190556
-0.0870576
-0.069291
-0.067568
-0.0709272
-0.137312
-0.173711
-0.169049
0.164719
-0.192754
-0.0825458
-0.158123
-0.138121
-0.129024
-0.127257
-0.105623
-0.255337
-0.261227
-0.119251
0.205465
-0.0442319
-0.0885477
-0.0832252
-0.079826
-0.0909546
-0.151916
-0.134552
0.185143
-0.213587
-0.0481186
-0.157496
-0.125255
-0.130958
-0.112559
-0.129955
-0.113473
-0.137656
0.1456
-0.112701
-0.0874829
-0.0829535
-0.0877705
-0.088103
-0.0934095
-0.0874881
-0.523914
-0.60094
-0.446806
-0.0998626
-0.288374
-0.0690167
-0.30924
-0.40641
-0.411207
-0.406791
-0.0467498
-0.126696
0.0615836
-0.192201
-0.0854185
-0.12014
-0.102478
-0.114816
-0.117689
-0.123279
-0.178918
0.362852
-0.214837
-0.168808
-0.216586
-0.144402
-0.170209
-0.115907
-0.134401
-0.143791
-0.15653
-0.21149
0.227615
-0.155334
-0.112932
-0.127035
-0.115418
-0.143373
-0.129205
-0.138707
-0.0929594
-0.00338644
0.0105389
-0.049104
-0.0683159
-0.0691323
-0.0555336
-0.0631853
-0.0695127
-0.0584382
-0.0222035
-0.130776
-0.0299022
-0.131074
-0.119257
-0.148459
-0.124882
-0.136381
-0.13082
-0.117809
-0.48711
-0.345275
-0.31655
-0.153867
-0.355741
-0.159984
-0.515315
-0.376594
-0.386916
-0.381653
-0.0874098
-0.272278
-0.135923
0.0697553
-0.189002
-0.239533
-0.196631
-0.211484
-0.194468
-0.196469
-0.28753
-0.254308
-0.089822
0.156096
-0.242362
-0.240959
-0.223746
-0.189934
-0.17867
-0.19959
-0.16436
-0.166766
-0.182152
0.175137
-0.13617
-0.0770912
-0.141898
-0.106612
-0.071945
-0.0950095
-0.0471105
0.00672517
0.013114
-0.0326484
-0.0285734
-0.0221438
-0.0207286
-0.028866
-0.0456287
-0.0460942
0.0730403
-0.0412875
-0.0692478
-0.140948
-0.00758262
-0.0460112
-0.040765
-0.0321562
-0.0269401
-0.0495668
0.161554
-0.0961447
-0.135581
-0.0832918
-0.0630425
-0.0809861
-0.0865681
-0.0940533
-0.0896405
-0.0941503
-0.132204
-0.13123
-0.15299
0.204284
-0.196456
-0.122162
-0.139007
-0.0954218
-0.0915934
-0.0730809
-0.070889
-0.006636
0.0325759
-0.0587995
-0.0387979
-0.0324444
-0.059918
-0.0502518
-0.0583798
-0.0412709
-0.280068
-0.130203
-0.25727
-0.180471
0.0970688
-0.269961
-0.206685
-0.225005
-0.226267
-0.199043
-0.0313995
0.0062796
0.0286594
-0.0329608
-0.0214948
-0.0197672
-0.0338781
-0.0263921
-0.0196122
-0.00645384
-0.0547549
-0.0187367
0.0418656
-0.0306285
-0.0417372
-0.0372098
-0.0409019
-0.0415169
-0.0331799
-0.0552249
-0.0341268
0.010418
0.0127038
-0.0135917
-0.00222074
0.00485754
-0.0271098
-0.0103707
-0.00825812
-0.0144228
-0.0304194
0.125334
-0.0868783
-0.0538559
-0.0763576
-0.0372482
-0.0495439
-0.0291569
-0.0280543
-0.0130193
-0.0413123
0.0785878
-0.033138
-0.045017
-0.0255834
-0.0266112
-0.0456745
-0.0380183
-0.0583188
-0.0393274
-0.0499164
0.0443204
-0.0227842
-0.01775
-0.0254679
-0.018585
-0.0218992
-0.0212515
-0.0179555
-0.0225931
-0.128959
0.229377
-0.0954268
-0.0587194
-0.105216
-0.081622
-0.0774406
-0.0757001
-0.0672529
-0.0776701
-0.394055
-0.304401
-0.151713
-0.382307
-0.290519
-0.334613
0.165305
-0.289695
-0.287583
-0.287429
-0.108791
-0.313658
-0.144029
0.158592
-0.31255
-0.324048
-0.297877
-0.253169
-0.267826
-0.272873
-0.076628
0.260257
-0.17975
-0.0491737
-0.155427
-0.0835228
-0.108975
-0.101669
-0.105873
-0.102849
0.0104037
-0.0250532
0.00816798
-0.027204
-0.0026159
0.00250027
0.00155072
-0.0131288
0.00581048
-0.0114777
-0.0931172
-0.187926
0.148122
-0.1197
-0.0970051
-0.131604
-0.118508
-0.129667
-0.119343
-0.130471
-0.0762315
0.107453
-0.070219
-0.033367
-0.0561043
-0.0549025
-0.0529538
-0.0577276
-0.0595937
-0.0585497
-0.0552385
0.163745
-0.0470725
-0.103691
-0.114497
-0.0947611
-0.0665894
-0.0434743
-0.0466883
-0.0462749
-0.198195
-0.121594
-0.0620705
0.110494
-0.0617769
-0.0741013
-0.0810656
-0.0780234
-0.09137
-0.0893819
-0.00973716
-0.0713539
-0.0337532
-0.15852
-0.127722
-0.168556
-0.062149
-0.116068
-0.133301
-0.13362
0.00928349
-0.00288876
0.00828245
-0.0140143
-0.00445864
0.00769186
0.00334621
0.00527985
-0.00285306
-0.000567544
0.157411
-0.0592414
-0.134431
-0.0962482
-0.0467461
-0.0585603
-0.0456763
-0.0473659
-0.0274298
-0.0638718
-0.0939286
0.16814
-0.136937
-0.0191324
-0.0652165
-0.0542314
-0.0796703
-0.0629634
-0.0675202
-0.0862873
0.217165
-0.142296
-0.183664
-0.236682
-0.116123
-0.109968
-0.0420378
-0.0894378
-0.0920694
-0.0745176
0.0926348
-0.118616
-0.135629
-0.0774357
-0.0667123
-0.00212338
-0.088046
-0.0767673
-0.0842041
-0.08296
-0.0298745
0.0731773
-0.0141964
-0.0158062
-0.0342821
-0.0146987
-0.0127092
-0.0138803
-0.025905
-0.0161066
0.179192
-0.165242
-0.141316
-0.266699
-0.1471
-0.218354
-0.114447
-0.1382
-0.122455
-0.137935
-0.246915
0.0129377
-0.237859
-0.197008
0.0410992
-0.223617
-0.215289
-0.181321
-0.183385
-0.187519
0.187854
-0.0725523
-0.166428
-0.16848
-0.0728915
-0.136232
-0.0853142
-0.0718486
-0.0841361
-0.07991
-0.0611697
0.00121592
0.0228471
-0.0595382
-0.0495023
-0.0362551
-0.0535334
-0.0504055
-0.0363619
-0.0508292
-0.0618143
0.0256485
8.62962e-05
-0.0157132
-0.0189803
-0.00720162
-0.0266421
-0.0168539
-0.0336349
0.00638724
-0.0370843
0.0857999
-0.0883131
-0.0939771
-0.120226
-0.0535688
-0.0649782
-0.0605846
-0.0517013
-0.0657656
-0.190851
-0.35554
-0.149894
-0.327423
-0.235195
-0.0094506
-0.319566
-0.301203
-0.29449
-0.300397
0.0213113
-0.0039166
0.00857883
-0.0159079
-0.0191391
-0.0177984
-0.01261
-0.0193093
-0.0407092
-0.00832642
-0.340654
-0.420434
-0.359843
-0.0210354
-0.268476
0.101493
-0.3371
-0.252624
-0.26285
-0.246745
-0.222514
-0.058925
0.115796
-0.115398
-0.112053
-0.110439
-0.137078
-0.133917
-0.114901
-0.125407
0.117248
-0.0479845
-0.0960663
-0.145101
-0.0506673
-0.0582073
-0.0577835
-0.0704224
-0.0481952
-0.0657864
-0.313778
-0.339008
-0.340991
-0.393252
-0.0697558
-0.409405
0.120202
-0.265747
-0.266587
-0.270948
-0.142266
-0.110361
-0.221441
0.207276
-0.181323
-0.0464528
-0.110752
-0.10385
-0.0773858
-0.0834655
-0.246894
-0.16575
0.214617
-0.109461
-0.0314961
-0.249305
-0.123169
-0.122357
-0.114761
-0.120294
-0.180415
0.0800377
-0.277167
-0.0421145
-0.21664
-0.245883
-0.232922
-0.197945
-0.208288
-0.20074
-0.0353119
-0.00450116
0.0256874
-0.00978972
-0.000430046
-0.0266162
-0.0432814
-0.0293692
-0.0186558
-0.0316012
-0.118333
0.214806
-0.147095
-0.148853
-0.0440077
-0.110669
-0.136624
-0.104127
-0.1083
-0.118287
0.222218
-0.132215
-0.170537
-0.182781
-0.08173
-0.108797
-0.093846
-0.0840993
-0.0790566
-0.106874
-0.0938992
0.00532658
0.028401
-0.0678805
-0.0609617
-0.0878359
-0.0642496
-0.0702055
-0.0630184
-0.0532691
-0.0917551
-0.104641
0.0481417
-0.0996913
-0.14208
-0.13032
-0.138587
-0.132298
-0.128544
-0.114023
-0.110366
0.273565
-0.175006
-0.127751
-0.156372
-0.104348
-0.122838
-0.0953756
-0.0979322
-0.0992503
-0.0959019
-0.0183953
0.0635651
-0.0523118
-0.0596711
-0.0802462
-0.0647229
-0.0642712
-0.0564765
-0.0595063
-0.0604227
-0.00778255
0.0118405
-0.0250829
-0.0336709
-0.033867
-0.0310265
-0.0459643
-0.00365185
-0.0340877
-0.483743
-0.183869
-0.465216
-0.335438
-0.443906
-0.0904377
-0.0290126
-0.432144
-0.440322
-0.433084
-0.0288012
0.0592853
-0.0328379
-0.00819026
-0.0354428
-0.0169669
-0.0318049
-0.0408106
-0.0248902
-0.0471306
0.00441299
-0.00180272
-0.00896333
-0.00631431
-0.00934232
0.00467882
-0.00914298
0.00980358
0.00788522
0.0157551
-0.0700649
0.113113
-0.0247188
-0.0640606
-0.0693696
-0.0511737
-0.0099202
-0.0232538
-0.0362758
-0.0459936
-0.0841129
0.0181423
0.0373346
-0.0872303
-0.0775622
-0.0876906
-0.109915
-0.0905943
-0.101103
-0.0850677
-0.134085
0.299932
-0.160544
-0.21157
-0.15522
-0.142697
-0.183193
-0.0952008
-0.0980561
-0.108007
0.18077
-0.0452391
-0.151098
-0.144199
-0.0602953
-0.0746206
-0.0361946
-0.05783
-0.0474751
-0.0400605
-0.120071
0.141634
-0.116365
-0.0629522
-0.100792
-0.0789789
-0.0979724
-0.0721663
-0.0698273
-0.105358
-0.00011689
0.137629
-0.0521367
-0.0897877
-0.135646
-0.0409754
-0.0493828
-0.0438715
-0.0391353
-0.0378862
0.00845314
0.025364
-0.00556875
0.00586047
0.00195925
0.00123461
-0.00135677
-0.000980273
-0.0184536
-0.00408222
-0.127799
0.199738
-0.0958826
-0.0596618
-0.114703
-0.0931193
-0.110579
-0.0918052
-0.113707
-0.113981
-0.0453614
0.0859974
-0.0798175
-0.0540315
-0.0628094
-0.0501607
-0.0453202
-0.0593351
-0.0502779
-0.0382053
-0.0897915
0.0855183
-0.0188381
-0.012428
-0.00904192
-0.0185953
-0.0159377
-0.0184022
-0.037015
-0.00546509
-0.282308
0.0777505
-0.379748
0.00122564
-0.271964
-0.204623
-0.297678
-0.209232
-0.221224
-0.220586
-0.144899
-0.107267
0.163297
-0.237771
-0.0523269
-0.21107
-0.123318
-0.121566
-0.119501
-0.102793
-0.0305158
0.0701818
-0.04922
-0.018045
-0.0352713
-0.0350313
-0.0296558
-0.0475815
-0.039452
-0.0317525
-0.370566
-0.0922501
-0.100051
-0.236438
-0.186269
-0.397938
-0.0666893
-0.25018
-0.254266
-0.236638
-0.19962
-0.390026
-0.252172
-0.319872
-0.152313
0.155729
-0.189299
-0.244764
-0.236198
-0.240933
-0.231226
-0.164761
-0.225712
-0.143864
0.235813
-0.186031
-0.107854
-0.121862
-0.11372
-0.132843
-0.140633
0.0243572
0.00658891
-0.102201
-0.119047
-0.0960102
-0.118753
-0.115131
-0.0936486
-0.125056
-0.0797777
-0.301638
0.0553543
-0.251574
-0.0357207
-0.262528
-0.181839
-0.181331
-0.193548
-0.191739
0.0100909
0.0148538
-0.0157269
-0.0160538
-0.0201437
-0.00413074
-0.00669156
-0.0213953
-0.0045228
0.00808846
-0.194982
-0.0737957
0.149014
-0.138085
-0.180051
-0.199091
-0.136108
-0.147865
-0.122465
-0.124216
-0.0268604
-0.253588
0.0818747
-0.1114
-0.0710446
-0.223353
-0.125842
-0.134823
-0.129504
-0.142755
-0.280694
-0.215069
0.296413
-0.246971
-0.102771
-0.20887
-0.156545
-0.138512
-0.166074
-0.145234
-0.0671768
0.133806
-0.0627904
-0.0936026
-0.0988753
-0.0886798
-0.0634106
-0.0799598
-0.0628163
-0.04056
-0.15389
-0.0948468
-0.169422
0.187004
-0.111318
-0.0905791
-0.0783264
-0.0771582
-0.0607779
-0.0760551
-0.155853
-0.0591456
0.0632568
-0.0861819
-0.0555946
-0.14789
-0.105916
-0.103262
-0.106304
-0.112881
0.0811739
-0.00743193
-0.120556
-0.09304
-0.0112456
-0.0261986
-0.0422374
-0.0214854
-0.0138378
-0.0425911
-0.332096
-0.364628
-0.421575
-0.350329
-0.331098
-0.189288
0.114365
-0.32833
-0.32824
-0.334275
-0.113732
-0.0303245
0.0537097
-0.106878
-0.101942
-0.113058
-0.101157
-0.111083
-0.119539
-0.110535
-0.173386
-0.242953
-0.277934
-0.42207
0.164033
-0.241332
-0.167322
-0.208616
-0.208194
-0.197901
-0.0224336
-0.0110345
0.0293274
-0.0349615
-0.0822393
-0.0190525
-0.00900384
-0.00299545
-0.0261638
-0.0189101
-0.0221189
-0.0306526
0.0361081
-0.0298071
-0.0446332
-0.042259
-0.0493861
-0.0288811
-0.0477872
-0.0418928
0.0969723
-0.216208
-0.200473
-0.147996
0.0415459
-0.140465
-0.0699163
-0.0933222
-0.0997959
-0.0992213
-0.288967
0.125246
-0.0684458
-0.21869
-0.232701
-0.340808
-0.253087
-0.241614
-0.22712
-0.224054
-0.401097
-0.367068
-0.406198
-0.0442153
-0.439101
0.0273369
-0.363814
-0.326742
-0.326602
-0.318249
0.0103135
0.0217407
-0.0340098
-0.0316758
-0.000492727
-0.021025
-0.0135453
-0.0277882
-0.0300151
-0.027523
-0.106264
-0.197889
-0.139389
0.110627
-0.194165
-0.149395
-0.159411
-0.184977
-0.168776
-0.178718
-0.0530784
0.244263
-0.136195
-0.0898792
-0.0894432
-0.0452807
-0.036182
-0.0339768
-0.0363613
-0.0435588
-0.00720495
0.0237743
0.00164209
0.00766354
-0.0128786
-0.0147282
0.00712479
-0.00269673
-0.00350232
-0.0127739
-0.281524
-0.251338
-0.151868
0.0171209
-0.146457
-0.325872
-0.300966
-0.242604
-0.234292
-0.251565
0.0336308
-0.124864
0.075938
-0.049269
-0.0558011
-0.0493001
-0.0522391
-0.0680828
-0.0657951
-0.0721205
-0.113364
0.205797
-0.123628
-0.0357862
-0.152967
-0.0587748
-0.0742384
-0.0661223
-0.0792208
-0.0524218
0.0707721
-0.0550229
-0.129667
-0.146148
-0.0652468
-0.129053
-0.0886859
-0.12141
-0.106181
-0.125266
-0.348293
-0.180469
-0.110923
-0.269168
0.140411
-0.293793
-0.191666
-0.201112
-0.215476
-0.215107
-0.00676945
-0.0190761
-0.00612186
-0.00497734
0.0230041
0.0043739
-0.000564895
-0.0017759
-0.0121872
0.00167291
-0.248979
-0.171741
0.218537
-0.188934
-0.116715
-0.145098
-0.145161
-0.142302
-0.156828
-0.151623
-0.304428
-0.213318
-0.233378
-0.26952
-0.286943
-0.251184
0.145367
-0.261731
-0.273604
-0.269123
0.110999
-0.0572927
-0.12945
-0.181259
-0.0448078
-0.00839069
-0.00895413
-0.0453518
-0.0530565
-0.0620389
0.088717
-0.0561828
-0.0510793
-0.0719802
-0.0627036
-0.0831996
-0.0442519
-0.0677485
-0.0653244
-0.0698927
0.210374
-0.132838
-0.193067
-0.279867
-0.0745097
-0.130119
-0.120515
-0.121261
-0.107091
-0.112638
-0.174211
-0.186069
-0.138185
0.0974043
-0.14476
-0.0798668
-0.17014
-0.128909
-0.116895
-0.122381
-0.208189
-0.232886
-0.336932
-0.236678
0.100752
-0.181964
-0.243181
-0.243512
-0.226858
-0.238187
-0.0652611
-0.0111949
0.0219934
-0.0266931
-0.0324525
-0.0361885
-0.0384261
-0.0326577
-0.0411882
-0.0401933
-0.149984
-0.173593
-0.212765
0.191892
-0.0972267
-0.0376557
-0.157044
-0.0925815
-0.0759242
-0.0935804
-0.223426
-0.0844764
-0.179975
-0.245829
-0.237994
-0.281301
0.112148
-0.216612
-0.210842
-0.212546
-0.0993469
0.0674924
-0.0543875
-0.120875
-0.0880506
-0.0985046
-0.108251
-0.1069
-0.122347
-0.104174
-0.0380246
0.00696732
0.0239408
-0.0393908
-0.013351
-0.00583438
-0.0127329
-0.0117954
-0.0206233
-0.0304763
-0.116393
-0.00123062
0.0677331
-0.0640429
-0.0607062
-0.0520601
-0.0699017
-0.0772197
-0.0799597
-0.0688795
-0.073454
-0.31634
-0.215575
0.225112
-0.250013
-0.316787
-0.257414
-0.202059
-0.210237
-0.221461
-0.0099202
0.00190368
-0.00782903
0.00411787
-0.00312443
0.00789461
0.0138637
-0.00479217
0.0159611
-0.00788656
0.17316
-0.143793
-0.224222
-0.168691
-0.0834203
-0.121499
-0.0924607
-0.119024
-0.113783
-0.102152
0.0129584
0.0408998
-0.345788
-0.0968392
-0.201151
-0.258445
-0.147575
-0.181527
-0.176359
-0.196026
-0.135634
-0.0642278
0.0674968
-0.0420314
-0.118458
-0.106264
-0.0939744
-0.0981388
-0.106008
-0.10086
-0.0468015
0.0503457
-0.0156081
-0.0143288
-0.014824
-0.00272237
-0.00837659
-0.00971241
-0.00344062
0.00761394
-0.221039
-0.0943803
0.16807
-0.197578
-0.111033
-0.167697
-0.177506
-0.170221
-0.150571
-0.146433
-0.35891
-0.310614
-0.102016
0.057668
-0.304209
-0.277344
-0.326332
-0.274555
-0.27327
-0.256608
-0.0271687
0.0180161
0.00135235
0.0193746
-0.0162898
-0.00777923
-0.00806501
-0.0147265
-0.00563888
-0.0121549
-0.0339944
0.00539082
0.0182069
-0.0404423
-0.0267774
-0.0289347
-0.035769
-0.0309543
-0.0421271
-0.0323229
-0.130561
0.181848
-0.1788
-0.0564161
-0.1533
-0.101038
-0.121624
-0.128996
-0.12505
-0.126449
0.20849
-0.107354
-0.214919
-0.158308
-0.0590102
-0.0751394
-0.0655399
-0.0522032
-0.0922395
-0.0737527
0.207636
-0.0996834
-0.171259
-0.19261
-0.113519
-0.133025
-0.090311
-0.0998111
-0.103673
-0.0941592
-0.378698
-0.187712
-0.380081
-0.0647899
-0.318327
-0.0491118
-0.337731
-0.334921
-0.328132
-0.338321
-0.119453
0.363249
-0.128509
-0.107421
-0.126013
-0.144097
-0.129569
-0.0920809
-0.0732649
-0.063795
-0.0896692
0.0961002
-0.190136
-0.290746
-0.220193
-0.121411
-0.163793
-0.198188
-0.177997
-0.201332
0.0506271
-0.21853
-0.334458
-0.329913
-0.211634
-0.057104
-0.207897
-0.229582
-0.234174
-0.241191
0.178883
-0.0725307
-0.191013
-0.0937464
-0.0218316
-0.076948
-0.059698
-0.0700051
-0.0659986
-0.067552
-0.146536
-0.160238
-0.150876
0.130022
-0.233223
-0.165003
-0.167549
-0.135379
-0.153742
-0.140685
-0.0998917
-0.0109227
0.0418639
-0.035023
-0.0592896
-0.0407701
-0.0475572
-0.0305185
-0.0379755
-0.0235982
-0.0305045
0.0192469
-0.0115968
0.0151017
-0.00182057
-0.0100803
-0.0059358
0.00828339
0.00191433
0.00388922
-0.027941
-0.122281
0.158894
-0.045554
-0.0425127
-0.05823
-0.0498362
-0.0600228
-0.0444226
-0.0531425
-0.271641
0.170894
-0.0912954
-0.338734
-0.280246
-0.32361
-0.320595
-0.279751
-0.266801
-0.27504
-0.0545376
0.0837834
-0.0409439
-0.0046625
-0.0163037
-0.0109224
-0.0197094
-0.00245077
-0.00861919
-0.0143323
-0.117763
-0.152404
-0.0738261
0.132952
-0.088151
-0.124001
-0.0795039
-0.069573
-0.077588
-0.0750831
0.144392
-0.0593381
-0.16255
-0.145214
-0.148481
-0.0793561
-0.0924581
-0.135351
-0.115171
-0.104498
-0.139311
-0.0976951
-0.124998
-0.128173
-0.113725
0.0208661
0.00974515
-0.120485
-0.111924
-0.122761
-0.24909
-0.188389
-0.0886516
0.163081
-0.211749
-0.0907144
-0.106941
-0.124215
-0.112385
-0.125549
0.0153592
-0.0936533
0.0547329
-0.0714922
-0.0712715
-0.114686
-0.0720998
-0.0876289
-0.0765958
-0.0727352
0.00128717
0.0076753
-0.00384907
-0.00243731
0.01562
0.000350419
-0.0182314
-0.00122737
0.0104136
-0.00366206
-0.171436
-0.211316
-0.143646
0.201311
-0.14143
-0.152836
-0.14197
-0.113578
-0.107306
-0.113572
-0.0334906
0.176965
-0.123348
-0.0925425
-0.122552
-0.111729
-0.0765406
-0.0870373
-0.083694
-0.0798505
0.0761726
-0.0599996
-0.0260499
-0.0752823
-0.0121989
-0.019076
-0.0116515
-0.00648595
-0.0201748
-0.00317387
-0.0228656
0.014069
0.0117781
-0.0099446
-0.00720352
-0.0124425
0.00244662
-0.0104496
0.00200216
0.000770792
0.0417138
-0.167547
0.0212464
-0.177215
-0.0883847
-0.127032
-0.132857
-0.134608
-0.113556
-0.106783
-0.106127
0.244771
-0.15889
-0.118947
-0.137987
-0.130656
-0.173143
-0.11414
-0.119588
-0.123208
-0.166954
-0.197341
-0.129932
0.156197
-0.145278
-0.0270362
-0.136925
-0.0954725
-0.0987115
-0.0933886
0.0882931
-0.0954848
-0.184212
-0.190161
-0.0802332
-0.0883578
-0.0708812
-0.0881263
-0.0905723
-0.0770649
-0.073421
0.0759429
-0.11521
-0.0703324
-0.11948
-0.0628625
-0.0575239
-0.0521979
-0.049159
-0.0588828
0.180322
-0.0988147
-0.159304
-0.0579105
-0.0642601
-0.0703133
-0.0580632
-0.0703926
-0.0675585
-0.0571087
-0.121014
-0.304569
-0.216554
-0.480758
-0.056627
-0.357533
-0.313297
-0.334983
-0.343184
-0.351545
-0.182248
-0.051781
0.170026
-0.175758
-0.0772794
-0.172285
-0.11001
-0.109707
-0.106968
-0.101669
-0.25754
-0.184568
-0.221474
-0.186168
0.23375
-0.203502
-0.137143
-0.141287
-0.132756
-0.150508
-0.376913
-0.0315457
-0.278281
-0.279789
-0.0365425
-0.28208
-0.262966
-0.26375
-0.256226
-0.261939
-0.0939426
0.253165
-0.189606
-0.112388
-0.22264
-0.0552501
-0.114129
-0.09296
-0.0822818
-0.0932813
0.192865
-0.196847
-0.227431
-0.193909
-0.0913459
-0.193286
-0.0965819
-0.133071
-0.126956
-0.12008
0.00257142
0.0375006
-0.0185817
-0.00672924
-0.0194957
-0.0170057
-0.0154648
-0.014888
-0.0178324
-0.00405477
-0.20429
-0.145273
0.155967
-0.0322295
-0.0977152
-0.195566
-0.158352
-0.11806
-0.110392
-0.117834
-0.18377
-0.0713842
0.0999639
-0.212199
-0.105747
-0.21671
-0.155117
-0.160903
-0.156939
-0.145191
-0.0542046
0.120886
-0.0988653
-0.102614
-0.123189
-0.15322
-0.143829
-0.0914525
-0.088717
-0.0935253
-0.321308
-0.0810621
-0.197904
-0.245297
0.0159404
-0.224781
-0.172558
-0.232231
-0.227447
-0.220658
-0.097243
-0.0663531
0.0173927
-0.0284013
-0.0803665
-0.103906
-0.0912183
-0.0694048
-0.0876843
-0.084975
-0.0321557
-0.0211337
0.0386006
-0.0405512
-0.0308623
-0.0413402
-0.0379867
-0.0516066
-0.0393059
-0.040291
-0.309241
-0.125596
-0.31686
-0.09009
-0.266581
-0.411028
-0.334567
-0.323887
-0.324886
-0.331191
0.0824335
-0.102146
-0.167309
-0.0893969
-0.00673959
-0.0401592
-0.0563367
-0.0636293
-0.048378
-0.0578905
-0.209026
-0.266829
0.0590264
-0.203721
-0.20096
-0.346257
-0.273233
-0.257225
-0.256569
-0.270565
-0.149941
-0.176499
-0.159419
0.220519
-0.159252
-0.0651133
-0.0938785
-0.0865137
-0.0782863
-0.071381
-0.0381336
0.0391948
-0.00240135
-0.00190548
-0.0136618
0.00900249
0.0178415
-0.00174572
0.00502664
0.00113841
-0.0336009
0.026498
-0.0221454
-0.0235009
-0.00793492
-0.0206517
-0.0275936
-0.020134
-0.0213084
-0.0143711
-0.119909
-0.373957
-0.247575
-0.345481
0.0241427
0.0110972
-0.209743
-0.2084
-0.214855
-0.197217
-0.114589
-0.210343
-0.153098
0.237058
-0.164018
-0.199618
-0.186652
-0.119766
-0.12539
-0.139133
-0.183765
-0.202654
-0.159832
0.180635
-0.169348
-0.0409347
-0.128478
-0.0992642
-0.132117
-0.104663
-0.147523
0.161906
-0.149399
-0.0441245
-0.136359
-0.146633
-0.132705
-0.119073
-0.122656
-0.11492
0.0511153
-0.167427
-0.0316227
-0.214686
-0.118121
-0.170199
-0.178525
-0.149926
-0.157783
-0.151509
-0.243568
-0.118303
-0.228707
-0.160702
0.157848
-0.214848
-0.135176
-0.141411
-0.157614
-0.147014
-0.0275446
0.0469803
-0.00828584
-0.00743316
-0.0317323
-0.0124347
-0.0120434
-0.01409
-0.0159764
-0.0217045
-0.0622363
-0.00997751
0.0415008
-0.0233358
-0.0395436
-0.0459862
-0.0277906
-0.0189927
-0.0448659
-0.0207849
-0.149522
0.295612
-0.139361
-0.176107
-0.135685
-0.168256
-0.101546
-0.125328
-0.124398
-0.118198
0.132186
-0.0381001
-0.157343
-0.157187
-0.0360603
-0.0769383
-0.0601815
-0.0745619
-0.0501924
-0.0642409
-0.0105717
0.0628319
-0.0282245
-0.0366348
-0.0372787
-0.0467198
-0.0372314
-0.0248234
-0.0182532
-0.0436519
-0.00622004
0.00388208
0.0206473
0.0056539
-0.014286
-0.0204678
-0.0185172
0.0119223
-0.00978975
-0.0130124
-0.190941
-0.182581
-0.0852232
0.0811565
-0.177867
-0.0668067
-0.118556
-0.112235
-0.116173
-0.117801
-0.113706
-0.00693709
0.0199016
-0.0808863
-0.0690106
-0.085718
-0.0766861
-0.0605023
-0.0650173
-0.0670582
0.0464853
-0.115166
-0.0876612
-0.050497
-0.159679
-0.0744737
0.00930835
-0.0917699
-0.0735606
-0.0774607
-0.0971411
0.204136
-0.0607626
-0.0442785
-0.125739
-0.0187615
-0.0553259
-0.0506779
-0.0596694
-0.058921
-0.0671564
0.151595
-0.0674456
-0.131444
-0.0790275
-0.0476123
-0.0352435
-0.0310334
-0.0421075
-0.0324247
-0.158934
-0.233672
-0.395606
-0.461325
-0.316496
-0.373476
0.147171
-0.263152
-0.261034
-0.262267
-0.116313
0.280248
-0.163293
-0.109173
-0.172193
-0.0913002
-0.0924128
-0.0990376
-0.0858956
-0.090515
-0.0463203
0.187244
-0.119906
-0.069896
-0.184708
-0.0411448
-0.0876239
-0.0541245
-0.0795201
-0.0635436
-0.275242
0.0445599
-0.000178458
-0.247186
-0.137217
-0.270133
-0.225483
-0.188582
-0.171567
-0.197847
0.136597
-0.00553637
-0.264484
-0.158968
-0.217997
-0.224606
-0.15836
-0.167502
-0.182939
-0.173944
-0.166731
-0.21352
-0.0619867
0.0936094
-0.182491
-0.0884784
-0.127474
-0.114098
-0.119425
-0.131971
-0.000170323
0.0404706
-0.00457869
-0.0248301
-0.0163953
-0.026376
-0.0221968
-0.0204938
-0.0355231
-0.0378099
-0.0763413
0.0367432
0.00628978
0.00430222
0.00889596
0.000931094
-0.0103086
-0.000891254
-0.0076323
-0.026596
-0.24379
-0.179365
-0.0517658
0.105775
-0.141561
-0.215698
-0.155075
-0.128384
-0.123055
-0.123588
-0.203901
-0.0744034
0.154631
-0.0578357
-0.0704002
-0.073384
-0.0622701
-0.0614649
-0.0493915
-0.0593053
-0.254842
-0.179001
-0.277038
-0.149756
0.163903
-0.192157
-0.134996
-0.171674
-0.168744
-0.172005
0.0106165
-0.111866
0.0772312
-0.0597698
-0.0865823
-0.0727985
-0.0853709
-0.070395
-0.0917601
-0.082526
-0.135522
0.186055
-0.169268
-0.0798715
-0.234675
-0.188957
-0.195406
-0.125844
-0.134993
-0.126893
-0.0385142
-0.215239
-0.183008
-0.0176623
-0.212303
-0.141041
-0.18854
-0.207063
-0.184935
-0.207117
-0.0404368
0.055962
-0.000333808
-0.0096935
-0.00302729
0.00384227
0.000598256
-0.00694347
0.0269466
0.00703605
-0.0138818
0.055516
-0.016586
-0.0479068
-0.0395773
-0.0397637
-0.0304263
-0.0317086
-0.033073
-0.021985
-0.253107
-0.235122
0.26072
-0.176877
-0.071362
-0.24964
-0.137248
-0.135958
-0.152749
-0.136834
-0.0751234
0.0819846
-0.0263563
-0.0221724
-0.033212
-0.0239759
-0.0158091
-0.0186342
-0.0336753
-0.0322609
-0.0406967
0.00281014
0.0235931
-0.0632699
-0.0740386
-0.0735879
-0.0667141
-0.0694579
-0.0562295
-0.0767236
-0.238154
-0.0922295
0.160037
-0.137378
-0.184535
-0.184932
-0.108968
-0.10776
-0.104007
-0.119984
-0.280846
-0.159668
-0.12774
-0.377902
-0.0455418
-0.354586
-0.286611
-0.324072
-0.315104
-0.31924
0.0909344
0.0023161
-0.34168
-0.0856571
-0.158435
-0.125788
-0.110159
-0.147665
-0.149548
-0.162078
-0.047293
0.0515282
-0.0191642
-0.0110959
-0.00756373
-0.0394772
-0.0235331
-0.0146434
-0.0251892
-0.0276826
-0.000936531
0.0018933
-0.00192116
-0.0119188
-0.016868
-0.011762
-0.00946079
-0.0127905
-0.026428
-0.0143422
-0.0428931
0.320352
-0.111298
-0.0863778
-0.163015
-0.113615
-0.145973
-0.0625715
-0.0420158
-0.0766815
-0.154238
-0.142222
0.115453
-0.1188
-0.0898506
-0.175953
-0.123735
-0.0992167
-0.116547
-0.111077
-0.0141298
0.0432098
-0.00595209
-0.0147309
-0.0213626
-0.00912246
-0.00923483
-0.0117461
0.00062129
-0.0313467
-0.0832898
-0.0112847
0.0386298
-0.0473722
-0.0333192
-0.0530303
-0.0414595
-0.0526482
-0.0367178
-0.0497448
0.0908184
-0.0998854
-0.122985
-0.215595
-0.13615
-0.180073
-0.128682
-0.134772
-0.147558
-0.142091
0.211594
-0.0999915
-0.138861
-0.103773
-0.0585898
-0.0971065
-0.0426199
-0.0727871
-0.0744441
-0.0705089
-0.214976
-0.0924969
0.126988
-0.10403
-0.165567
-0.220103
-0.133247
-0.125967
-0.114944
-0.127441
-0.135981
-0.433279
-0.189276
-0.358847
0.0609726
-0.309056
-0.272582
-0.282948
-0.284823
-0.277439
-0.0279496
0.105546
-0.0442411
-0.0532668
-0.0681509
-0.0702113
-0.0339691
-0.0403947
-0.0549332
-0.0368059
-0.206538
-0.0901228
0.161901
-0.145032
-0.124006
-0.179616
-0.104515
-0.103007
-0.117764
-0.115791
-0.143759
0.201088
-0.146658
-0.115094
-0.133249
-0.152397
-0.127003
-0.141938
-0.13078
-0.145598
-0.196517
-0.343541
-0.202783
-0.31934
-0.202489
0.162289
-0.211049
-0.21847
-0.217226
-0.210565
-0.203903
-0.214788
-0.170922
-0.0925023
0.229755
-0.0788207
-0.0694151
-0.0820429
-0.0920101
-0.0959531
-0.287758
-0.178629
-0.125149
0.122897
-0.274809
-0.166592
-0.184202
-0.152529
-0.167776
-0.17542
0.162392
-0.118948
-0.136546
-0.242848
-0.10959
-0.076771
-0.0925338
-0.081215
-0.0866734
-0.0854846
-0.264374
-0.285277
0.0562659
-0.286388
-0.00738511
-0.22594
-0.175191
-0.209617
-0.22933
-0.238355
-0.0356724
0.00413679
0.000431174
-0.0191019
-0.0496217
-0.0287437
-0.0495905
-0.0245379
-0.0312824
-0.0491695
0.172093
-0.0689174
-0.136891
-0.120543
-0.107481
-0.132071
-0.0621275
-0.0713141
-0.0781866
-0.0677505
0.0116295
0.0181034
-0.0539122
-0.056735
-0.0561209
-0.0429317
-0.0301315
-0.0446323
-0.0646461
-0.0591098
-0.139748
-0.195227
-0.141059
0.194806
-0.154041
-0.149115
-0.134614
-0.105508
-0.0796334
-0.097438
-0.512914
-0.263075
-0.42225
-0.516827
-0.205676
-0.493774
0.0251402
-0.414157
-0.402425
-0.398067
-0.0627709
-0.141312
0.0247332
-0.0901857
-0.16902
-0.214419
-0.162326
-0.149879
-0.158487
-0.16988
-0.00506549
-0.000547374
0.0241706
-0.00354664
-0.0030089
-0.00270549
-0.00606069
-0.00127216
0.00626084
-0.00505913
-0.0570034
-0.0853144
0.0986281
-0.0827991
-0.0420607
-0.0568125
-0.0442781
-0.0602477
-0.076777
-0.068446
-0.00105878
-0.00140215
-0.00420821
0.0081512
0.00216236
0.0170871
0.00150505
-0.00985696
0.0234888
-0.0043007
-0.00077063
-0.18985
-0.0384223
-0.17308
-0.148507
-0.188514
-0.188332
-0.189888
-0.1876
-0.203003
-0.17488
-0.128591
0.167105
-0.134271
-0.138032
-0.273825
-0.146788
-0.130944
-0.147951
-0.134446
0.0024115
0.00902687
-0.0597856
-0.0165876
-0.0198453
-0.0149637
-0.0315233
-0.00484725
-0.0189017
-0.0347749
-0.0189096
-0.0778166
0.0203637
-0.123342
-0.121424
-0.146098
-0.133402
-0.12845
-0.12512
-0.11997
0.205154
-0.0836766
-0.261165
-0.112293
-0.123609
-0.158946
-0.082749
-0.115307
-0.115397
-0.113831
-0.0316209
-0.00887465
0.0137056
-0.0212127
-0.0139632
-0.0413204
-0.0257856
-0.0207728
-0.0278525
-0.0258919
-0.201255
-0.111313
0.154211
-0.161846
-0.0756716
-0.13612
-0.106887
-0.120827
-0.130008
-0.117544
-0.0389342
0.0109599
0.015615
-0.0267061
-0.0112326
-0.0268599
-0.0198171
-0.014845
-0.0214662
-0.0230641
-0.201126
-0.172001
0.144392
-0.131807
-0.0737484
-0.142357
-0.131615
-0.107461
-0.128488
-0.125791
0.0364613
-0.22607
-0.160336
-0.00511734
-0.111417
-0.135992
-0.125815
-0.163769
-0.163598
-0.149877
-0.100485
0.309904
-0.168645
-0.190207
-0.231524
-0.166551
-0.149738
-0.130492
-0.139122
-0.128648
-0.120679
-0.036725
0.0383723
-0.0702689
-0.085573
-0.0704843
-0.0678711
-0.08156
-0.0726651
-0.0885307
-0.204315
-0.500331
-0.339265
-0.190948
-0.485006
-0.11005
-0.341027
-0.368797
-0.368269
-0.35562
-0.0735342
-0.00915089
0.0334923
-0.0552488
-0.0545156
-0.0553699
-0.0596958
-0.0539465
-0.0500304
-0.0433063
-0.126114
0.182743
-0.125909
-0.114151
-0.180902
-0.103793
-0.10679
-0.106406
-0.113002
-0.115113
-0.117638
-0.193498
-0.207629
0.228126
-0.135901
-0.0975315
-0.103226
-0.0949819
-0.0935007
-0.081762
-0.0749655
0.0282869
-0.0131686
-0.0608825
-0.0548153
-0.0620296
-0.0575791
-0.0652672
-0.059363
-0.0590399
-0.161654
-0.100118
-0.0876083
0.120093
-0.0538227
-0.0440417
-0.0730268
-0.05843
-0.0655748
-0.0741101
-0.00487936
-0.00223805
0.0128802
-0.00697606
-0.0151934
0.00823087
-0.0144048
-0.0119218
-0.0169838
-0.0168484
-0.225484
-0.309812
-0.414204
-0.437782
-0.333325
-0.288356
0.132683
-0.319279
-0.321959
-0.320521
-0.0777527
0.14635
-0.0455738
-0.0760322
-0.141105
-0.0037322
-0.0669084
-0.0403445
-0.0466276
-0.0298881
-0.148062
-0.127046
0.226667
-0.13172
-0.121059
-0.196403
-0.085845
-0.1154
-0.0960006
-0.119697
0.0171684
-0.00557294
0.00101955
-0.00490419
0.00782428
-0.0207606
0.0217241
-0.0151644
0.000624688
-0.00868346
-0.0940204
-0.00467294
0.0422033
-0.0690672
-0.0850172
-0.0757299
-0.0741546
-0.0748256
-0.0749407
-0.0821129
-0.238533
-0.160017
0.189204
-0.114897
-0.216363
-0.226355
-0.158261
-0.150011
-0.151803
-0.151544
-0.134043
-0.0579159
-0.377608
-0.00307838
-0.273427
-0.100713
-0.208923
-0.181542
-0.205128
-0.190054
-0.247542
-0.179608
-0.0756506
0.0994247
-0.170964
-0.103338
-0.115463
-0.132369
-0.121101
-0.113818
-0.0455958
-0.0358646
0.0415649
-0.00730321
-0.0178484
-0.0215113
-0.00709061
-0.00578237
-0.0324209
-0.00049613
-0.114827
-0.158431
-0.155648
0.1467
-0.144698
-0.0338722
-0.123406
-0.0802991
-0.0901182
-0.0794719
-0.0393725
0.0831226
-0.0622658
-0.0570328
-0.0696281
-0.121054
-0.0474131
-0.0459795
-0.0417978
-0.0632096
-0.346307
0.0732295
0.0700413
-0.325526
-0.221783
-0.27193
-0.199125
-0.209435
-0.208936
-0.20187
-0.217872
-0.219526
-0.185193
0.255334
-0.18188
-0.221425
-0.159624
-0.152298
-0.152814
-0.155384
0.203501
-0.175443
-0.239855
-0.167604
-0.122271
-0.19449
-0.0872546
-0.138373
-0.136655
-0.132503
0.00178091
-0.159953
-0.0960294
-0.324594
-0.126191
-0.215977
-0.202814
-0.219845
-0.198864
-0.220392
-0.041509
-0.0969473
-0.0263273
-0.0314899
-0.13709
-0.18043
-0.0370314
-0.0883988
-0.0986038
-0.0905056
0.000307784
-0.0113924
0.00302944
-0.00583389
0.0239471
-0.0063307
-0.00292235
-0.0243498
-0.00384473
-0.00786687
-0.0968462
-0.239033
-0.249207
0.113395
-0.17325
-0.082091
-0.163706
-0.149241
-0.154926
-0.140089
0.0961949
-0.101791
-0.109924
-0.164
-0.112132
-0.170085
0.039464
-0.0926295
-0.0765858
-0.0684827
-0.013133
0.0588493
-0.0231636
-0.0861669
-0.0336174
-0.136794
-0.0652203
-0.0376429
-0.0513534
-0.0382884
-0.17813
-0.14813
0.0726933
-0.0951017
-0.175826
-0.466429
-0.211957
-0.180191
-0.192412
-0.196117
0.125393
-0.0105763
-0.0882135
-0.0658921
-0.0140622
-0.0207831
-0.0210976
-0.0092612
-0.0220483
-0.0413858
-0.299816
-0.202076
-0.40955
-0.0828546
-0.29262
0.0221123
-0.317526
-0.277263
-0.266338
-0.270543
0.0292336
-0.194173
-0.019144
-0.204724
-0.130607
-0.1899
-0.136978
-0.131259
-0.143007
-0.14133
-0.152368
-0.321706
-0.204288
0.263151
-0.226883
-0.263501
-0.227969
-0.200294
-0.18709
-0.173374
0.154082
-0.12474
-0.183549
-0.128581
-0.00287728
-0.112652
-0.0930344
-0.0935177
-0.0820663
-0.0915578
-0.168755
-0.241393
-0.173385
0.235878
-0.183885
-0.219711
-0.195806
-0.177109
-0.175032
-0.167999
-0.275137
0.0724131
-0.260217
0.0980746
-0.154395
-0.0981598
-0.167946
-0.143913
-0.145671
-0.132065
-0.147532
-0.110691
0.117613
-0.136002
-0.18267
-0.173381
-0.148522
-0.138565
-0.135825
-0.142314
0.0864165
-0.145848
-0.271489
-0.0471566
-0.195948
-0.160238
-0.135581
-0.141674
-0.130736
-0.132685
-0.0826865
-0.0530298
-0.0278341
-0.108318
-0.073942
0.0434975
-0.084103
-0.0687635
-0.0684201
-0.0741607
-0.141118
0.208725
-0.106223
-0.0568928
-0.122994
-0.0546303
-0.0686696
-0.0627099
-0.064757
-0.0518008
-0.0974596
0.170693
-0.198639
-0.0683014
-0.119193
-0.149982
-0.09823
-0.127024
-0.122426
-0.124201
-0.00981441
0.0112642
-0.0173411
-0.0213438
0.0163031
-0.0140378
-0.00140878
-0.0171907
-0.0047757
0.00619328
-0.0549043
-0.0224102
0.0454044
-0.0283145
-0.0443502
-0.0322716
-0.0154373
-0.0253371
-0.0165564
-0.0233257
-0.265712
-0.188501
-0.235353
0.214173
-0.125353
-0.215096
-0.257698
-0.157766
-0.154941
-0.144865
-0.105407
0.0914486
0.00344638
-0.0246896
-0.00976274
-0.0174279
-0.0186715
-0.0137454
-0.0144055
-0.0117125
0.12091
-0.248014
-0.0846874
-0.153505
-0.169168
-0.2151
-0.120027
-0.127509
-0.143122
-0.144381
0.171006
-0.121699
-0.155988
-0.154301
-0.122829
-0.165441
-0.0999988
-0.114396
-0.122821
-0.125809
-0.350659
0.0690064
-0.342274
-0.302751
-0.0364731
-0.377864
-0.311665
-0.291127
-0.301335
-0.298583
-0.13935
-0.173374
0.151013
-0.144555
-0.0863599
-0.151282
-0.132796
-0.134506
-0.135058
-0.151311
-0.248963
-0.160016
-0.252623
-0.177101
0.227863
-0.156722
-0.0958844
-0.13782
-0.141235
-0.131057
-0.275836
-0.139209
0.188602
-0.177015
-0.0843417
-0.140471
-0.118358
-0.12895
-0.122894
-0.148769
0.00486137
-0.00708676
-0.0123384
0.00312731
0.0155086
-0.00498681
-0.00480061
-0.0140612
0.00539531
-0.00312164
-0.134217
-0.103649
0.152211
-0.104813
-0.146338
-0.164757
-0.127477
-0.121142
-0.111728
-0.112987
-0.0093716
0.0117714
-0.0122216
-0.00383025
0.00284749
0.00290159
0.000550356
-0.00235275
0.00587696
-0.021599
-0.0915167
-0.220329
-0.157829
0.118924
-0.173947
-0.116806
-0.161918
-0.142192
-0.146494
-0.145062
0.011305
4.01175e-05
0.00258952
0.00129737
0.0128746
-0.00968468
0.0201191
-0.00386383
-0.00946706
-0.00275216
-0.178768
0.314457
-0.165146
-0.186784
-0.210247
-0.173632
-0.147308
-0.108354
-0.12659
-0.124643
-0.0596445
-0.245744
0.113473
-0.161653
-0.155365
-0.218164
-0.147334
-0.145131
-0.145349
-0.144653
-0.00634134
-0.0124436
-0.00400531
-0.00657973
-0.00107277
0.00821562
0.0166982
-0.0149388
-0.0244282
-0.0143995
-0.0132737
0.0323466
0.00191231
-0.0246481
-0.000169026
-0.0168018
0.00317445
-0.000651943
-0.00103648
-0.0206141
-0.27565
-0.161973
-0.175915
0.1644
-0.225427
-0.176168
-0.194652
-0.159989
-0.177283
-0.166363
-0.317973
-0.246822
-0.317373
-0.177154
-0.298848
-0.121087
0.133667
-0.27108
-0.28078
-0.274798
-0.256315
-0.149742
0.182317
-0.213425
-0.108749
-0.224389
-0.139332
-0.152617
-0.142516
-0.150592
0.153471
-0.0697137
-0.182905
-0.188068
-0.115417
-0.124053
-0.128212
-0.121731
-0.131002
-0.134836
-0.382164
-0.317281
-0.22088
-0.0975657
-0.129789
-0.184806
-0.333846
-0.313397
-0.312655
-0.308972
-0.0286823
0.0662861
-0.0238223
-0.0196989
-0.0322845
-0.0183519
-0.0330112
-0.0204663
-0.020628
-0.0294871
-0.00886789
0.0306016
-0.0184295
-0.0576756
-0.0116317
-0.0252813
-0.0459248
-0.030919
-0.0130265
-0.0325743
-0.0156086
-0.00819887
0.0131479
-0.0068388
-0.00928159
-0.0121577
-0.000308812
-0.0135852
-0.0088764
-0.0106607
-0.267714
-0.374683
-0.29846
-0.381803
-0.309677
-0.194773
0.133073
-0.292369
-0.285382
-0.292584
-0.245036
-0.5071
-0.196031
-0.377532
-0.299054
0.0414003
-0.328071
-0.369594
-0.362836
-0.361662
-0.0618174
-0.245287
-0.272613
-0.252654
0.105202
-0.135854
-0.143272
-0.155646
-0.147478
-0.158189
0.219639
-0.151876
-0.216863
-0.188439
-0.123073
-0.148033
-0.0876546
-0.0981821
-0.110624
-0.113352
-0.538415
-0.556
-0.571477
-0.191682
-0.310854
-0.0403504
-0.462898
-0.433426
-0.446871
-0.436841
-0.0608179
0.0993311
-0.0120757
-0.00886049
-0.0213249
-0.0135647
-0.0301332
-0.0301172
-0.0183641
-0.017054
-0.0976012
0.201856
-0.127234
-0.123285
-0.12217
-0.0503994
-0.0790072
-0.0983584
-0.0746432
-0.0730467
0.00799644
-0.00361555
-0.0179032
0.00816479
-0.00199997
0.00887394
-0.00516474
0.0021679
-0.0137733
0.00969359
-0.207925
-0.235552
-0.133373
0.0387074
-0.364051
-0.300301
-0.360153
-0.290252
-0.286721
-0.291848
-0.154156
-0.184447
0.191642
-0.187122
-0.0627394
-0.102155
-0.094276
-0.12131
-0.110528
-0.10202
-0.0930149
0.178757
-0.171776
-0.224945
-0.191641
-0.00131065
-0.112599
-0.13292
-0.126616
-0.132348
0.0191202
0.187507
-0.269882
-0.209167
-0.164015
-0.124876
-0.172172
-0.146735
-0.133957
-0.137741
0.00573108
0.0158651
-0.00925409
-0.0111512
-0.0105525
-0.0418175
-0.0224502
-0.0218142
-0.0251499
-0.0204815
0.15373
-0.0329827
-0.125935
-0.0965982
-0.0681293
-0.0951283
-0.0155507
-0.0593705
-0.0452877
-0.043952
-0.0207869
0.0250355
-0.00881713
-0.00117412
-0.000964336
0.0051718
0.00368152
-0.00140766
0.00586881
-0.00976731
-0.0751252
-0.193726
-0.171387
0.14003
-0.118496
-0.0776343
-0.096812
-0.109151
-0.115326
-0.104814
-0.138383
0.269304
-0.146223
-0.147878
-0.136727
-0.0941026
-0.176949
-0.0820099
-0.0829547
-0.0599723
-0.202716
-0.242559
-0.192551
-0.331011
-0.348093
0.131015
-0.249496
-0.21136
-0.214641
-0.223798
-0.193508
-0.140199
0.183308
-0.18293
-0.0504586
-0.166136
-0.126588
-0.0906301
-0.103364
-0.117408
-0.0787542
-0.0357962
0.0760497
-0.0820829
-0.0845763
-0.0772566
-0.0986734
-0.0764927
-0.0898024
-0.0928775
0.0160134
-0.020475
0.0165753
0.00911226
-0.0135378
0.00334822
0.00543382
0.0134708
0.000235369
-0.00938902
-0.124026
-0.220097
-0.221115
0.245433
-0.250238
-0.193653
-0.212401
-0.150803
-0.156097
-0.15228
0.234914
-0.0991927
-0.278071
-0.129383
-0.0986083
-0.169226
-0.0743466
-0.096503
-0.0851058
-0.091139
-0.305694
-0.132919
0.233674
-0.213447
-0.0731317
-0.220707
-0.14131
-0.119592
-0.133422
-0.15285
0.00846293
-0.00206398
0.00229766
-0.00416406
0.00932827
0.0061186
0.00589105
0.00650013
0.00359679
-0.00310864
-0.00689653
0.0616993
-0.00232953
-0.0133775
-0.108642
-0.0097823
-0.0233609
0.00512612
-0.00641721
-0.00981576
-0.00583562
-0.30465
-0.172259
0.0453602
-0.236829
-0.295474
-0.137264
-0.25009
-0.221798
-0.236212
-0.11004
-0.1168
0.138676
-0.0631423
-0.0498402
-0.156709
-0.0980695
-0.0916148
-0.0649641
-0.0899118
-0.0822283
0.262138
-0.104264
-0.126745
-0.212861
-0.0672697
-0.108525
-0.0446573
-0.0699737
-0.0692802
0.0910985
-0.122366
-0.0394479
-0.0941329
-0.0260471
-0.0406211
-0.0586468
-0.064158
-0.0615577
-0.0591088
-0.273684
-0.167233
0.200389
-0.225703
-0.147856
-0.244759
-0.170588
-0.1535
-0.14284
-0.15614
-0.0740159
-0.0275052
0.0570176
-0.0571642
-0.0483943
-0.0579329
-0.0515372
-0.0530005
-0.02822
-0.0555201
-0.144676
0.23839
-0.126134
-0.136035
-0.142434
-0.0945443
-0.106557
-0.103186
-0.109162
-0.126289
-0.0132957
-0.0592028
0.000487368
-0.0831186
-0.0442955
-0.0565506
-0.0376357
-0.0476992
-0.0791763
-0.0606627
-0.153436
-0.15773
0.181017
-0.247524
-0.0739737
-0.118818
-0.138334
-0.126184
-0.129973
-0.129061
-0.275259
-0.148371
0.164711
-0.165475
-0.155684
-0.18711
-0.182839
-0.177636
-0.207625
-0.195331
-0.0463849
0.0651779
-0.00936793
-0.0115432
-0.0160533
-0.0304984
-0.03081
-0.0205221
-0.0291637
-0.000704728
-0.200995
0.0324324
0.0717319
-0.121723
-0.115279
-0.16054
-0.146115
-0.129217
-0.134787
-0.126963
-0.152405
-0.321238
-0.16436
-0.290306
-0.152431
0.21457
-0.226797
-0.195342
-0.183606
-0.200557
-0.0895196
-0.063279
0.0151568
-0.170338
-0.00973797
-0.101469
-0.100384
-0.0977071
-0.126022
-0.101967
-0.314548
-0.217627
-0.146949
0.15242
-0.218029
-0.205617
-0.288414
-0.175514
-0.180759
-0.158305
-0.402123
-0.251788
-0.37317
-0.504619
-0.362259
-0.0958381
-0.00541326
-0.371096
-0.365653
-0.361507
-0.0469633
0.0769656
-0.0314498
-0.0377378
-0.0307189
-0.0346183
-0.0257371
-0.0392846
-0.0297877
-0.0344189
-0.286634
-0.372689
-0.312471
-0.357043
-0.302943
-0.132708
0.13854
-0.290096
-0.294647
-0.294571
-0.0322406
0.151571
-0.0432354
-0.104633
-0.0810011
-0.0513885
-0.0639559
-0.0481069
-0.0322582
-0.0279491
-0.207788
-0.0888535
0.170327
-0.181794
-0.109269
-0.128755
-0.139048
-0.113612
-0.129186
-0.135861
0.268157
-0.12561
-0.2202
-0.173885
-0.128143
-0.172863
-0.096671
-0.123505
-0.104407
-0.105966
-0.0208962
-0.1073
-0.0517905
0.0520049
-0.0926444
-0.0879129
-0.0899713
-0.0841499
-0.0831718
-0.0630388
-0.188716
-0.107702
0.199068
-0.225718
-0.0708193
-0.154372
-0.11835
-0.129949
-0.135164
-0.129456
-0.0186062
-0.0210664
0.0509018
-0.0472422
-0.0503005
-0.0236648
-0.0610951
-0.0478896
-0.0617355
-0.044793
-0.00549462
0.00472749
0.000556547
-0.000893957
0.00876268
-0.00663499
0.0155229
-0.00922669
-0.00379425
0.00569697
0.00079359
0.016129
0.0240651
-0.0184416
-0.0105661
-0.0360795
-0.016096
-0.0329402
-0.0240886
-0.00897056
-0.126175
-0.132671
0.170118
-0.171292
-0.0867171
-0.158887
-0.0974991
-0.109304
-0.113736
-0.109171
-0.206247
-0.146847
-0.222286
-0.159803
0.227482
-0.201811
-0.138593
-0.159467
-0.159975
-0.159537
-0.0182399
0.0536329
-0.0207649
-0.0248439
-0.0161267
-0.0233804
-0.0230005
-0.0146177
-0.0174959
-0.0237085
0.238023
-0.103038
-0.245739
-0.141219
-0.110204
-0.150481
-0.0409893
-0.0985815
-0.107687
-0.111698
-0.284692
-0.113297
-0.236473
-0.169813
0.178444
-0.27669
-0.135051
-0.182503
-0.174641
-0.17443
-0.0799892
-0.0259572
0.0479371
-0.0609855
-0.0486155
-0.0520118
-0.0391621
-0.0490444
-0.0577248
-0.0599567
-0.16866
-0.13315
0.139805
-0.105278
-0.112126
-0.25319
-0.140966
-0.121301
-0.113346
-0.120548
-0.0311815
0.00121504
0.0172174
0.00964628
0.0129058
-0.0347258
-0.00512718
-0.00935925
0.00557781
-0.0165645
-0.00148122
-0.0291929
-0.000435529
-0.00724484
-0.00520125
-0.00805881
0.00150335
-0.0215943
0.00478632
-0.001246
-0.0413521
-0.0212276
0.0261975
-0.00794839
-0.0133495
-0.0100016
-0.00434654
-0.0160502
-0.0163713
-0.0334773
-0.170065
-0.206699
-0.127862
0.0674362
-0.303877
-0.207807
-0.241123
-0.214476
-0.222064
-0.216871
-0.0535886
0.0965181
-0.000596435
-0.0319723
-0.0217329
-0.0175097
-0.0144571
-0.0295929
-0.0402952
-0.0226594
0.172899
-0.0396576
-0.175201
-0.085311
-0.0391174
-0.082269
-0.0465406
-0.0608379
-0.0550083
-0.0541664
0.0119387
0.0132526
-0.00775445
-0.00555788
0.00124958
0.00709906
-0.0183431
0.00555146
-0.00787631
0.00599953
-0.121722
-0.0587967
0.0818337
-0.109838
-0.110948
-0.0914781
-0.104106
-0.109411
-0.0993551
-0.113368
-0.15446
0.323588
-0.111649
-0.139416
-0.168134
-0.141935
-0.140744
-0.0973437
-0.0928586
-0.116202
-0.0594823
0.00222207
0.0402107
-0.0444495
-0.0454706
-0.0536923
-0.0316784
-0.028218
-0.0339394
-0.0403836
-0.239107
-0.123465
0.19384
-0.143673
-0.118908
-0.133618
-0.138931
-0.145011
-0.117735
-0.137609
0.0119294
0.00497429
-0.00599926
-0.0251226
-0.0101945
-0.0115577
-0.0105095
-0.0219124
-0.00128621
0.00274977
-0.375834
-0.304753
-0.384665
-0.355904
-0.380005
-0.0458246
0.0139688
-0.357886
-0.36303
-0.366144
-0.197548
-0.46179
-0.124922
-0.361018
0.0691013
-0.355443
-0.267419
-0.274209
-0.278812
-0.264169
-0.0943657
-0.0666196
0.0948138
-0.0673095
-0.0794422
-0.0816901
-0.0661909
-0.0579035
-0.0493653
-0.0555368
-0.223112
-0.141658
-0.1696
-0.115315
0.169396
-0.161494
-0.137683
-0.12944
-0.150349
-0.145994
0.0557153
-0.0188485
-0.115343
-0.0773657
-0.00623977
-0.0311706
-0.0594448
-0.0357087
-0.0239649
-0.0277965
-0.00500718
-0.286299
-0.174971
-0.0773244
-0.248506
-0.157363
-0.215273
-0.213261
-0.231964
-0.222655
0.00329959
0.0659511
-0.237622
0.00113257
-0.0924544
-0.0968554
-0.118475
-0.0931668
-0.0949462
-0.0893518
-0.187493
0.0348159
0.0822027
-0.145373
-0.0744904
-0.130499
-0.119061
-0.0924863
-0.0830896
-0.0805163
-0.222734
-0.268549
-0.135271
0.137962
-0.140249
-0.160282
-0.147242
-0.139414
-0.149699
-0.153779
0.114472
-0.0448577
-0.0918203
-0.107432
-0.0307204
-0.0551466
-0.036074
-0.0419444
-0.0477534
-0.0537586
-0.0781789
-0.0514067
0.0947084
-0.111255
-0.0736166
-0.078117
-0.0691952
-0.0774083
-0.0704353
-0.0693165
-0.0247279
0.0219798
0.0039693
-0.00449753
0.00281316
-0.00552832
0.00184318
-0.0126999
-0.0144259
-0.0148316
-0.1358
-0.083784
0.146005
-0.15214
-0.0598003
-0.0940904
-0.0580446
-0.0735914
-0.0953588
-0.0633758
-0.063004
-0.0476606
0.0950609
-0.0423101
-0.0444099
-0.0449887
-0.0394404
-0.026924
-0.0316654
-0.0204194
-0.0466396
0.0534569
-0.0156052
-0.0222427
-0.0320609
-0.0252266
-0.0332251
-0.0275674
-0.0168959
-0.00611206
0.00420105
-0.0122023
0.00944971
0.0044937
-0.00959108
0.00726711
-0.00205079
-0.001156
0.0177429
-0.0103245
-0.0224633
-0.0155123
0.00127657
-0.016789
0.00252588
0.0132839
0.00154239
0.0075149
-0.0136761
-0.00264965
-0.208595
-0.182663
-0.220504
-0.153362
0.244396
-0.222087
-0.124536
-0.126421
-0.125258
-0.114589
-0.119806
0.245555
-0.0802705
-0.0155203
-0.0991974
-0.0505821
-0.0508085
-0.0438823
-0.0392667
-0.041525
-0.0725728
-0.0184048
0.0538161
-0.0427711
-0.0655325
-0.0758883
-0.0825574
-0.0654222
-0.0731574
-0.0556581
-0.577352
-0.288829
-0.519479
-0.231297
-0.594404
-0.22491
-0.587159
-0.536135
-0.543916
-0.542228
-0.110817
-0.158802
-0.146562
0.173801
-0.142218
-0.0948413
-0.124564
-0.117602
-0.12603
-0.0984621