-0.000368085
0.0185977
0.0361701
0.0297627
0.0651472
-0.00441496
-0.035736
0.0509766
0.0150683
0.0391392
0.0799806
-0.0512538
-0.0399693
0.221072
0.0929974
-0.381335
-0.109235
0.0778815
0.0995655
0.13423
0.196591
-0.0466431
-0.176352
0.0718803
-0.0556339
-0.314232
-0.00461572
-0.24442
-0.280741
-0.294937
0.0994795
0.00819354
-0.09486
0.235506
0.0612425
0.158037
-0.0156165
0.0545404
-0.0846831
0.0356031
0.109718
0.0840065
-0.00398991
0.0395233
0.0475835
-0.119944
-0.212111
-0.246242
0.0628758
-0.0127516
0.0114015
0.192793
0.098995
0.16148
-0.08366
0.105234
0.0154127
0.0132814
0.0678358
-0.00436148
-0.0105803
0.0591146
0.0517072
0.0179439
-0.121597
-0.323304
0.159498
0.117789
-0.0467007
0.0498803
0.119901
0.0470035
0.0300819
0.064328
-0.184083
0.053845
0.153019
0.0298696
-0.0135849
0.115182
0.00798804
0.000591821
-0.248262
-0.379458
0.205894
0.176926
0.0234927
0.0229514
0.0893571
0.0533927
0.0267147
0.0794476
-0.0148404
0.0402776
0.17987
0.0279403
-0.223878
-0.0642227
0.0466562
-0.00322697
0.0294195
0.00484762
0.123067
0.143877
0.0313499
-0.181719
-0.0989481
0.0158393
-0.025305
-0.0051026
-0.0138883
-0.0201994
-0.000224818
-4.77676e-05
-0.00849012
-0.0127822
-0.00901955
0.0587327
-0.371011
0.0647882
-0.396612
-0.0204063
0.242621
-0.137828
0.169823
0.125419
-0.118808
0.017324
-0.0597323
-0.00710185
0.112155
0.102758
0.0272144
0.0856867
0.0324669
-0.022347
0.0437732
-0.0331844
0.0457787
0.0874396
0.0383109
-0.0371256
0.0610648
0.0373328
-0.079936
0.157699
-0.0180157
0.0580952
0.0686227
0.040421
-0.169296
-0.00384804
0.133729
-0.0114482
-0.27634
-0.234095
-0.14107
-0.0501321
0.0873601
0.127829
0.151998
0.179311
-0.0110717
0.0320256
-0.280434
0.027613
0.255061
-0.255988
-0.12713
0.202047
0.0480219
-0.052834
0.158247
0.0283169
0.167068
0.176122
0.0647928
-0.207549
-0.337584
-0.0545771
-0.00431049
0.0635529
-0.00867255
0.0554212
0.122998
-0.0203008
-0.0155026
0.015186
-0.0999745
0.152686
0.180192
-0.120027
0.230381
0.0632857
-0.593022
-0.0650808
-0.431825
0.027665
-0.197143
-0.287335
-0.171681
0.100385
-0.0147637
-0.137428
0.184403
0.140923
0.145953
0.12393
0.17689
0.109354
0.038197
-0.0225583
0.0445604
-0.189061
-0.309033
-0.0140194
-0.00441996
0.0501737
0.0190444
0.0606508
0.0728338
0.0130129
-0.0237968
0.00631317
0.0302678
-0.00651873
0.0646546
-0.0730512
0.0795245
0.133997
0.0662548
-0.0440133
0.064308
0.0342072
-0.00230049
0.0721135
-0.0486864
0.0658474
0.15228
0.0291399
-0.197046
-0.0240838
0.0282238
-0.0939088
0.0567377
0.0459384
0.100347
0.0352617
0.0667688
0.00286218
-0.00893664
0.0202211
-0.122162
-0.132709
-0.305267
0.0423815
-0.0270792
-0.016313
0.142282
0.136485
0.176689
0.00355934
0.151573
0.229434
-0.25366
-0.231991
0.0743911
0.198348
-0.226471
-0.0933114
-0.269427
0.14553
0.0379041
-0.227275
0.0817508
0.0868284
-0.211823
0.100826
0.0968406
-0.0132347
-0.0040227
-0.0128225
0.150241
0.145812
-0.00951827
0.0286732
-0.000562376
-0.251565