0.102263
0.142135
0.0320232
0.0862278
0.00153187
0.0888215
-0.221832
-0.184308
0.0186463
0.132687
-0.118817
-0.286113
0.114287
-0.00052958
-0.104181
0.0085902
0.0434624
-0.113421
-0.117724
-0.103529
-0.0388802
-0.0876037
0.126784
0.167619
0.0435023
0.0553759
0.0309777
0.263247
-0.0304832
-0.228771
0.0466861
-0.113331
0.0156257
-0.223791
-0.0430556
0.0975196
-0.0238782
0.00848473
-0.143504
-0.00509008
0.0454663
0.0231329
-0.0723536
-0.057048
-0.0398253
0.0110849
0.0521331
-0.00376635
0.0601445
0.0728547
0.0458113
-0.108445
-0.0853507
0.0567527
-0.254899
0.0896208
0.0134507
-0.168233
0.03864
0.0353176
-0.0260419
0.0761105
0.0858491
-0.254223
-0.220612
-0.147701
0.0978153
0.0623834
-0.0450362
0.172882
0.112038
0.0241641
-0.148749
-0.148268
-0.18888
-0.0228273
-0.0666119
-0.085084
0.101233
0.132248
0.0588268
0.0605999
-0.0899697
-0.236644
0.10468
0.0574757
-0.0715147
0.0791445
-0.00306181
0.0196705
-0.0735887
-0.0074563
0.0539955
-0.166901
-0.0300514
0.12831
-0.0312608
0.0674728
0.0858316
0.0693909
-0.0157144
-0.0765265
-0.00127549
-0.0767648
-0.116161
-0.0673182
-0.0402095
-0.0430832
-0.181739
-0.0813742
0.0552777
-0.190959
0.0416294
0.108057
-0.00478815
0.10234
0.131353
0.0834483
-0.115634
-0.150011
0.0516756
0.0238111
-0.0314313
-0.001665
-0.0722893
-0.0995587
-0.250403
0.00256331
0.18908
-0.131706
-0.00389123
0.133128
-0.161875
-0.249432
0.0381936
-0.0501034
-0.00811236
-0.0254276
-0.0891818
-0.0267187
-0.00213552
-0.0915342
-0.0402369
-0.0246499
-0.00528704
-0.00397897
-0.0196199
-0.0112422
0.012773
-0.0126236
-0.0104273
-0.0102164
-0.00783342
0.0239614
-0.0454415
-0.0745165
0.0916007
0.105092
0.141722
0.079849
0.039192
-0.0139734
0.0772995
-0.0193255
-0.0426248
0.0632972
-0.0608548
-0.063252
-0.200113
-0.0331978
-0.0430303
0.0749739
0.0670644
-0.136477
0.078874
0.0387305
0.0714757
-0.00366331
0.0218444
0.0571978
-0.175649
-0.21816
-0.226197
0.0895459
-0.0357866
-0.0627737
0.129834
0.130518
0.0605573
0.162829
0.0557202
-0.366722
0.000504186
0.0647882
-0.047235
-0.0237963
0.0393085
-0.0160603
0.0366409
0.0471711
-0.0838927
0.100415
0.0743521
-0.0239884
-0.0467408
-0.0101
0.0137376
0.0561464
0.149621
0.213069
-0.0219819
0.0412826
-0.0668459
-0.212148
-0.2191
-0.317605
0.063904
-0.0362869
-0.0266712
0.126194
0.0817951
-0.0435562
-0.0567636
-0.0985023
-0.175407
0.0322115
-0.0278876
-0.0729273
0.0330341
0.105794
0.157406
0.0207748
-0.013901
0.00383573
0.048477
0.025152
-0.0909202
-0.0594827
0.0861039
0.0289505
-0.0183638
0.0334936
0.0184059
0.0508093
-0.00900997
-0.0528424
-0.00069896
-0.00620291
0.0480712
0.0537929
0.00541314
0.0800322
-0.101523
0.042521
-0.0676512
0.0323471
0.05733
0.124899
0.00745228
0.0119144
0.0124162
-0.118834
-0.166918
-0.182469
0.0118389
-0.00686426
-0.0246102
0.0784669
0.104738
0.0113025
-0.0513304
-0.159774
0.0662975
-0.0760384
-0.00801003
0.0730965
0.0129584
0.0833338
0.0706249
0.120243
0.0509119
-0.141669
0.0935243
-0.00490906
-0.0913863
-0.0659325
-0.125461
-0.0906109