-0.00608174
-0.00208261
0.0105891
-0.0227598
0.00573112
-0.000717184
-0.0108423
0.00755766
0.0026805
0.00668736
-0.0636509
0.166647
-0.0571634
-0.0161967
-0.0385555
-0.0502985
-0.0386527
-0.043434
-0.0277934
-0.046497
-0.0716637
-0.025764
-0.0786258
-0.180693
-0.201333
-0.203616
-0.198029
-0.206178
-0.2087
-0.192552
0.17376
-0.0411782
-0.145081
-0.120979
-0.0391706
-0.0374328
-0.0164338
-0.0370213
-0.0344821
-0.0144898
-0.107608
-0.0373403
0.108691
-0.148445
-0.101783
-0.0974413
-0.0734018
-0.0820221
-0.079541
-0.0831841
-0.0173947
0.0102069
0.00586517
-0.0461499
-0.00693413
-0.0067949
-0.0115819
-0.014653
-0.0153544
-0.0207844
-0.0135854
-0.00102371
0.0105706
-0.0242213
-0.0260718
-0.0179751
-0.0219219
-0.0213557
-0.0199693
-0.00662949
0.13016
-0.0587684
-0.0953742
-0.0953243
-0.0557142
-0.0667526
-0.0694446
-0.0772276
-0.0636367
-0.069677
0.194858
-0.0312797
-0.167006
-0.105859
-0.0365509
-0.042117
-0.0324538
-0.0416488
-0.0348708
-0.0452794
-0.0724602
0.166295
-0.122386
-0.0370628
-0.0471411
-0.0240712
-0.033266
-0.0337213
-0.0413913
-0.0350832
0.00935578
0.0337712
-0.00325074
-0.0184527
-0.0170878
-0.0286083
-0.0294457
-0.0136784
0.000604164
-0.0433946
0.113993
-0.0743931
-0.0618721
-0.0494611
-0.0359406
-0.0275484
-0.0272169
-0.0365213
-0.0252844
-0.0342072
-0.0497364
-0.243519
0.183341
-0.232026
-0.137319
-0.129419
-0.135951
-0.149325
-0.155759
-0.133176
0.0457717
0.000331347
-0.0098823
-0.0203303
-0.0335245
-0.0213869
-0.0417998
-0.0190945
-0.0244996
-0.0329758
0.0111103
-0.0018511
-0.00596949
0.00255194
-0.00398135
0.0087887
0.0251059
-0.0112987
-0.00889969
-0.00746485
-0.0157604
0.0163088
-0.0399309
-0.0352777
-0.0117317
-0.0176717
-0.000861035
-0.0322949
-0.0167685
0.0030775
-0.138619
0.154524
-0.0894578
-0.0823789
-0.122868
-0.115453
-0.127592
-0.120184
-0.112318
-0.108552
0.0128338
0.0311165
-0.0248474
-0.0228002
-0.0150831
-0.00710034
-0.0146643
-0.0232147
-0.00475224
-0.020556
-0.0471272
0.159557
-0.103344
-0.0287268
-0.00604
-0.0306884
-0.0284757
-0.0187713
-0.0319198
-0.0189377
-0.100942
-0.0174063
0.0530336
-0.0705505
-0.0856552
-0.0823658
-0.0832355
-0.0754664
-0.0612536
-0.0685114
0.146876
-0.0792463
-0.12084
-0.231483
-0.1029
-0.108248
-0.100738
-0.107417
-0.124565
-0.0995674
0.0272269
0.0250277
-0.00110739
-0.0191634
-0.00901293
-0.0105253
-0.0190942
-0.0333707
-0.0203772
-0.0367198
-0.180677
-0.13356
-0.155776
0.173756
-0.0926175
-0.0842327
-0.0788381
-0.0860108
-0.0795957
-0.0866166
0.0158767
0.0195618
0.00991683
-0.0257931
-0.0245966
-0.0228393
-0.0236513
-0.00381902
-0.00331949
0.00248639
-0.0222459
0.0233783
-0.0125777
-0.00947001
-0.00389017
0.0251352
-0.000511697
-0.0109456
-0.00519097
0.00235262
0.00298938
-0.000338826
-0.0118632
-0.00203558
-0.02014
-0.011177
0.000485173
-0.00819954
-0.00840713
0.00289998
-0.179033
-0.113041
-0.110088
0.158785
-0.0801477
-0.0991537
-0.0795857
-0.096025
-0.0898925
-0.0918305
0.00751317
-3.86013e-05
-0.0131401
-0.000615406
-0.0167091
-0.0151354
-0.00400969
0.00510674
0.00136244
-0.0244209
-0.111464
0.193335
-0.107186
-0.0847677
-0.0792408
-0.0898459
-0.0743901
-0.0674228
-0.101878
-0.0658513
-0.0447029
0.154403
-0.107981
-0.0656751
-0.0342227
-0.0417657
-0.0569395
-0.0431956
-0.0567704
-0.028946
-0.081951
-0.156108
-0.0252105
0.0719237
-0.146309
-0.134448
-0.125015
-0.119683
-0.128184
-0.138033
-0.0437694
-0.00878718
0.0246062
-0.0339937
-0.0323802
-0.0190322
-0.0351893
-0.0177197
-0.0417655
-0.0450519
-0.121808
0.0664543
-0.00821485
-0.051296
-0.0473875
-0.0515812
-0.0426494
-0.0618835
-0.0570444
-0.0863319
-0.0381843
-0.00330728
0.0122033
-0.00757359
-0.0277604
-0.0432636
-0.0321878
-0.0398491
-0.0115078
-0.0264758
0.194015
-0.0399234
-0.0992304
-0.221448
-0.0452455
-0.0505141
-0.0638597
-0.0744286
-0.0789557
-0.0733624
-0.154462
-0.116176
0.161972
-0.0860951
-0.0900486
-0.0874834
-0.0943673
-0.0892448
-0.0703558
-0.0681953
0.162712
-0.0654643
-0.135575
-0.193791
-0.0728062
-0.076168
-0.0770254
-0.0654589
-0.0549492
-0.0594003
-0.076421
-0.054841
0.0711034
-0.0376918
-0.0432952
-0.0348346
-0.0336322
-0.0355234
-0.0436654
-0.0332046
-0.174467
-0.0511998
0.0970703
-0.129999
-0.160176
-0.183546
-0.154683
-0.168044
-0.159136
-0.181013
-0.297095
-0.0621675
0.0712047
-0.152237
-0.232933
-0.243747
-0.223967
-0.236641
-0.249924
-0.229264
-0.114522
0.136803
-0.0588634
-0.044418
-0.0387739
-0.0564956
-0.0571885
-0.0672382
-0.0687819
-0.0463407
-0.224661
0.0917796
-0.231848
0.048996
-0.14357
-0.147761
-0.141798
-0.153843
-0.15257
-0.154133
-0.263358
-0.0328777
-0.0656242
-0.0732814
-0.235485
-0.232897
-0.218168
-0.242056
-0.22007
-0.22878
-0.0202717
0.01237
0.0119086
-0.0177575
-0.0205238
-0.0100347
-0.00685032
-0.0114495
-0.0111384
-0.0238318
-0.0971816
-0.0357295
0.0735621
-0.0382002
-0.0585424
-0.0577165
-0.0394095
-0.0425796
-0.0495022
-0.0515695
0.156667
-0.0481571
-0.110969
-0.125147
-0.0501733
-0.0435597
-0.0317931
-0.0256277
-0.0481526
-0.0572884
-0.136899
-0.0909668
0.151052
-0.109472
-0.103335
-0.113345
-0.127399
-0.136745
-0.114827
-0.108435
-0.0602904
0.157647
-0.0920996
-0.0267992
-0.0567437
-0.0585212
-0.0339325
-0.056184
-0.0363005
-0.0501418
0.0394002
-0.0397823
-0.270545
-0.0208452
-0.103455
-0.111799
-0.108774
-0.107077
-0.0896397
-0.105691
-0.227937
-0.200243
0.229709
-0.17196
-0.133538
-0.133048
-0.152962
-0.143851
-0.144727
-0.134279
-0.00328861
-0.00268445
-0.00996847
-0.00601456
0.0176777
-0.00223534
-0.00479902
-0.0133324
-0.000553761
0.0122748
0.0361789
-0.140859
-0.0905928
-0.215139
-0.214469
-0.207384
-0.199161
-0.20328
-0.20076
-0.192676
0.0492554
-0.0493024
-0.0507679
-0.0515843
-0.0537703
-0.0602308
-0.0598412
-0.0668666
-0.0733848
-0.0348411
-0.0155134
0.00480138
-0.0143237
0.00457689
-0.00869226
0.00385911
0.010118
-0.0136115
0.00372808
-0.00484736
-0.00442792
0.0115579
0.00374865
0.0136182
-0.00157088
0.00520776
0.0154597
-0.00673547
2.89936e-05
-0.0016508
0.255652
-0.0912153
-0.176098
-0.159069
-0.082352
-0.0666952
-0.0811197
-0.0708189
-0.0647396
-0.07211
-0.0872722
-0.0447591
0.0792274
-0.0590888
-0.0808647
-0.0528705
-0.0528293
-0.0679034
-0.0641391
-0.0518005
-0.161067
-0.113381
-0.0705689
0.126188
-0.0682796
-0.0627522
-0.0562642
-0.0743665
-0.062672
-0.0792627
0.000876649
0.0302982
-0.0183405
-0.0146908
-0.0123807
-0.0205493
-0.0219667
-0.00333638
-0.0357066
-0.0343123
-0.0290962
0.00512031
0.000337868
0.00734871
0.00990009
-0.00650713
0.000175001
-0.0221136
-0.000884933
-0.0081452
-0.0706713
0.183069
-0.1002
-0.0288675
-0.0256379
-0.0516829
-0.0226794
-0.0254872
-0.0242621
-0.0232908
0.184094
-0.0301046
-0.147796
-0.21363
-0.0967486
-0.0835084
-0.0947605
-0.107183
-0.09785
-0.0871897
0.0754608
-0.0679837
-0.155868
-0.0027673
-0.0636564
-0.0492763
-0.0568565
-0.0722964
-0.0526576
-0.0683463
0.0168338
-0.0717567
0.0376592
-0.0563945
-0.0761219
-0.0901095
-0.0729917
-0.0965476
-0.088453
-0.0805135
0.218348
-0.046543
-0.184521
-0.169807
-0.0849356
-0.0790937
-0.0720322
-0.0775337
-0.0656474
-0.0697195
0.181576
-0.0596545
-0.176606
-0.133157
-0.0769181
-0.095193
-0.0894932
-0.105886
-0.0784188
-0.0746571
-0.0215168
-0.0189269
0.0129799
-0.0456258
-0.0679254
-0.0612929
-0.0764837
-0.0719361
-0.072202
-0.0762992
-0.17681
-0.16306
-0.147403
0.149656
-0.141976
-0.14344
-0.135855
-0.157799
-0.135106
-0.153079
-0.136103
-0.15763
-0.134092
0.137998
-0.118014
-0.14203
-0.135994
-0.125061
-0.132672
-0.124987
-0.0858714
-0.0332201
0.0443463
-0.034301
-0.0475475
-0.0538774
-0.0228259
-0.0447539
-0.0625844
-0.0300401
0.0173945
-0.10978
0.0754182
-0.113005
-0.0860039
-0.0795533
-0.0966906
-0.0842781
-0.0845791
-0.0821957
-0.216327
-0.0618525
0.0676178
-0.0976768
-0.0887164
-0.0742242
-0.0777734
-0.0974819
-0.0941543
-0.0835729
0.009868
0.0292871
-0.00402297
-0.0112504
-0.0142628
-0.0185423
-0.0084084
-0.00501881
-0.000279915
-0.00927474
-0.239922
-0.160246
0.192494
-0.147537
-0.161793
-0.181651
-0.162009
-0.173018
-0.167132
-0.165689
-0.0171973
-0.0109381
0.00323195
-0.0313222
-0.028428
-0.00698789
-0.0110082
-0.0216514
0.0107402
-0.0085452
-0.224739
-0.108216
-0.149985
0.172019
-0.0896368
-0.0814711
-0.106323
-0.0935037
-0.0867885
-0.08878
-0.0182415
0.0370322
-0.0233478
-0.0246915
-0.0316297
-0.0280867
-0.036236
-0.0365992
-0.0364091
-0.0153311
-0.0368777
0.119356
-0.0758908
-0.0507412
-0.0495228
-0.056914
-0.0450262
-0.0607565
-0.0482447
-0.0341026
0.00551906
0.0402885
-0.0199271
-0.00739999
-0.0220286
-0.0355511
-0.0356238
-0.0335474
-0.0338633
-0.0398048
-0.00627472
-0.0168127
0.00610703
-0.00322869
-0.00955962
0.00990693
-0.00102879
0.0183724
-0.0051287
-0.00168368
-0.0066993
0.00335097
-0.00726712
0.00153485
0.00876542
0.00368154
-0.0133911
0.00731192
0.0209331
0.0105109
0.0036347
0.0416277
-0.0258374
-0.0290044
-0.0202587
-0.0258654
-0.0253206
-0.0138611
-0.0112577
-0.0319655
-0.0128908
-0.00282679
-0.00960353
-0.00874003
-0.0016839
-0.00334349
-0.00361285
0.00118978
-0.00408683
0.00910178
0.00492035
0.00238561
0.000539836
-0.0186756
-0.0116241
0.0104873
-0.0189785
-0.00381969
0.0107525
0.00624514
0.0311224
-0.108791
-0.118999
0.0147131
-0.0626462
-0.0802833
-0.061731
-0.0778805
-0.0778248
-0.0911743
0.190796
-0.0794556
-0.174111
-0.141704
-0.0806649
-0.0725161
-0.0766441
-0.0596063
-0.0612687
-0.0762258
0.202354
-0.0769655
-0.199617
-0.0939307
-0.0646447
-0.067576
-0.0523754
-0.0593674
-0.0442307
-0.0592024
-0.239767
-0.0496254
0.200687
-0.245337
-0.151815
-0.14341
-0.136834
-0.151268
-0.141907
-0.142172
0.203332
-0.0780123
-0.145374
-0.107203
-0.0688692
-0.059351
-0.0639087
-0.062029
-0.053237
-0.074002
0.1334
-0.0689998
-0.12794
-0.223242
-0.0979071
-0.0927132
-0.105094
-0.0943124
-0.102034
-0.107458
-0.0420266
0.0658045
0.00111359
-0.0511568
-0.0340425
-0.0322162
-0.0500092
-0.0461746
-0.0319014
-0.0417171
-0.0373317
0.0769544
0.00856751
-0.00769529
-0.0292036
-0.0355626
-0.0106138
-0.017987
-0.0370012
-0.0254107
0.0727279
-0.140807
-0.0110392
-0.0787177
-0.0633776
-0.0694055
-0.0594669
-0.054845
-0.073499
-0.0637984
-0.0604775
0.0120112
0.0259038
-0.0335616
-0.0550269
-0.0569082
-0.0532359
-0.0330192
-0.0524073
-0.0297156
-0.0409262
0.0741471
-0.0258655
-0.00827979
-0.0114218
-0.0127417
-0.0370941
-0.0138969
-0.0131983
-0.0308056
0.0130082
0.016312
0.0139732
0.000780526
-0.0128207
-0.00194627
0.0155252
-0.0192595
8.32732e-05
0.0117361
0.20394
-0.0162517
-0.187552
-0.123553
-0.0709563
-0.0854346
-0.0858222
-0.0814604
-0.0671899
-0.101332
-0.0790609
0.119626
-0.0411344
-0.0518159
-0.0447311
-0.0329443
-0.0388617
-0.0462668
-0.0292853
-0.0365021
-0.101568
0.153088
-0.114937
-0.07377
-0.105909
-0.110102
-0.112653
-0.105094
-0.112074
-0.100365
-0.212018
-0.075336
0.185597
-0.172648
-0.0734307
-0.0745535
-0.0723645
-0.0803312
-0.0632757
-0.0532919
-0.064106
-0.169165
-0.080425
0.0561409
-0.129582
-0.11787
-0.140555
-0.13375
-0.113835
-0.106297
-0.03926
-0.0194441
0.0301004
-0.0248146
-0.032029
-0.0327514
-0.0315802
-0.0366977
-0.0311943
-0.0414708
-0.00897211
0.0460035
0.00487073
-0.0233459
-0.0342909
-0.0245148
-0.0282713
-0.00638402
-0.00621236
-0.0241441
-0.0806881
0.201598
-0.146808
-0.0129851
-0.0753157
-0.0678119
-0.0866372
-0.0826209
-0.0793509
-0.0761045
0.0282415
-0.188185
0.00849707
-0.210674
-0.149187
-0.134866
-0.149219
-0.161667
-0.144031
-0.145928
0.00406619
-0.00606264
-0.0048382
-0.000995746
-0.000783586
0.000426916
-0.0190302
0.0265498
0.00744704
-0.0135636
-0.16722
-0.130183
0.214902
-0.0969914
-0.0660741
-0.0993784
-0.0719395
-0.0806321
-0.0780706
-0.0837501
-0.072512
-0.115426
-0.140652
0.146601
-0.0793069
-0.0732508
-0.0931215
-0.0900034
-0.0903953
-0.0918265
-0.0790456
0.099852
-0.0598599
-0.0314964
-0.0574722
-0.0619364
-0.0528163
-0.0548769
-0.0670488
-0.0659833
-0.0112847
0.00716674
-0.042952
-0.0143914
-0.0279587
-0.0215671
-0.0203124
-0.0287012
-0.0240093
-0.0360508
-0.00398682
-0.0661974
0.00128309
-0.151919
-0.103881
-0.125868
-0.116563
-0.113685
-0.106663
-0.104496
-0.0366883
0.0640764
-0.00596479
-0.0163831
-0.0321186
-0.0322281
-0.0432066
-0.03554
-0.0329039
-0.0251086
-0.00563211
0.00110317
-0.00275181
-0.0147751
0.00781667
0.00965081
0.0106535
-0.00415176
-0.0185872
-0.0105076
-0.213469
-0.128351
-0.065702
0.117141
-0.0942167
-0.0981529
-0.0946652
-0.0924071
-0.0957772
-0.10369
-0.172037
-0.11588
0.159588
-0.0715582
-0.0557167
-0.0618905
-0.070979
-0.0708398
-0.0609334
-0.0603767
0.0322142
-0.159576
0.0904328
-0.0744156
-0.0702301
-0.0830072
-0.0770487
-0.0799787
-0.0859465
-0.0922759
-0.0124975
-0.132028
0.0902273
-0.222204
-0.128545
-0.149589
-0.145012
-0.133285
-0.125548
-0.145038
0.0180424
0.000138995
-0.000945491
-0.0027559
-0.00123445
0.00146393
0.00803664
0.00535644
0.0102986
0.013624
-0.114637
0.10881
-0.0415247
-0.0497993
-0.0646593
-0.0577547
-0.0725452
-0.0627405
-0.0645745
-0.0749024
0.0301336
-0.133265
-0.0224259
-0.132991
-0.163567
-0.157743
-0.158282
-0.157589
-0.171942
-0.168044
-0.251845
-0.179018
-0.0435619
0.109896
-0.145171
-0.151921
-0.155854
-0.159669
-0.143649
-0.173188
-0.00295593
-0.00897352
0.0140294
-0.00518546
0.0127629
-0.00152443
0.00371814
-0.00932223
0.00494155
-0.004754
-0.0127192
0.0258341
-0.0256608
-0.0292772
-0.0139282
-0.0164443
-0.0156942
-0.0201852
-0.0294058
-0.0132789
-0.0738937
0.196604
-0.128671
-0.0795865
-0.0661232
-0.0613431
-0.0715432
-0.0815548
-0.0477105
-0.0750479
-0.146816
-0.156995
0.262307
-0.139046
-0.0898891
-0.08987
-0.0836957
-0.0937656
-0.107681
-0.0930016
-0.17647
-0.0605828
0.164527
-0.156057
-0.0887776
-0.0946643
-0.100986
-0.119642
-0.110695
-0.100604
-0.0477291
0.0588071
-0.00332127
-0.0342096
-0.0320233
-0.0347208
-0.0216104
-0.0178143
-0.0184293
-0.022446
-0.0774658
0.0387723
-0.00888834
-0.0410727
-0.0306847
-0.0417758
-0.0266677
-0.0424779
-0.0284811
-0.026039
-0.259698
-0.0784178
0.180512
-0.228349
-0.177618
-0.18227
-0.162572
-0.179775
-0.183049
-0.165052
-0.0324489
-0.00605116
0.00813517
-0.0115747
-0.0156214
-0.0247739
-0.00509494
-0.0275006
-0.0307332
-0.0257874
0.184248
-0.0810394
-0.17046
-0.0564108
-0.0691833
-0.082918
-0.076191
-0.0626592
-0.0677823
-0.0890666
-0.0406409
-0.159589
0.146536
-0.139112
-0.10096
-0.0961709
-0.112247
-0.106958
-0.111031
-0.104661
-0.0722708
-0.247969
-0.0686609
0.0442859
-0.229452
-0.231226
-0.233435
-0.216251
-0.234599
-0.223
-0.0593778
-0.121228
-0.102139
0.0832692
-0.0916192
-0.06989
-0.0855203
-0.0877911
-0.0911982
-0.0624977
-0.117177
-0.0602189
0.0783546
-0.0988276
-0.111233
-0.114785
-0.123982
-0.111428
-0.110232
-0.12283
-0.00350495
0.0383097
-0.028045
-0.0252378
-0.0321179
-0.0415618
-0.0115643
-0.0170991
-0.028312
-0.0151535
-0.00369985
0.00201069
0.00899473
-0.00887664
-0.0106437
0.00193492
0.014482
0.00705812
-0.0299736
0.0124628
-0.0266958
-0.021101
0.0248824
-0.0021112
0.00915345
0.00735729
-0.0189224
0.0107199
0.000679303
0.0193396
-0.13346
0.178421
-0.140953
-0.0145961
-0.0887301
-0.0707626
-0.0876513
-0.0824534
-0.0694503
-0.0746405
-0.0544585
0.038299
0.00276573
-0.0208821
-0.0186404
-0.0327972
-0.000790829
-0.00295426
-0.0155136
-0.00994379
0.0157643
0.0062054
0.00109602
-0.00805128
0.00816649
-0.000432695
0.00192829
-0.0140312
0.00570043
0.00331213
-0.144061
-0.127628
0.255555
-0.186103
-0.0960526
-0.101605
-0.116277
-0.0950138
-0.107348
-0.104869
-0.00770271
0.0158998
-0.0129989
0.00284962
-0.00886129
-0.0214281
-0.0167169
-0.00107521
-0.00858113
-0.000634455
-0.161346
-0.110679
-0.116403
0.163324
-0.0824417
-0.0902914
-0.0891597
-0.073048
-0.0713578
-0.0686372
0.0179396
0.0223025
-0.00681448
-0.0135605
-0.0200263
-0.00596461
0.012027
-0.00702299
0.00236602
-0.0210279
-0.0880394
0.176913
-0.103397
-0.0197995
-0.0765797
-0.0656936
-0.0657899
-0.0589006
-0.0601138
-0.0722025
0.00904624
-0.0174359
-0.0158835
0.00476861
-0.010077
-0.00379413
-0.00689974
-0.0082595
0.0121625
-0.00285281
-0.0695991
-0.0314415
0.0680648
-0.0641236
-0.0575467
-0.0582025
-0.0477486
-0.0803141
-0.0627047
-0.0661518
-0.00299079
0.0344263
-0.0381779
-0.0416639
-0.026618
-0.0471204
-0.0337289
-0.0481143
-0.0392441
-0.0324563
0.146277
-0.120214
-0.136522
-0.0435681
-0.0849775
-0.0826454
-0.0730732
-0.0856692
-0.0801149
-0.0715265
0.0103206
-0.234991
0.140645
-0.236531
-0.208789
-0.196088
-0.203802
-0.188122
-0.195669
-0.205937
-0.0279571
0.0526011
-0.0119905
-0.0124102
0.0017447
-0.0230441
-0.0147724
-0.0132413
0.00282694
-0.0216252
0.00711785
0.0312604
-0.0764662
-0.0678062
-0.0629625
-0.0603568
-0.0879275
-0.0564504
-0.0685424
-0.0545305
-0.00222132
-0.200068
-0.0997634
0.0449153
-0.16482
-0.15283
-0.159521
-0.142943
-0.15417
-0.147861
0.0671592
-0.0970583
-0.0523192
-0.0734629
-0.109082
-0.0929631
-0.0986131
-0.0990973
-0.100557
-0.0970696
0.0404344
-0.110132
-0.0581065
-0.0601203
-0.0740832
-0.0880623
-0.0895795
-0.0933105
-0.0859548
-0.110849
-0.0874309
-0.0557546
0.0353914
-0.125487
-0.149336
-0.119862
-0.136854
-0.135961
-0.139525
-0.144691
-0.143029
-0.0155965
0.0735599
-0.0959275
-0.0915023
-0.0778567
-0.0758109
-0.0865945
-0.0967718
-0.0911076
-0.0604916
-0.211349
0.116472
-0.23534
-0.174792
-0.163439
-0.182974
-0.176673
-0.18105
-0.174312
0.176422
-0.0331574
-0.109644
-0.123174
-0.0353025
-0.0635046
-0.078575
-0.0674823
-0.0494634
-0.0589031
-0.0488043
0.000300042
0.0653656
-0.037824
-0.0402066
-0.042876
-0.0423383
-0.0314933
-0.0283946
-0.0476331
-0.193012
-0.10726
-0.0278082
0.0671892
-0.085683
-0.0716618
-0.0680754
-0.0685269
-0.0819879
-0.0798494
0.00169939
0.121256
-0.234109
-0.0467669
-0.109491
-0.101984
-0.0951209
-0.109913
-0.102917
-0.111884
0.161405
-0.0481631
-0.16695
-0.0294012
-0.0717622
-0.0895655
-0.0917442
-0.0778627
-0.0830747
-0.0688352
0.0338842
0.00729459
-0.0538048
0.006444
-0.0103519
-0.0305297
-0.021886
-0.0128417
0.0141257
-0.00715407
-0.218863
-0.169446
0.00856466
0.0463825
-0.143217
-0.138175
-0.140915
-0.14907
-0.141061
-0.138021
-0.104156
0.0112184
0.0141429
-0.095736
-0.0844989
-0.0910414
-0.0762819
-0.0959053
-0.0723404
-0.0962795
-0.109808
0.144587
-0.0590999
-0.0513858
-0.0402476
-0.0559764
-0.0642612
-0.0638574
-0.0727845
-0.0710931
0.17251
-0.0480869
-0.0816609
-0.102275
-0.0398094
-0.0436401
-0.026587
-0.038591
-0.0500889
-0.0462473
-0.0791067
0.0668247
-0.264609
0.0777088
-0.101116
-0.110615
-0.105104
-0.0904894
-0.0919157
-0.100574
-0.0073373
-0.00106532
-0.0179747
0.00847282
0.00686968
-0.0179509
-0.00414051
-0.00234378
-0.0136294
-0.00858312
-0.130266
-0.0825982
-0.0705134
0.0996306
-0.0296131
-0.0384971
-0.0485104
-0.0246823
-0.0406024
-0.0519772
-0.071062
-0.00853289
0.0177783
-0.0323009
-0.0531894
-0.0368311
-0.0618883
-0.0435634
-0.0231762
-0.0496856
0.033403
-0.249298
-0.118883
0.0154545
-0.178732
-0.185098
-0.160486
-0.159045
-0.16302
-0.179843
-0.0612116
0.144992
-0.0847131
-0.0288682
-0.0450347
-0.0373349
-0.0401889
-0.0494538
-0.0317497
-0.03303
-0.160869
-0.0762142
0.106844
-0.130087
-0.109091
-0.10568
-0.106672
-0.0950559
-0.109339
-0.0955844
-0.0381348
0.0626505
-0.0206309
-0.0282275
-0.0387325
-0.0336343
-0.0204281
-0.0346024
-0.0390327
-0.0311626
0.00321678
-0.20014
-0.126615
0.0396385
-0.156247
-0.161542
-0.171953
-0.155293
-0.173942
-0.172866
-0.00614951
0.0244224
-0.0121464
-0.00975714
-0.0132271
-0.0154663
-0.0111229
-0.00423665
-0.0106969
-0.0304229
-0.0893194
0.0163733
0.0259116
-0.0330591
-0.0663198
-0.07187
-0.0775667
-0.0590865
-0.0483176
-0.0725611
0.143303
-0.0911927
-0.0592443
-0.0869507
-0.0424097
-0.0677863
-0.0428629
-0.0679811
-0.0658871
-0.0507201
-0.0328535
-0.173831
0.148009
-0.134572
-0.10728
-0.106228
-0.109145
-0.0864624
-0.111845
-0.101789
0.00708486
-0.0070428
0.00751251
-0.00398935
-0.00631955
0.00359747
-0.00268131
-0.00176476
0.00976247
-0.0112477
0.0293502
-0.104722
-0.0601355
-0.254063
-0.179266
-0.1867
-0.171873
-0.165197
-0.182347
-0.171737
-0.0190413
0.125432
-0.101192
-0.0194105
-0.0469263
-0.0682106
-0.049006
-0.0497069
-0.0416832
-0.0540024
-0.211503
-0.171095
0.193723
-0.123815
-0.129115
-0.13855
-0.129087
-0.136702
-0.131182
-0.126689
0.0100361
0.0333068
-0.0387343
-0.0248442
-0.0361605
-0.00915353
-0.012413
-0.0160211
-0.022641
-0.00680963
-0.00519178
-0.153288
-0.0339917
-0.341404
-0.225278
-0.220138
-0.227857
-0.221364
-0.247935
-0.223991
-0.00302095
0.00159618
-0.00503659
0.00633014
-0.00570613
0.00197237
0.0032746
-0.0137655
0.0204778
-0.00446511
-0.0707499
0.0217142
0.00670394
-0.032601
-0.0211984
-0.042541
-0.039286
-0.0500276
-0.0473594
-0.0488146
-0.120135
0.194698
-0.100588
-0.0634577
-0.0784728
-0.0839699
-0.076311
-0.0884152
-0.0911733
-0.0899633
-0.0130935
0.00622351
0.0072865
-0.0105926
0.00376427
-0.0018765
-0.0077703
0.00372491
0.00607805
0.0168998
-0.0240345
0.016182
0.0162397
-0.0338875
-0.0571601
-0.0537145
-0.0621447
-0.0503156
-0.046809
-0.0468652
0.0085119
0.0195091
-0.0154521
-0.0121514
-0.0110456
-0.0283522
-0.0167169
-0.0178065
-0.0230541
-0.0181831
0.0142584
-0.00898469
-0.0183876
0.00599465
0.00207687
-0.00679472
-0.00495627
0.000634554
-0.025056
-0.00896654
-0.207604
-0.223132
-0.0045775
0.0414191
-0.195753
-0.189988
-0.197725
-0.184365
-0.189028
-0.187393
-0.0607061
-0.0847862
0.0673373
-0.165435
-0.143576
-0.145773
-0.169809
-0.161324
-0.141263
-0.1564
0.0755564
-0.00197719
-0.110532
-0.03563
-0.0368151
-0.0308834
-0.0214941
-0.0462118
-0.0547319
-0.0325132
-0.199064
-0.15612
-0.0709924
0.0944313
-0.113722
-0.132897
-0.137008
-0.116904
-0.124749
-0.11664
-0.187915
-0.189609
0.255561
-0.178342
-0.115479
-0.114148
-0.129633
-0.111188
-0.132083
-0.124826
-0.124356
-0.157631
-0.141141
0.146362
-0.132172
-0.12357
-0.135006
-0.142597
-0.124046
-0.12655
0.155157
-0.0550383
-0.113929
-0.125021
-0.0666859
-0.0661981
-0.0609418
-0.0707094
-0.0679774
-0.0708162
-0.0671469
0.0511811
0.00721245
-0.0204859
-0.0267669
-0.0221
-0.0192168
-0.012803
-0.0109007
-0.0145224
-0.113906
-0.0989454
-0.122874
0.15078
-0.118798
-0.085648
-0.114541
-0.120625
-0.11146
-0.109275
0.0714644
-0.0165814
-0.0531139
-0.0514327
0.0257921
0.00588738
-0.014429
-0.00217606
0.00375083
-0.00404789
-0.145586
-0.118433
0.209578
-0.179372
-0.0915507
-0.10918
-0.099034
-0.105343
-0.0871879
-0.104162
-0.11347
-0.133697
0.157476
-0.1127
-0.0979477
-0.0825209
-0.0877645
-0.088098
-0.0934043
-0.087483
-0.228978
-0.157746
-0.133046
0.150111
-0.111754
-0.100481
-0.102637
-0.110453
-0.111289
-0.105377
-0.0317866
-0.107835
0.0841221
-0.194352
-0.126412
-0.118905
-0.101359
-0.113714
-0.116544
-0.122165
-0.13638
0.245711
-0.167045
-0.0544785
-0.0734675
-0.07342
-0.0854907
-0.0624908
-0.0819399
-0.0916725
-0.152957
-0.21629
0.26326
-0.149441
-0.128104
-0.124444
-0.113696
-0.141874
-0.127694
-0.137061
-0.0929582
-0.00338531
0.0151216
-0.0491036
-0.0729175
-0.0675781
-0.0555329
-0.0631846
-0.0695117
-0.0584376
-0.0282822
-0.109082
0.0328449
-0.110434
-0.107577
-0.113433
-0.119566
-0.115916
-0.110827
-0.096989
-0.305681
-0.173451
-0.00301748
-0.00301466
-0.153529
-0.156237
-0.168999
-0.163204
-0.176525
-0.169664
-0.0370388
-0.190774
-0.086279
0.0161662
-0.158487
-0.169594
-0.165912
-0.173913
-0.155593
-0.158275
-0.229371
-0.174419
-0.0157893
0.0628406
-0.11323
-0.120741
-0.124209
-0.11627
-0.104852
-0.126397
-0.14358
-0.107872
-0.14187
0.165205
-0.0876901
-0.0990895
-0.0837349
-0.0900521
-0.0547986
-0.0778615
-0.0471105
0.00672517
0.013114
-0.0326484
-0.0285734
-0.0221438
-0.0207286
-0.028866
-0.0456287
-0.0460942
0.0867734
-0.0403518
-0.0609633
-0.14059
-0.0176359
-0.0452155
-0.042723
-0.0319207
-0.0266885
-0.0493162
0.194179
-0.0992871
-0.134621
-0.0795143
-0.0843757
-0.084236
-0.0842811
-0.0919234
-0.0875773
-0.0919343
-0.124748
-0.103168
-0.0992792
0.122426
-0.053948
-0.0691838
-0.0689328
-0.0807164
-0.0764509
-0.05782
-0.070889
-0.00663293
0.0325759
-0.0587993
-0.0388014
-0.0324444
-0.059918
-0.0502518
-0.0583798
-0.0412709
0.016292
-0.00292353
-0.0255066
-0.022799
-0.000640848
-0.00798246
0.0131456
-0.0270637
-0.0270659
0.0222632
-0.0319681
0.00627964
0.0287526
-0.0329608
-0.0209263
-0.0197672
-0.0338782
-0.0263921
-0.0196122
-0.00645383
-0.0547346
-0.0186643
0.0446155
-0.0304595
-0.044548
-0.0371484
-0.0408418
-0.0414567
-0.0331233
-0.0551591
-0.0341268
0.0104239
0.0127038
-0.0135917
-0.00222074
0.00485793
-0.0271162
-0.0103707
-0.00825812
-0.0144228
-0.0194042
0.102016
-0.0699272
-0.02414
-0.0344291
-0.0299364
-0.0421074
-0.0222336
-0.020847
-0.00544392
-0.0281262
0.0666572
-0.0121441
-0.032325
-0.0250295
-0.0164932
-0.0378485
-0.028678
-0.0487035
-0.0288055
-0.0395415
0.0401002
-0.0122095
-0.0194077
-0.0112972
-0.0138163
-0.0170228
-0.0169808
-0.0134862
-0.0176418
-0.109135
0.2018
-0.0814217
-0.042646
-0.0516251
-0.0636641
-0.0717544
-0.0612724
-0.0526481
-0.0624243
-0.15328
-0.0779356
0.17094
-0.0704775
-0.0588473
-0.0604898
-0.0627199
-0.0750445
-0.067936
-0.0714898
-0.0430615
-0.224036
-0.0655025
0.0584652
-0.200895
-0.201811
-0.20747
-0.18653
-0.201759
-0.207003
-0.0714903
0.198611
-0.167224
-0.0593352
-0.0835838
-0.0810722
-0.081176
-0.0873768
-0.0914737
-0.088345
0.00726166
-0.0250824
0.0113087
-0.0272022
-0.00261077
0.00553268
-0.00117588
-0.013127
0.00581224
-0.0114759
-0.0728364
-0.148757
0.159866
-0.0976802
-0.102911
-0.0938781
-0.0931981
-0.10537
-0.0952011
-0.106013
-0.0746167
0.115351
-0.0697826
-0.0318981
-0.0638502
-0.0579329
-0.0525402
-0.0573173
-0.059185
-0.0581494
-0.0148698
0.0632628
-0.0111348
-0.0162864
-0.0225047
-0.0163428
-0.0363368
-0.00943941
-0.0124414
-0.0125248
-0.196027
-0.118446
-0.0528943
0.134908
-0.0716102
-0.0889703
-0.0783864
-0.0756412
-0.0889829
-0.0869687
0.046883
-0.0315958
-0.0416547
-0.130217
-0.0894161
-0.100301
-0.0967853
-0.100561
-0.118619
-0.11841
0.00016014
-0.00711858
0.0138446
-0.010613
-0.00295155
0.00820448
0.00642291
0.00538362
-0.00274992
-0.000466078
0.164326
-0.0588614
-0.134112
-0.0962317
-0.0516501
-0.060355
-0.0457634
-0.0473406
-0.027398
-0.063846
-0.0926828
0.179752
-0.135758
-0.0166997
-0.0679495
-0.0637295
-0.0793282
-0.0627123
-0.067247
-0.0860109
0.229121
-0.115887
-0.173363
-0.228249
-0.0732867
-0.0744686
-0.0620034
-0.078439
-0.0808316
-0.063244
0.144553
-0.0693085
-0.106446
-0.0529801
-0.0624374
-0.0439279
-0.0588921
-0.0483368
-0.0551578
-0.0540255
-0.0298695
0.0733309
-0.0142203
-0.0194224
-0.0313922
-0.0139294
-0.0128956
-0.0138739
-0.0258988
-0.0161001
0.191523
-0.103239
-0.113211
-0.231528
-0.0926823
-0.0996355
-0.0914364
-0.0943984
-0.077524
-0.0942254
-0.0459799
0.0860889
-0.0322745
-0.056407
-0.0192316
-0.0460673
-0.0391664
-0.0371407
-0.0384644
-0.0380863
0.196868
-0.0398467
-0.115552
-0.147219
-0.0521439
-0.0486685
-0.0615171
-0.0444567
-0.0559984
-0.0528613
-0.0611674
0.00121664
0.0230773
-0.0595381
-0.0497965
-0.0360826
-0.0535333
-0.0504054
-0.0363619
-0.0508292
-0.0603783
0.0141937
0.00956897
-0.014498
-0.0117695
-0.00925728
-0.02724
-0.0157894
-0.032505
0.00754787
0.012517
0.0101548
-0.00803507
-0.0209056
-0.0316981
-0.03073
-0.0133977
-0.0336729
-0.0237172
-0.03721
-0.150159
-0.0579296
0.127576
-0.0995419
-0.0796733
-0.0663962
-0.0856852
-0.0884956
-0.0778063
-0.0856731
0.0251363
-0.00343559
0.00569437
-0.0158919
-0.0190043
-0.0192235
-0.0126214
-0.0192741
-0.0406724
-0.00829611
-0.10296
-0.0798947
-0.131722
0.137709
-0.0751014
-0.0799762
-0.0986571
-0.0918715
-0.10327
-0.0837231
-0.222398
-0.0582346
0.139612
-0.117271
-0.128393
-0.110266
-0.136899
-0.133741
-0.114724
-0.125222
0.129116
-0.0450368
-0.065902
-0.144202
-0.0567104
-0.0572114
-0.0562326
-0.0688576
-0.0465619
-0.0641645
0.0345591
-0.0210774
-0.0345258
-0.0617418
-0.0123035
-0.0216701
-0.00738419
-0.021789
-0.0160524
-0.0216335
-0.13173
-0.0791916
-0.20216
0.209403
-0.0945201
-0.0851998
-0.0829376
-0.0933521
-0.0662421
-0.072298
-0.205991
-0.115915
0.236743
-0.081213
-0.0558943
-0.0792629
-0.0768051
-0.0785753
-0.0705827
-0.0767819
-0.00807056
0.0632581
-0.0306519
-0.013693
-0.0175347
-0.0197434
-0.0260075
-0.014901
-0.0264845
-0.0195595
-0.0363561
-0.00444203
0.0318202
-0.00975738
-0.0072868
-0.0213058
-0.043219
-0.0292945
-0.0185824
-0.0315257
-0.0773228
0.169057
-0.0936292
-0.0646115
-0.0516185
-0.0457825
-0.0588855
-0.0560455
-0.0598239
-0.0690586
0.223317
-0.110912
-0.118494
-0.163865
-0.0865538
-0.0668058
-0.0759464
-0.0583578
-0.0534991
-0.0817544
-0.0938992
0.00532658
0.0283997
-0.0678805
-0.0609605
-0.0878359
-0.0642496
-0.0702055
-0.0630184
-0.0532691
-0.0917127
-0.102452
0.0499984
-0.102434
-0.144056
-0.129982
-0.138499
-0.132229
-0.128472
-0.113945
-0.075839
0.15506
-0.133851
-0.0261675
-0.0540618
-0.0519959
-0.0542367
-0.0575594
-0.0599712
-0.0617252
-0.0959019
-0.0183952
0.0635446
-0.0523118
-0.0596507
-0.0802461
-0.0647229
-0.0642712
-0.0564765
-0.0595063
-0.0604227
-0.00778255
0.0118405
-0.0250829
-0.0336709
-0.033867
-0.0310265
-0.0459643
-0.00365185
-0.0340877
-0.0755829
0.0735257
-0.0119635
-0.00637213
-0.0249923
-0.000514057
-0.0108359
-0.01054
-0.0304257
-0.0103776
-0.0287118
0.0616019
-0.032833
-0.0112771
-0.0348218
-0.016958
-0.0317927
-0.0407998
-0.0248791
-0.0471188
0.00487431
-0.00341811
-0.00867119
-0.00439537
-0.00899679
0.00810181
-0.0120391
0.0102141
0.00830473
0.0161768
-0.0594828
0.0471492
-0.00206904
-0.0134921
-0.011589
-0.0386981
-0.00860255
-0.0172949
-0.0302107
-0.0396142
-0.0841127
0.0181462
0.0373354
-0.0844489
-0.0775711
-0.0904659
-0.109915
-0.090594
-0.101103
-0.0850674
-0.0797945
0.17587
-0.0903835
-0.0638701
-0.0476294
-0.0630432
-0.0591339
-0.0324072
-0.0355288
-0.0457959
0.17635
-0.023449
-0.127221
-0.133553
-0.0371465
-0.0463488
-0.0310133
-0.0485067
-0.0382907
-0.0308691
-0.106142
0.136834
-0.101627
-0.0573937
-0.0813207
-0.0686907
-0.0852017
-0.0600701
-0.0574817
-0.0928184
0.00808004
0.0594542
-0.0469592
-0.0359102
-0.0339169
-0.0236854
-0.0296368
-0.0213081
-0.0166365
-0.0148817
0.00893597
0.026531
-0.00570907
0.00644415
0.00521672
0.00212172
-0.00558495
-0.000329311
-0.0178101
-0.00350738
-0.115761
0.195475
-0.0846515
-0.0709712
-0.0865087
-0.0790779
-0.0940365
-0.073397
-0.0952815
-0.0951448
-0.0436182
0.0793326
-0.0740571
-0.0502095
-0.0633725
-0.0472451
-0.0434328
-0.0578035
-0.0486907
-0.0364422
-0.0895635
0.0955944
-0.0160282
-0.0212055
-0.00892977
-0.0184113
-0.0157226
-0.0182297
-0.0368328
-0.00525916
-0.216381
0.086528
-0.237404
0.100231
-0.139961
-0.135413
-0.127887
-0.125217
-0.138149
-0.135748
-0.12661
-0.0824454
0.19212
-0.213152
-0.0960316
-0.103955
-0.0904772
-0.096454
-0.0943696
-0.0762771
-0.0304127
0.0757204
-0.0488913
-0.0291864
-0.026379
-0.0349267
-0.0295581
-0.0474887
-0.0393568
-0.0316483
-0.216619
0.0107407
0.0747343
-0.0288087
-0.0806897
-0.0811598
-0.0763474
-0.0744419
-0.0786696
-0.0569491
0.00601669
-0.0015275
-0.00848625
-0.0132076
-0.0156095
0.000108039
0.00939211
-0.000756329
0.0165623
0.00727455
-0.00673254
-0.00771909
-0.00970886
-0.0158812
0.0190239
0.00338439
-0.00430992
-0.00288887
0.00950107
-0.00893852
-0.141537
0.0247135
0.00769174
-0.102155
-0.119418
-0.0963911
-0.118707
-0.115086
-0.0936056
-0.125007
-0.0413214
-0.215127
0.154679
-0.182604
-0.118787
-0.126341
-0.120189
-0.121111
-0.135823
-0.133497
0.0120359
0.0154715
-0.0134765
-0.0187172
-0.0209336
-0.00408422
-0.00674986
-0.021322
-0.00444781
0.00816293
-0.233004
-0.0653612
0.13534
-0.108067
-0.124283
-0.116765
-0.12444
-0.130676
-0.105095
-0.10684
-0.00383295
-0.225413
0.137291
-0.11648
-0.122378
-0.120253
-0.115494
-0.124744
-0.119098
-0.132907
-0.217505
-0.199735
0.333701
-0.243348
-0.13765
-0.112052
-0.126272
-0.115738
-0.143842
-0.122026
-0.027211
0.0529457
-0.00785952
-0.02792
-0.0239574
-0.0222983
-0.0165223
-0.0477657
-0.0298535
-0.00816923
-0.14575
-0.0822465
-0.133311
0.16151
-0.0569535
-0.0576718
-0.0494843
-0.0616111
-0.0447039
-0.0597132
-0.109682
-0.0425108
0.0764372
-0.0638719
-0.0577307
-0.0881603
-0.0890442
-0.0860827
-0.0899341
-0.0963524
0.105528
0.0050151
-0.111546
-0.0895867
-0.0317518
-0.0221594
-0.035392
-0.0147004
-0.00685401
-0.035539
0.0404696
-0.0174371
-0.0858357
-0.00380242
-0.027156
-0.0328796
-0.0238281
-0.0199265
-0.0154882
-0.0358559
-0.0958281
-0.0261182
0.0497186
-0.110274
-0.0903874
-0.10168
-0.0987839
-0.10879
-0.117279
-0.108291
0.119134
-0.0876467
-0.0517558
-0.203011
-0.0529281
-0.0747161
-0.0632245
-0.0692957
-0.0664947
-0.0501987
-0.00518806
0.00551722
0.000176732
-0.00946685
-0.0213156
-0.017165
-0.0125292
0.00509187
-0.0176501
-0.0107856
-0.0221189
-0.0306526
0.0361081
-0.0298071
-0.0446332
-0.042259
-0.0493861
-0.0288811
-0.0477872
-0.0418928
0.185664
-0.095294
-0.139741
-0.125204
-0.0508233
-0.0716283
-0.058181
-0.0560929
-0.0623277
-0.060973
-0.225859
0.0322158
0.08085
-0.14843
-0.174091
-0.168389
-0.148274
-0.177692
-0.161157
-0.157993
-0.141286
-0.08756
-0.093387
0.109632
-0.0674727
-0.0603281
-0.0610574
-0.0571651
-0.0535583
-0.0415975
0.0206411
0.0391337
-0.00831785
-0.0248092
-0.014452
-0.0285391
-0.0121572
-0.0226545
-0.0248662
-0.0223886
-0.0866057
-0.154163
-0.123716
0.131153
-0.138658
-0.145293
-0.131234
-0.152335
-0.136125
-0.145039
-0.0473922
0.171799
-0.128318
-0.0479034
-0.031059
-0.031493
-0.0158167
-0.0235385
-0.0258937
-0.0332413
-0.00717938
0.0236989
0.00209935
0.00811855
-0.0128631
-0.0157235
0.00722678
-0.00269103
-0.00349423
-0.0127674
-0.234201
-0.179387
-0.025601
0.0498457
-0.156713
-0.168939
-0.150777
-0.158146
-0.149132
-0.166929
0.033653
-0.12486
0.0770186
-0.049371
-0.0568444
-0.0491973
-0.0523102
-0.0680808
-0.0657928
-0.0721181
-0.0989928
0.179383
-0.114615
-0.0508727
-0.0547468
-0.057936
-0.0646575
-0.0556198
-0.0684549
-0.0410928
0.0884986
-0.0402875
-0.0960356
-0.142761
-0.108007
-0.112295
-0.0920838
-0.11802
-0.10257
-0.12191
-0.13114
-0.0516387
0.105597
-0.0789101
-0.0585571
-0.0638743
-0.059191
-0.0637247
-0.0810371
-0.0749623
-0.00663157
-0.0188527
-0.00613149
-0.00782672
0.0230189
0.00489871
0.00137575
-0.0017709
-0.0121822
0.00167791
-0.242372
-0.180387
0.267494
-0.178185
-0.155406
-0.135865
-0.136065
-0.134072
-0.148554
-0.142746
-0.0340211
-0.0132531
0.044409
-0.0325279
-0.0374746
-0.0381379
-0.0236837
-0.0128906
-0.0325069
-0.0289624
0.145097
-0.0220298
-0.120458
-0.10893
-0.0398726
-0.0505049
-0.0351954
-0.0352647
-0.0428432
-0.0520157
0.0922484
-0.0534059
-0.0473477
-0.0704775
-0.0700783
-0.0641341
-0.0569603
-0.0666015
-0.0640087
-0.0686538
0.252238
-0.110911
-0.144036
-0.252406
-0.081475
-0.0695094
-0.0886607
-0.0851963
-0.0700215
-0.0751128
-0.147913
-0.124497
-0.0769333
0.140843
-0.0951877
-0.103224
-0.102827
-0.104264
-0.0923484
-0.0979092
0.0369832
-0.0541324
-0.138987
-0.0265934
-0.0364423
-0.062842
-0.0597333
-0.0643529
-0.0403097
-0.0519154
-0.065261
-0.0111535
0.0220031
-0.0266856
-0.0325042
-0.0362094
-0.0384135
-0.0326573
-0.0411878
-0.040193
-0.138009
-0.117286
-0.165784
0.19358
-0.0681567
-0.0638617
-0.0624799
-0.0743272
-0.0575762
-0.0748843
-0.0728073
0.0217096
0.0128028
-0.053109
-0.0645582
-0.0383964
-0.0404757
-0.0692324
-0.0597182
-0.0639195
-0.0907259
0.0418433
-0.0401041
-0.0690808
-0.0901133
-0.0883863
-0.104381
-0.0987065
-0.113904
-0.0955355
-0.0356282
0.00697639
0.0285326
-0.0392469
-0.0180808
-0.00823373
-0.0127273
-0.0117907
-0.0206181
-0.0304711
-0.116393
-0.00123022
0.0703046
-0.0640429
-0.0632926
-0.0520456
-0.0699017
-0.0772197
-0.0799597
-0.0688795
-0.00198675
-0.16744
-0.147305
0.0649211
-0.155659
-0.173108
-0.150932
-0.149077
-0.156891
-0.168446
-0.00989975
0.000172097
-0.00779277
0.00629697
-0.00349031
0.00778741
0.013906
-0.00478125
0.0159716
-0.00787465
0.197382
-0.121598
-0.164517
-0.152695
-0.0895591
-0.0820079
-0.0848271
-0.098921
-0.0932868
-0.0820017
0.0904579
-0.00585766
-0.259043
-0.0289647
-0.0937016
-0.0820447
-0.0901051
-0.0912773
-0.0859587
-0.106876
-0.134051
-0.0923969
0.0802995
-0.0279106
-0.106821
-0.0972904
-0.0911399
-0.0954987
-0.103365
-0.0980902
-0.0464982
0.0502425
-0.01265
-0.0142383
-0.0144795
-0.00424881
-0.00766748
-0.00921217
-0.00292323
0.00820556
-0.201099
-0.108357
0.207951
-0.177499
-0.137057
-0.147151
-0.150859
-0.151576
-0.131603
-0.126565
-0.277116
-0.218333
0.0244235
0.0514523
-0.175819
-0.186038
-0.174798
-0.187908
-0.187198
-0.167611
-0.0271681
0.0180154
0.00135241
0.0193751
-0.0162894
-0.00778028
-0.00806497
-0.0147265
-0.00563884
-0.0121549
-0.0339944
0.00539082
0.0182069
-0.0404423
-0.0267774
-0.0289347
-0.035769
-0.0309543
-0.0421271
-0.0323229
-0.083146
0.129408
-0.137931
-0.0188093
-0.0554131
-0.0728535
-0.0732127
-0.0776898
-0.0734978
-0.0743392
0.241272
-0.10269
-0.214866
-0.154262
-0.085
-0.076945
-0.0639423
-0.0504865
-0.0905192
-0.0721162
0.216278
-0.088842
-0.174981
-0.18746
-0.0899356
-0.0862398
-0.0921261
-0.0942877
-0.0980468
-0.0886726
-0.146964
-0.0405513
-0.0523611
0.082242
-0.0589534
-0.0282088
-0.0654029
-0.0508677
-0.0400703
-0.057894
-0.0848531
0.217866
-0.0862781
-0.0352099
-0.0504034
-0.0385376
-0.0474053
-0.0573457
-0.0377732
-0.0280058
-0.0285902
0.0876129
-0.0605551
-0.0956605
-0.0753094
-0.0993729
-0.0793097
-0.0864336
-0.0645902
-0.091245
0.182509
-0.0161207
-0.203878
-0.16549
-0.0631063
-0.0657822
-0.0581556
-0.0629815
-0.0656035
-0.0753425
0.197258
-0.0517845
-0.1755
-0.0904121
-0.0530709
-0.0367374
-0.0608658
-0.0647062
-0.0605814
-0.0622424
-0.123047
-0.101605
-0.0901547
0.0890774
-0.117375
-0.130956
-0.118982
-0.11285
-0.131672
-0.118033
-0.0998157
-0.0108706
0.0412108
-0.0354781
-0.0604999
-0.038564
-0.047552
-0.0305146
-0.0379719
-0.0235944
-0.0304929
0.0200533
-0.0114984
0.0154532
-0.00187413
-0.01005
-0.00590874
0.00831248
0.00194658
0.00392273
-0.0206341
-0.120663
0.150132
-0.0409211
-0.0300267
-0.0447954
-0.0451557
-0.0558917
-0.040092
-0.0489318
-0.23537
0.0214103
0.0493735
-0.211293
-0.222338
-0.221322
-0.237437
-0.239741
-0.225172
-0.233713
-0.0543505
0.0876282
-0.0392528
-0.00777966
-0.0135796
-0.00798716
-0.022518
-0.00239088
-0.00855843
-0.0142714
-0.111888
-0.111537
-0.0528767
0.0984019
-0.0811602
-0.090109
-0.064521
-0.063889
-0.0718933
-0.0692247
0.155811
-0.0471937
-0.143002
-0.123222
-0.0877373
-0.0929133
-0.0709029
-0.10744
-0.0867835
-0.0766707
-0.0247691
-0.00796026
-0.00524623
-0.00466022
0.00654645
-0.00778429
0.0150744
-0.00963038
0.00446515
-0.0105612
-0.236128
-0.136604
-0.0684414
0.115963
-0.111421
-0.108104
-0.0917852
-0.113692
-0.101586
-0.114661
0.029882
-0.089626
0.0593914
-0.0807775
-0.0808077
-0.0791839
-0.0698947
-0.0854485
-0.0743201
-0.0705602
0.00164709
0.0107338
-0.00413541
-0.00684572
0.0160663
-0.00437375
-0.0125541
-0.00119793
0.010445
-0.00363304
-0.14965
-0.116447
-0.100195
0.145223
-0.0936961
-0.0811573
-0.0766693
-0.085353
-0.0785641
-0.0846861
-0.0137566
0.118287
-0.103536
-0.0390879
-0.0486062
-0.0672248
-0.0567214
-0.0697609
-0.0656734
-0.0622232
0.0799351
-0.0599946
-0.0253596
-0.0752814
-0.0184291
-0.016512
-0.0117949
-0.00648299
-0.0201714
-0.00317029
-0.0228649
0.014075
0.0117785
-0.0128213
-0.00720307
-0.00957773
0.00244933
-0.0104487
0.00200308
0.000771749
0.0467269
-0.174036
0.0505443
-0.175364
-0.117091
-0.124437
-0.126198
-0.133031
-0.111976
-0.104982
-0.0729718
0.182548
-0.122444
-0.0908193
-0.0972042
-0.0833344
-0.0827826
-0.0809288
-0.0856362
-0.0894219
-0.155161
-0.124221
-0.102647
0.168584
-0.0847523
-0.0756258
-0.0884572
-0.078829
-0.0820228
-0.0764485
0.132188
-0.0482619
-0.107137
-0.169837
-0.0443748
-0.0548287
-0.0440246
-0.0514433
-0.0535722
-0.0392386
-0.0187768
0.0319361
-0.0192219
0.00966506
-0.0156415
-0.0151939
0.00677148
-0.00591092
-0.00215735
-0.0116792
0.196528
-0.0843984
-0.154216
-0.0545669
-0.0571467
-0.0600857
-0.0734017
-0.0650824
-0.0620068
-0.0517484
0.083513
-0.0941255
-0.00570647
-0.280072
-0.121414
-0.138917
-0.121743
-0.128324
-0.137237
-0.143735
-0.153807
-0.0462381
0.169015
-0.150961
-0.0787011
-0.0689074
-0.0800118
-0.0877023
-0.0845425
-0.0795651
-0.00625499
-0.0288452
-0.00124397
-0.00122494
-0.000881013
0.00950039
-0.0243757
0.00103035
0.0123505
-0.00605693
-0.06074
0.076283
-0.0265726
-0.066708
-0.0373423
-0.0363962
-0.0299248
-0.037006
-0.0253212
-0.0280958
-0.0516231
0.151857
-0.132748
-0.0164917
-0.0270066
-0.0388702
-0.0329163
-0.044022
-0.0330464
-0.0454767
0.229554
-0.141198
-0.15763
-0.1635
-0.0822582
-0.0890867
-0.0939479
-0.0954
-0.0890807
-0.0815955
0.00257142
0.0374962
-0.0185817
-0.00672903
-0.0194916
-0.0170057
-0.0154648
-0.014888
-0.0178324
-0.00405477
-0.19184
-0.133283
0.186591
-0.0705504
-0.0943912
-0.105261
-0.126455
-0.101246
-0.0933808
-0.101038
-0.170184
-0.0280846
0.119727
-0.20686
-0.115235
-0.116035
-0.133571
-0.140065
-0.136919
-0.124372
-0.0127391
0.0333094
-0.0188497
-0.0118925
-0.0283485
-0.0304548
-0.026594
-0.0352677
-0.0328954
-0.0382665
-0.0557561
0.0690227
0.000949314
-0.0426832
-0.0160043
-0.0250858
-0.025947
-0.0189526
-0.0100022
0.00151911
-0.0939882
-0.0464151
0.0216724
-0.0227668
-0.0898662
-0.0902625
-0.0870565
-0.0653397
-0.0839386
-0.0812181
-0.0320014
-0.0199626
0.0390486
-0.0372433
-0.0327736
-0.0434718
-0.0376267
-0.0512554
-0.0390052
-0.0399859
-0.166209
-0.0671011
-0.0084377
0.0112728
-0.125158
-0.120209
-0.0926348
-0.113517
-0.1143
-0.120807
0.132782
-0.0442478
-0.146435
-0.0857174
-0.0614116
-0.0436399
-0.0473097
-0.0516842
-0.0360176
-0.0459029
-0.113846
-0.212647
0.102654
-0.190557
-0.219343
-0.207262
-0.213519
-0.204461
-0.204191
-0.218649
-0.127291
-0.124319
-0.146545
0.174259
-0.0615844
-0.0577193
-0.056053
-0.0733911
-0.0648252
-0.0572446
-0.0381293
0.0419042
-0.00239625
-0.00154405
-0.0154876
0.0107451
0.0150303
-0.00173922
0.00503274
0.00114437
-0.0335912
0.0264973
-0.0221402
-0.0234831
-0.00780451
-0.0215025
-0.0269301
-0.0201261
-0.0212999
-0.0143625
0.110221
-0.0255261
-0.0699197
-0.100166
-0.0177028
-0.0141919
-0.00943648
-0.0122512
-0.0167264
0.00394526
-0.0660493
-0.100781
-0.0781162
0.109825
-0.064115
-0.0686079
-0.0645118
-0.0547637
-0.0606789
-0.0756966
-0.159203
-0.131165
-0.127822
0.165337
-0.0870828
-0.096325
-0.0969701
-0.0837104
-0.117238
-0.0898084
-0.125041
0.154705
-0.123448
-0.0366396
-0.114393
-0.122529
-0.111948
-0.09665
-0.0997095
-0.0910197
0.0703961
-0.147768
-0.0129252
-0.210427
-0.139175
-0.157977
-0.166647
-0.136758
-0.144377
-0.13798
0.00148949
0.0132281
-0.0126898
0.00015718
0.0117073
0.00351236
-0.00089787
0.00288568
-0.0146182
0.00375896
-0.0266337
0.0447486
-0.00280847
-0.0203914
-0.0159247
-0.0116172
-0.0111778
-0.013345
-0.0152126
-0.0208415
-0.0622363
-0.00997742
0.0415008
-0.0233356
-0.0395438
-0.0459886
-0.0277885
-0.0189927
-0.0448659
-0.0207849
-0.085004
0.195537
-0.0960322
-0.0644208
-0.0435815
-0.0469342
-0.0442117
-0.058658
-0.0577095
-0.0526009
0.145508
-0.0259086
-0.110625
-0.148582
-0.0355895
-0.0571829
-0.056401
-0.0674241
-0.0426196
-0.056752
0.000797153
0.0351783
-0.0173536
-0.0184318
-0.0208541
-0.00588898
-0.0309416
-0.0136245
-0.00675725
-0.0325638
-0.00930246
0.00424419
0.0176912
0.00576704
-0.00419399
-0.0158041
-0.0214578
0.012114
-0.00959793
-0.012809
-0.18544
-0.145425
-0.0633717
0.0837155
-0.109011
-0.101215
-0.111863
-0.105697
-0.109422
-0.111059
-0.113706
-0.00693709
0.0199016
-0.0808863
-0.0690106
-0.085718
-0.0766861
-0.0605023
-0.0650173
-0.0670582
0.0891131
-0.0765325
-0.0588561
-0.0152734
-0.0597543
-0.0736826
-0.0473645
-0.0781086
-0.0596458
-0.0641018
-0.0833418
0.123888
-0.0494507
-0.0116556
-0.0256189
-0.0120699
-0.0387082
-0.0335689
-0.0427562
-0.0419734
-0.0418766
0.0551828
-0.00552682
-0.0165291
-0.0018653
-0.00654329
0.00364894
-0.00916454
-0.0198062
-0.00895373
0.156011
-0.0416529
-0.202712
-0.174447
-0.039459
-0.049209
-0.041125
-0.0467636
-0.039722
-0.0471769
-0.101469
0.190398
-0.148277
-0.0603443
-0.0758714
-0.0712208
-0.0637012
-0.072173
-0.0591217
-0.0634027
-0.0237196
0.122839
-0.108849
-0.044586
-0.0769265
-0.0310266
-0.0603972
-0.0310491
-0.0569679
-0.040492
-0.217963
0.0019523
0.0883254
-0.147305
-0.152745
-0.164845
-0.152694
-0.14893
-0.130228
-0.156535
0.12883
-0.0214004
-0.206657
-0.122999
-0.133326
-0.132917
-0.142568
-0.127703
-0.143051
-0.134384
-0.161242
-0.149615
-0.0505133
0.0781665
-0.108926
-0.103537
-0.116099
-0.104351
-0.110009
-0.122294
-0.000111115
0.039866
-0.00142478
-0.0286455
-0.015504
-0.021605
-0.0219877
-0.0203738
-0.035399
-0.0376927
-0.0763408
0.0457123
0.00660019
0.00430435
-9.17355e-05
0.000931512
-0.0103081
-0.000890914
-0.00763198
-0.0265954
-0.234096
-0.139514
0.0158923
0.00405293
-0.115649
-0.115937
-0.112175
-0.113919
-0.108428
-0.108551
-0.197415
-0.0711808
0.153442
-0.0552939
-0.0628383
-0.0536135
-0.0605621
-0.0574549
-0.0452442
-0.0553926
-0.0212314
-0.0077848
-0.00429631
-0.00638399
0.0128418
0.00738739
0.0194372
0.00200732
0.00933174
0.00890799
0.0106503
-0.111845
0.077023
-0.0600616
-0.0865384
-0.0708797
-0.0868965
-0.0703892
-0.0917543
-0.0825202
-0.0764337
0.117343
-0.0702902
-0.0163021
-0.077217
-0.0817164
-0.0816105
-0.0654714
-0.0744567
-0.0655693
0.0245399
-0.138357
-0.150589
-0.0135133
-0.145426
-0.140449
-0.138884
-0.153239
-0.130094
-0.152265
-0.0389387
0.0424102
0.00441756
-0.00807808
0.0157225
0.00166758
0.0015334
-0.00604752
0.0278404
0.00799791
-0.0128397
0.0592837
-0.0148785
-0.0439721
-0.0383347
-0.0413803
-0.0299827
-0.0312967
-0.0326343
-0.0215466
-0.202875
-0.168143
0.278673
-0.160236
-0.0922758
-0.0831006
-0.0791417
-0.0851409
-0.102827
-0.0857684
-0.07023
0.0628618
-0.0126188
-0.0198503
-0.0124575
-0.0201486
-0.0143222
-0.0153522
-0.0303202
-0.0284901
-0.0406151
0.00294788
0.0235552
-0.0631644
-0.0744574
-0.0735588
-0.0666828
-0.0694312
-0.0562052
-0.0766971
-0.188784
-0.0703625
0.14016
-0.103608
-0.09355
-0.0806508
-0.0753574
-0.0791642
-0.075479
-0.0920384
-0.0985499
-0.0352714
0.0637415
-0.197076
-0.124401
-0.142145
-0.137473
-0.160267
-0.148088
-0.148277
0.106682
0.0352846
-0.298851
-0.0661996
-0.0987763
-0.0672265
-0.0701983
-0.0902939
-0.0920382
-0.104152
-0.0470183
0.0601661
-0.0183473
-0.0170654
-0.00586094
-0.0393149
-0.0233667
-0.0145032
-0.0250667
-0.0275075
-0.000526041
0.00237088
-0.000883591
-0.00995573
-0.0180856
-0.0146777
-0.00941825
-0.0126899
-0.0263238
-0.0142401
-0.0269697
0.170048
-0.0948499
-0.0421637
-0.0505749
-0.0504858
-0.0357163
-0.0400898
-0.0189874
-0.0543364
-0.12901
-0.103029
0.152869
-0.0970725
-0.0619278
-0.07812
-0.0898638
-0.0706969
-0.0892608
-0.083344
-0.0141297
0.0447746
-0.00595202
-0.0175698
-0.0213626
-0.00784849
-0.00923483
-0.0117461
0.000621292
-0.0313467
-0.0832898
-0.0112847
0.0386298
-0.0473722
-0.0333192
-0.0530303
-0.0414595
-0.0526482
-0.0367178
-0.0497448
0.120464
-0.10744
-0.0950395
-0.197824
-0.117984
-0.132789
-0.110932
-0.118076
-0.13084
-0.125402
0.225592
-0.091044
-0.141644
-0.0991161
-0.0749151
-0.0574143
-0.0599422
-0.0692172
-0.0707584
-0.0668952
-0.187394
-0.0624979
0.108448
-0.0843111
-0.0952424
-0.108615
-0.102706
-0.0932926
-0.0824351
-0.0959148
0.0795515
-0.137283
0.0364284
-0.233329
-0.124215
-0.12446
-0.120677
-0.114056
-0.115546
-0.103754
-0.0239623
0.0765854
-0.0241922
-0.0460462
-0.0541798
-0.0537371
-0.028197
-0.0368347
-0.0511867
-0.0325991
-0.148883
-0.0774511
0.13501
-0.119104
-0.0651652
-0.067014
-0.0711563
-0.0717152
-0.086806
-0.08548
-0.118887
0.182234
-0.127145
-0.0879135
-0.105242
-0.107688
-0.107714
-0.121318
-0.109838
-0.124243
0.00396506
0.00108537
-0.0114893
-0.0149719
-0.00677404
-0.000170511
-0.010617
-0.0132212
-0.00756498
0.00270879
-0.00649314
-0.00506239
-0.00190039
0.00390112
0.0149755
0.0203559
-0.00489222
0.00106233
-0.00776488
-0.00739042
-0.265918
-0.167107
-0.0808152
0.0881294
-0.1439
-0.142295
-0.132682
-0.122727
-0.137807
-0.145098
0.175626
-0.0820736
-0.113898
-0.238514
-0.0771338
-0.0706881
-0.0771316
-0.0688249
-0.0735022
-0.0726818
-0.133167
-0.0760005
0.133493
-0.122339
-0.0741501
-0.0833674
-0.0605416
-0.0535763
-0.0748898
-0.0854182
-0.0307444
0.00851942
0.00423903
-0.014552
-0.0612371
-0.0293325
-0.0477297
-0.0233576
-0.0300911
-0.0478888
0.154421
-0.0460796
-0.132215
-0.111771
-0.0615584
-0.0600597
-0.055673
-0.0620099
-0.0687772
-0.0583626
0.0157754
0.0227787
-0.0512543
-0.0459649
-0.0539978
-0.0502337
-0.0330662
-0.0420297
-0.0620202
-0.0564841
-0.123282
-0.109414
-0.0964451
0.114901
-0.0947481
-0.0701965
-0.0694781
-0.0854687
-0.0584369
-0.0768277
-0.0794038
0.100428
-0.047386
-0.054288
-0.049678
-0.0773189
-0.0663533
-0.0891681
-0.0658792
-0.0597823
-0.0418632
-0.079786
0.0500208
-0.0953028
-0.120142
-0.126027
-0.128931
-0.103171
-0.111745
-0.124507
-0.00207591
-0.00387737
0.0273239
-0.000719331
0.000217312
-0.00258545
-0.00933214
-0.001224
0.00630858
-0.00501028
-0.058628
-0.083143
0.1017
-0.0770389
-0.0345439
-0.0494891
-0.0367091
-0.0580707
-0.0741963
-0.066139
-0.00289168
-0.00121541
-0.00186483
0.011288
0.00250012
0.0159232
-0.000924941
-0.00983194
0.0235208
-0.004271
0.0216073
-0.186274
-0.0164287
-0.164045
-0.20167
-0.179625
-0.179696
-0.181707
-0.179295
-0.194532
-0.17643
-0.0968842
0.178918
-0.146754
-0.124273
-0.134406
-0.13183
-0.117649
-0.135491
-0.121976
-0.000919587
0.0174411
-0.00950418
-0.00252889
0.00226297
-0.00932809
-0.0162351
0.00553111
-0.00894192
-0.0248698
-0.0149085
-0.0806804
0.0260406
-0.12332
-0.125093
-0.142933
-0.136531
-0.128424
-0.125094
-0.119943
0.20219
-0.0507206
-0.203678
-0.0818625
-0.0670444
-0.077062
-0.0665501
-0.082259
-0.0820897
-0.0806923
-0.0316209
-0.00887465
0.0137056
-0.0212127
-0.0139632
-0.0413204
-0.0257856
-0.0207728
-0.0278525
-0.0258919
-0.194364
-0.118614
0.188855
-0.157945
-0.113944
-0.106278
-0.104528
-0.118659
-0.12778
-0.115236
-0.0389285
0.0124157
0.0156203
-0.0276257
-0.0111196
-0.0260858
-0.0212562
-0.0148436
-0.0214642
-0.0230627
-0.195711
-0.170377
0.193782
-0.115823
-0.118878
-0.126076
-0.127583
-0.103499
-0.124573
-0.121686
0.0900303
-0.145958
-0.124545
-0.00147851
-0.11781
-0.103487
-0.106898
-0.12714
-0.126058
-0.112445
-0.059303
0.181315
-0.145785
-0.088844
-0.0865864
-0.0901549
-0.0892527
-0.0807859
-0.0902312
-0.0798239
-0.120676
-0.0397192
0.0435448
-0.0702643
-0.0863333
-0.0704795
-0.0678663
-0.0815553
-0.0726604
-0.0885256
0.0418695
-0.165887
-0.137474
0.0413008
-0.179203
-0.13892
-0.161006
-0.176552
-0.173795
-0.158312
-0.0735342
-0.00915089
0.0336486
-0.0552488
-0.0546719
-0.0553699
-0.0596958
-0.0539465
-0.0500304
-0.0433063
-0.103743
0.145827
-0.102777
-0.0750553
-0.0928541
-0.0920005
-0.0967923
-0.0856607
-0.0921847
-0.0934319
-0.102333
-0.101372
-0.185058
0.176425
-0.0596552
-0.0722204
-0.0720803
-0.0749663
-0.0733401
-0.0615222
-0.0724138
0.0273305
-0.010033
-0.0569812
-0.0634571
-0.0566068
-0.0567431
-0.0644819
-0.058513
-0.0580296
-0.161653
-0.0992953
-0.0876006
0.130258
-0.052655
-0.0554916
-0.0728663
-0.0584283
-0.0655729
-0.0741084
-0.00487684
-0.00219122
0.012882
-0.00696892
-0.0151908
0.00833106
-0.0145756
-0.0119185
-0.0169805
-0.0168452
0.126993
-0.0493183
-0.135522
-0.0727953
-0.0510678
-0.0600599
-0.0618867
-0.0688862
-0.0720369
-0.0733945
-0.0728845
0.0754341
-0.0326233
-0.0291749
-0.0260987
-0.0235921
-0.00941487
-0.0219682
-0.0282289
-0.011297
-0.133584
-0.0984208
0.218025
-0.145376
-0.0840031
-0.0773849
-0.0540667
-0.093108
-0.0732683
-0.0980386
0.0173267
-0.00555784
0.00104848
-0.00261048
0.0100617
-0.0253696
0.0217324
-0.015156
0.000635037
-0.00867501
-0.0940184
-0.00603623
0.0434606
-0.068994
-0.0849936
-0.0757219
-0.0741458
-0.0748179
-0.074933
-0.0821045
-0.229151
-0.128428
0.165458
-0.12919
-0.132563
-0.12027
-0.1258
-0.127466
-0.12917
-0.129488
-0.0729753
0.0187397
-0.323901
0.0244426
-0.107537
-0.109578
-0.111898
-0.091507
-0.116526
-0.0999223
-0.247149
-0.143513
-0.0674069
0.0941985
-0.107355
-0.107589
-0.10873
-0.126785
-0.115431
-0.107471
-0.0455445
-0.0354916
0.0416824
-0.00687317
-0.0178087
-0.0229069
-0.00674651
-0.00571619
-0.0323587
-0.000433813
-0.107536
-0.0858703
-0.119315
0.142674
-0.0610121
-0.0603864
-0.0733809
-0.0624816
-0.0728279
-0.0613143
-0.0175354
0.0508149
-0.00558133
-0.0215859
-0.0273221
-0.0127924
-0.0184163
-0.0192111
-0.0141414
-0.0369316
-0.259461
0.00250037
0.151565
-0.173638
-0.131452
-0.120502
-0.130182
-0.141946
-0.140923
-0.131722
-0.195694
-0.169307
-0.154611
0.164399
-0.134221
-0.128809
-0.133122
-0.122521
-0.12278
-0.12425
0.205598
-0.124744
-0.178105
-0.120823
-0.105694
-0.0826592
-0.0948016
-0.0962666
-0.09427
-0.090015
0.0628891
-0.128528
-0.0590634
-0.268777
-0.172155
-0.166333
-0.186299
-0.17894
-0.15741
-0.179171
-0.0104472
-0.0328354
0.0146108
-0.0404407
-0.0358632
-0.0470012
-0.0472462
-0.035702
-0.0459997
-0.0384315
0.00304392
-0.00616112
0.00422984
-0.00160169
0.0119601
-0.00495711
-0.00155806
-0.0231231
-0.0025603
-0.00647902
-0.0721646
-0.140791
-0.199291
0.128562
-0.122059
-0.116132
-0.10509
-0.122311
-0.128144
-0.112691
0.129096
-0.0446553
-0.0692242
-0.106247
-0.0755198
-0.070905
-0.0722559
-0.0667877
-0.050318
-0.0423058
0.0179521
0.0145671
0.0108816
-0.0265097
-0.0103641
-0.0263675
-0.0356405
-0.0143227
-0.0284156
-0.0155129
-0.124279
-0.0721923
0.215978
-0.185906
-0.091801
-0.0946717
-0.0847276
-0.0726636
-0.086409
-0.0906557
0.136095
-0.0105113
-0.0911246
-0.0658854
-0.0205487
-0.0191604
-0.0241141
-0.00924342
-0.0220283
-0.0413679
-0.074095
0.0691584
-0.147882
0.0111142
-0.0724493
-0.0687818
-0.0492905
-0.0706301
-0.0537458
-0.0624212
0.0786424
-0.152021
-0.0231687
-0.185072
-0.11443
-0.100495
-0.109207
-0.103001
-0.114984
-0.113531
-0.127568
-0.2104
-0.161533
0.136236
-0.15718
-0.164688
-0.159253
-0.168839
-0.154968
-0.140871
0.195929
-0.0625552
-0.157374
-0.133626
-0.054634
-0.076554
-0.075046
-0.0730689
-0.0610204
-0.0704973
-0.132899
-0.144585
-0.117689
0.168434
-0.107498
-0.115821
-0.113441
-0.124415
-0.121868
-0.114207
-0.264076
0.0758363
-0.252796
0.150536
-0.115925
-0.123778
-0.141981
-0.132291
-0.134259
-0.120766
-0.138711
-0.0687022
0.14178
-0.119531
-0.119903
-0.104318
-0.116681
-0.108279
-0.105974
-0.113109
0.0901372
-0.0869263
-0.236178
-0.00489097
-0.121786
-0.111537
-0.112512
-0.110467
-0.0988716
-0.101268
-0.0488642
0.0246195
0.00340391
-0.0444855
-0.0526192
-0.0413312
-0.0586483
-0.0468603
-0.0458955
-0.0524358
-0.126027
0.174976
-0.0953327
-0.0269685
-0.0506258
-0.0555417
-0.0543767
-0.0489065
-0.0509737
-0.0377592
-0.0559962
0.148125
-0.152578
0.0177647
-0.0808482
-0.0898509
-0.0584212
-0.0847205
-0.0801476
-0.0825227
-0.00954456
0.0116911
-0.0172703
-0.0170114
0.0164572
-0.016401
-0.00328578
-0.0170415
-0.00461443
0.0063423
-0.0549043
-0.0224102
0.0454044
-0.0283145
-0.0443502
-0.0322716
-0.0154373
-0.0253371
-0.0165564
-0.0233257
-0.228195
-0.149182
-0.148855
0.150603
-0.108758
-0.0962814
-0.108377
-0.11408
-0.110731
-0.0996674
-0.101482
0.087718
0.00939936
-0.0219542
-0.00526939
-0.0135472
-0.0147197
-0.0101318
-0.0107438
-0.00770307
0.163166
-0.219235
-0.0345352
-0.119076
-0.131015
-0.135796
-0.114803
-0.102649
-0.118524
-0.120498
0.152772
-0.10214
-0.135438
-0.135376
-0.100615
-0.101895
-0.0996866
-0.0951032
-0.103341
-0.106196
-0.023552
0.0282763
-0.0220246
0.0140841
-0.0194124
-0.016134
-0.00125406
-0.00262815
-0.0175423
-0.00826145
-0.141563
-0.154965
0.195942
-0.144368
-0.136425
-0.138977
-0.130366
-0.134026
-0.134579
-0.150837
-0.00483456
-0.00902006
0.00136177
-0.00987811
0.01957
0.0202636
0.00732753
0.000879071
-0.000882782
0.0150572
-0.267435
-0.130842
0.225899
-0.170052
-0.12433
-0.135204
-0.112731
-0.123771
-0.117569
-0.143227
0.00527549
-0.00702652
-0.0119324
6.95922e-05
0.016488
-0.00384289
-0.00479133
-0.0140421
0.00541734
-0.00310064
-0.160235
-0.0983325
0.141906
-0.0987657
-0.111986
-0.124791
-0.120353
-0.1144
-0.105235
-0.10625
-0.0093716
0.0117714
-0.0122216
-0.00383023
0.00284749
0.00290157
0.000550357
-0.00235275
0.00587696
-0.021599
-0.0520299
-0.165017
-0.140285
0.101262
-0.120279
-0.144358
-0.143254
-0.120744
-0.125045
-0.123814
0.0113052
0.00145243
0.0025899
0.0019406
0.0128826
-0.0117501
0.0201195
-0.00386352
-0.00946675
-0.00275178
-0.127098
0.205038
-0.122764
-0.0655292
-0.0703053
-0.0667393
-0.0669645
-0.0521001
-0.070601
-0.0698013
-0.0453202
-0.178867
0.159292
-0.0972323
-0.0975796
-0.0958577
-0.0735574
-0.0769855
-0.0787778
-0.0778568
-0.00580293
-0.0122006
-0.00382756
-0.00609245
-0.000749636
0.0126074
0.0118328
-0.0146391
-0.0241254
-0.0141032
-0.013272
0.0351014
0.00212282
-0.0244995
-0.000166533
-0.0199255
0.0031762
-0.000650217
-0.00103449
-0.0206121
-0.248821
-0.127898
-0.0942252
0.10598
-0.120061
-0.125681
-0.127546
-0.127986
-0.144934
-0.133046
-0.0167645
-0.0136044
-0.0334285
0.0452992
-0.0114547
-0.00448682
-0.00464454
0.00418526
-0.00907683
-0.00407871
-0.207698
-0.0924576
0.199863
-0.186181
-0.0910425
-0.111229
-0.102147
-0.111187
-0.101166
-0.108157
0.175042
-0.0729088
-0.141833
-0.164824
-0.0916905
-0.0907631
-0.0962602
-0.0940794
-0.102989
-0.107031
-0.225367
-0.192727
-0.00119571
0.0436524
-0.162037
-0.149986
-0.17291
-0.170743
-0.170393
-0.163501
-0.0286818
0.068979
-0.0238197
-0.0224468
-0.0257598
-0.0199566
-0.0330065
-0.0204645
-0.0206263
-0.0294852
0.00408613
0.015761
-0.00123556
-0.021867
-0.0111567
-0.00507664
-0.0352484
-0.0254454
-0.00737527
-0.0270561
-0.0135315
-0.008088
0.0133043
-0.0102436
-0.00919385
-0.0141589
0.00264719
-0.0135689
-0.00885925
-0.010644
0.0681508
-0.0113784
-0.0371429
-0.0582583
-0.0320992
-0.0374575
-0.0353775
-0.0330876
-0.0195672
-0.0338093
-0.0594552
-7.79589e-05
0.0304669
-0.0473376
-0.0357147
-0.029746
-0.0372145
-0.043504
-0.0268977
-0.0263204
0.149567
-0.0435011
-0.148503
-0.110476
-0.0544478
-0.0484188
-0.0538581
-0.051065
-0.0394176
-0.0481917
0.212807
-0.097661
-0.166202
-0.150135
-0.0640707
-0.0563954
-0.0728413
-0.0612215
-0.073986
-0.0768536
-0.209637
-0.135832
-0.177681
0.213515
-0.091189
-0.107441
-0.0920343
-0.0985557
-0.114686
-0.0993619
-0.0608064
0.105725
-0.0120653
-0.00590223
-0.0279715
-0.0135544
-0.0301235
-0.0301085
-0.0183546
-0.0170448
-0.0803653
0.186755
-0.119758
-0.0791204
-0.0795459
-0.0490591
-0.0595242
-0.0796869
-0.0555033
-0.0537205
0.00801568
-0.00394271
-0.0178943
0.0133168
-0.00505516
0.00682357
-0.00494121
0.00217854
-0.0137615
0.0097045
-0.170221
-0.229414
-0.00940135
0.0359537
-0.219249
-0.23322
-0.221631
-0.223458
-0.219002
-0.223662
-0.147806
-0.188185
0.244732
-0.179678
-0.101401
-0.0890775
-0.0881684
-0.11565
-0.104853
-0.0961447
-0.0132387
0.1205
-0.0795073
-0.0531737
-0.0266738
-0.0270165
-0.052098
-0.0479857
-0.0405745
-0.0471055
0.072443
0.0925465
-0.252009
-0.0985781
-0.0525036
-0.0748226
-0.0847323
-0.0844402
-0.0708436
-0.0754858
0.00574044
0.0225812
-0.00925036
-0.0108222
-0.0154053
-0.0417191
-0.0246907
-0.021796
-0.0251322
-0.020464
0.128941
-0.0261629
-0.0881572
-0.0902728
-0.0478472
-0.0500627
-0.0380514
-0.0550507
-0.0406933
-0.039694
-0.0206975
0.026922
-0.00246429
-0.00126598
-0.00889777
0.00810583
0.000797296
-0.00134924
0.00593131
-0.00970552
-0.0665786
-0.134115
-0.162022
0.127796
-0.105111
-0.0978373
-0.0881075
-0.103333
-0.109499
-0.0987953
-0.109621
0.162391
-0.0991508
-0.0399091
-0.039526
-0.0545244
-0.0584534
-0.0386949
-0.0395081
-0.0158361
-0.0269067
0.0327438
-0.0206856
-0.0215026
-0.0261379
-0.0328702
-0.0304424
-0.0180133
-0.018258
-0.0323413
-0.204265
-0.107666
0.23367
-0.17794
-0.11377
-0.127902
-0.118667
-0.0828896
-0.0956898
-0.109413
-0.0787542
-0.035796
0.0760496
-0.0820829
-0.0845765
-0.0772566
-0.0986734
-0.0764927
-0.0898024
-0.0928775
0.0169338
-0.01975
0.0170453
0.0079781
-0.0129443
0.00190658
0.0056685
0.0137289
0.00043433
-0.00917218
-0.103967
-0.139063
-0.149474
0.170025
-0.131284
-0.1251
-0.1222
-0.114989
-0.120158
-0.116633
0.207467
-0.0596064
-0.206437
-0.101707
-0.0575082
-0.0692017
-0.0623046
-0.0688211
-0.0565677
-0.0635385
-0.268836
-0.136624
0.304717
-0.159499
-0.0995589
-0.0916714
-0.0941327
-0.077465
-0.0921246
-0.11199
0.00894037
-0.0018505
0.00245167
-0.00685151
0.00951731
0.00697517
0.00765607
0.00651036
0.00361165
-0.00309322
-0.00432562
0.0187224
0.00588464
-0.0048353
-0.0126686
-0.00259045
-0.0156136
0.00944282
-0.00204994
-0.00550359
0.0566808
-0.159189
-0.0652796
0.0176996
-0.158942
-0.164365
-0.1661
-0.177912
-0.146899
-0.163915
-0.127524
-0.105452
0.140809
-0.0609789
-0.0650219
-0.103652
-0.0886883
-0.085564
-0.0587337
-0.0835782
-0.0497136
0.139991
-0.0648642
-0.0433187
-0.0360107
-0.0319657
-0.0341485
-0.0126604
-0.0390888
-0.0385267
0.104008
-0.105201
-0.0252504
-0.0894841
-0.0383618
-0.0343142
-0.0582677
-0.0572096
-0.0546925
-0.0523265
-0.255232
-0.139823
0.244735
-0.183781
-0.112402
-0.124207
-0.121877
-0.117844
-0.106755
-0.120678
-0.0740157
-0.0274485
0.0570187
-0.0571506
-0.0483939
-0.0576731
-0.0518715
-0.0529993
-0.0282189
-0.0555189
-0.130505
0.180505
-0.100883
-0.058617
-0.0832318
-0.0800113
-0.0744979
-0.0713033
-0.0771561
-0.0940917
-0.00914888
-0.0641627
0.0108195
-0.0812202
-0.0548821
-0.0532153
-0.0342706
-0.0472041
-0.0786474
-0.0601383
-0.149226
-0.161206
0.245512
-0.231294
-0.137241
-0.113568
-0.131973
-0.11977
-0.123718
-0.122465
-0.274911
-0.141631
0.195462
-0.15772
-0.188409
-0.186428
-0.182233
-0.177049
-0.207065
-0.194753
-0.0450319
0.064529
-0.00457244
-0.0118735
-0.0169847
-0.0294739
-0.0298016
-0.0195674
-0.0282006
0.000271469
-0.194579
0.0343807
0.093308
-0.117966
-0.137465
-0.138338
-0.134671
-0.124461
-0.129657
-0.12166
-0.0183902
-0.0213692
0.0442489
-0.0109247
-0.0184415
0.00249976
-0.0149937
-0.0196225
0.00158469
-0.0268598
-0.0508472
-0.0159732
0.0506544
-0.0931077
-0.0808982
-0.0720887
-0.0720457
-0.0700973
-0.0992924
-0.0735322
-0.283151
-0.140534
-0.0398212
0.0769377
-0.126681
-0.130791
-0.136356
-0.129789
-0.135124
-0.111719
-0.0259929
-0.00836333
0.0554032
-0.0821434
-0.00274372
-0.0198767
-0.0126129
-0.0217652
-0.00190121
0.00471059
-0.0414571
0.0600252
-0.0222275
-0.0257934
-0.0177967
-0.0298603
-0.0247647
-0.0345893
-0.0249925
-0.0292374
0.050134
-0.0404623
-0.0414105
-0.0408132
-0.009403
-0.0252851
-0.0206954
-0.0208531
-0.0268475
-0.0316274
-0.0204817
0.041609
0.00258025
-0.0263023
-0.010606
-0.019275
-0.0231907
-0.0355941
-0.019413
-0.0147919
-0.203411
-0.0939377
0.201676
-0.179301
-0.131742
-0.125631
-0.135981
-0.110572
-0.126181
-0.132797
0.232576
-0.0851613
-0.186607
-0.158717
-0.0945545
-0.0664901
-0.0954323
-0.10238
-0.0827454
-0.0847361
-0.0203323
-0.108294
-0.0502311
0.0497989
-0.078533
-0.0892528
-0.08406
-0.0834282
-0.0825079
-0.0623688
-0.182379
-0.112133
0.239243
-0.213719
-0.110884
-0.11149
-0.105554
-0.118076
-0.122967
-0.116761
-0.018537
-0.02097
0.0540015
-0.0471993
-0.0533198
-0.0227293
-0.0615511
-0.0478611
-0.0617056
-0.0447637
-0.00663136
0.00339337
0.0018613
-0.00361046
0.00880603
-0.00550915
0.0182842
-0.00919873
-0.00376459
0.0057258
0.000807177
0.0190261
0.0242998
-0.0183872
-0.0104055
-0.0360058
-0.0195756
-0.032924
-0.0240715
-0.00895486
-0.125834
-0.0992564
0.189854
-0.150825
-0.0804681
-0.0887984
-0.0834101
-0.0915966
-0.096324
-0.0914774
0.000722458
0.0249902
-0.00439627
-0.00621911
0.00894189
-0.0106047
0.00627675
-0.0135788
-0.0126773
-0.00999503
-0.0182376
0.0544869
-0.0207616
-0.0252323
-0.0161131
-0.0233734
-0.0229839
-0.0146131
-0.017491
-0.0237037
0.219792
-0.0638452
-0.158158
-0.126385
-0.0722045
-0.0793386
-0.0681746
-0.0757177
-0.0844348
-0.0887991
0.00578326
0.00358968
-0.0159665
0.00319755
0.00786481
-0.00799271
-0.0171668
-0.0137443
-0.00012964
0.00485436
-0.0799892
-0.0259572
0.0479371
-0.0609855
-0.0486155
-0.0520118
-0.0391621
-0.0490444
-0.0577248
-0.0599567
-0.170669
-0.0976933
0.152475
-0.0992621
-0.0970125
-0.115601
-0.105992
-0.0964499
-0.0881163
-0.0960024
-0.0305155
0.00820798
0.0177745
-0.00301571
0.0133129
-0.0273552
-0.000126407
-0.00877327
0.00623479
-0.0159508
-0.00149167
-0.0306977
-0.000431779
-0.0070494
-0.00385215
-0.00800398
0.00144358
-0.0215931
0.00478755
-0.00124475
-0.0412836
-0.0208481
0.0263193
-0.00741853
-0.013293
-0.0097664
-0.00578296
-0.0159793
-0.0163043
-0.03341
-0.167432
-0.185578
-0.11394
0.0555618
-0.227914
-0.211262
-0.220181
-0.206778
-0.214632
-0.209296
-0.0499905
0.0872939
0.00621536
-0.0127369
-0.0251404
-0.017611
-0.0109214
-0.0268199
-0.0375205
-0.0195977
0.166134
-0.0208921
-0.158668
-0.0785495
-0.038615
-0.041662
-0.0392446
-0.0524447
-0.0463363
-0.0455003
0.00968755
0.0136168
-0.00746771
-0.0054469
0.00436296
0.0100038
-0.0214782
0.00580648
-0.00755805
0.00628729
-0.121705
-0.0587964
0.0847242
-0.109838
-0.11384
-0.0914775
-0.104105
-0.10941
-0.0993545
-0.113367
-0.126559
0.176693
-0.0864627
-0.0568494
-0.0598031
-0.0525577
-0.0485526
-0.0535937
-0.0487564
-0.0725135
-0.0594823
0.00222207
0.0402108
-0.0444496
-0.0454706
-0.0536923
-0.0316784
-0.028218
-0.0339394
-0.0403836
-0.238686
-0.136493
0.235922
-0.135808
-0.139258
-0.13297
-0.138247
-0.144369
-0.117099
-0.136932
0.0119294
0.00497426
-0.00599926
-0.0251226
-0.0101945
-0.0115577
-0.0105095
-0.0219124
-0.00128621
0.00274977
0.00627748
0.0113361
-0.00740323
-0.0122874
-0.0202176
-0.00783349
-0.00859986
-0.00206244
-0.00945225
-0.0267855
0.0251715
-0.291621
0.0758568
-0.204414
-0.161935
-0.157894
-0.180519
-0.16956
-0.173416
-0.153827
-0.0906945
-0.0647782
0.0921459
-0.0652608
-0.0792501
-0.085919
-0.0636378
-0.0574796
-0.0489559
-0.0551254
0.00650854
-0.0015988
0.00830701
-9.07994e-05
0.00172049
0.0155538
-0.00506871
0.0071132
-0.0168985
-0.0072676
0.0919748
0.0156815
-0.0930335
-0.0663841
-0.031752
-0.02459
-0.0409198
-0.0174582
-0.00514017
-0.00876367
0.0354214
-0.221481
-0.0902495
-0.0506285
-0.19295
-0.192054
-0.183831
-0.171948
-0.190168
-0.181021
0.0136717
0.0764446
-0.230232
-0.01236
-0.0797575
-0.0744553
-0.0958483
-0.0709248
-0.0725843
-0.0669268
-0.155452
-0.0317219
0.128661
-0.0971237
-0.0641268
-0.0731033
-0.0691197
-0.0688589
-0.0588781
-0.0567278
-0.200636
-0.166195
-0.0789333
0.104537
-0.123292
-0.123021
-0.117137
-0.115738
-0.12631
-0.129247
0.129886
-0.0476778
-0.0885465
-0.105473
-0.0458467
-0.0536188
-0.0363732
-0.0413269
-0.0471048
-0.0531394
-0.0781183
-0.0480186
0.09861
-0.116512
-0.0753096
-0.0782072
-0.0689946
-0.0773549
-0.0703807
-0.0692601
-0.024727
0.0243061
0.00397003
-0.00353148
0.000413507
-0.0062461
0.00184559
-0.0126996
-0.0144255
-0.0148312
-0.127081
-0.0928692
0.155201
-0.142586
-0.0616662
-0.0822552
-0.0504678
-0.0663562
-0.0882151
-0.0560788
-0.063004
-0.0476606
0.0950609
-0.0423101
-0.0444099
-0.0449887
-0.0394404
-0.026924
-0.0316654
-0.0204194
-0.0460252
0.0552249
-0.0140885
-0.0204367
-0.0343728
-0.0281665
-0.0330268
-0.0273922
-0.0167139
-0.00592497
0.0042575
-0.010711
0.00954092
0.00444282
-0.0111842
0.00726829
-0.00205254
-0.00115308
0.0177461
-0.0103215
-0.0195977
-0.0152263
0.00595922
-0.0204032
-0.00522058
0.0155839
0.00430605
0.00823504
-0.0129469
-0.00187756
-0.00914059
0.00236993
-0.00875138
0.0139372
-0.00427251
-0.0179892
-0.00913638
-0.00513706
-0.00163966
0.0138985
-0.111067
0.194334
-0.0694393
-0.013716
-0.0219958
-0.0394059
-0.0204379
-0.0305392
-0.0257576
-0.0277808
-0.0725693
-0.0183993
0.0561972
-0.0427648
-0.0679264
-0.0758822
-0.0825516
-0.0654164
-0.0731515
-0.0556516
-0.266651
-0.0133058
-0.0781097
-0.0212421
-0.166246
-0.173352
-0.189168
-0.162438
-0.177132
-0.176207
-0.10879
-0.131925
-0.14242
0.174291
-0.115901
-0.110916
-0.122039
-0.115437
-0.123819
-0.0961594