0.131322
0.102787
-0.00184717
0.0917948
0.0493826
0.132313
-0.0878764
-0.0503825
0.0992798
0.183874
-0.0277262
-0.225068
0.150823
0.0136628
-0.105291
0.123588
0.0764546
-0.0343055
-0.149976
-0.139552
0.0369219
-0.0790714
0.0457139
0.152158
0.080119
0.0730505
0.134025
0.0691274
0.00916822
-0.083281
0.0166155
0.0753604
0.0468378
-0.132861
-0.00917715
0.0312234
0.105644
0.121957
0.0201679
0.176201
0.191706
0.1682
0.107876
0.11406
0.15943
0.0546948
0.0603637
0.0656792
0.00586776
0.0517211
0.0752279
-0.0850344
-0.0765623
0.056164
-0.117439
0.0590992
0.0630343
-0.0529485
-0.0387667
0.0395611
-0.00805195
0.051345
0.0842179
-0.175041
-0.084817
0.024147
0.0304937
0.0431586
0.0424586
0.117854
0.0350266
-0.0468675
-0.0489585
-0.119756
-0.071913
0.0101508
-0.0584637
-0.0468347
0.114584
0.145
0.0864316
0.0925192
-0.00952107
-0.103892
0.107325
0.127029
0.0325599
0.0759697
0.0484031
0.0947924
-0.0594508
-0.0565137
0.0574647
-0.169666
-0.0783079
0.208962
-0.0980196
0.0569989
0.179001
0.0983773
0.0897687
0.0267609
0.0597017
0.10668
0.0727292
0.033058
0.137744
0.213248
-0.191439
-0.131163
0.0324222
-0.125949
-0.0130386
0.11193
-0.0155307
0.108957
0.16134
0.159905
0.0406074
-0.0659107
0.100937
0.0935471
0.0739846
0.175681
0.119886
0.0743948
-0.171856
-0.0569974
0.0961178
-0.0585581
0.0230236
0.0407438
-0.0800337
-0.111431
0.00247769
-0.0501034
-0.00811016
-0.0247127
-0.0891818
-0.0267813
0.0110261
-0.0915342
-0.0402369
-0.0206627
-0.00392894
-0.00672042
-0.0194609
-0.00918911
0.00898691
-0.0115264
-0.0102478
-0.00934129
-0.00623292
0.134151
0.0154552
0.040525
0.151669
0.128504
0.167709
0.192062
0.0963048
0.0863551
0.0636348
-0.0351978
-0.0351356
0.0498731
0.0570311
0.0467353
-0.0543497
-0.0223707
0.0451927
0.098744
0.0750906
-0.0757193
0.0632385
0.0603267
0.13641
-0.0350999
0.00544771
0.1165
-0.0822269
-0.197188
-0.0965273
0.0617999
-0.00885066
0.0184622
0.1282
0.127086
0.0566577
0.130632
0.0666289
-0.167636
0.045353
0.0653385
-0.00910233
0.00293025
0.0425357
0.0632793
0.130085
0.0827764
-0.0025002
0.224346
0.148247
0.062583
0.0798653
0.0776661
0.0955687
0.0427192
0.123858
0.178631
0.0218747
0.0170167
-0.0216856
-0.0825249
-0.180473
-0.14448
0.0264495
-0.0477604
-0.0191275
0.124032
0.0832237
0.0602542
-0.0334193
-0.0112725
0.0616705
0.0898226
-0.0300916
-0.124357
0.0185639
0.118552
0.192153
0.0563567
0.0818661
0.179257
0.129558
0.0319947
-0.0644851
-0.0302551
0.0544855
-0.0123321
-0.0139317
0.0557057
0.112807
0.0364153
-0.000885292
0.0383712
0.115597
0.0679969
0.233176
0.13546
0.133952
0.295767
0.00552486
0.0820965
0.00433687
0.0636218
0.0942504
0.230038
-0.0261975
0.0564385
0.168334
-0.0814478
-0.219823
-0.126865
0.0241593
0.0191461
0.0126623
0.150285
0.134198
0.0724006
-0.0791007
-0.155847
0.0875595
-0.088132
-0.030701
0.132051
-0.0389199
0.0425695
0.0981825
0.0845084
0.0172359
-0.0631922
0.0416683
0.0467396
0.0367103
-0.0467598
-0.00899253
0.045639