-0.00154724
0.00424901
0.00930231
-0.0257602
0.00855963
0.00218956
-0.00795675
0.0103171
0.0055911
0.00976324
-0.0646911
0.183248
-0.0576049
-0.0281663
-0.0364673
-0.0482541
-0.0364318
-0.0414267
-0.0257141
-0.0443411
-0.128613
-0.00800637
0.0111219
-0.192215
-0.18315
-0.185338
-0.179742
-0.188064
-0.190287
-0.173947
0.0361228
-0.00495031
-0.01026
-0.0124078
-0.0198197
-0.0176157
0.00313062
-0.0181865
-0.0148053
0.00536479
-0.1111
-0.0235657
0.0700783
-0.0903063
-0.0910563
-0.0867118
-0.0625361
-0.0710824
-0.0688324
-0.0724843
-0.0185388
0.0118479
0.00957715
-0.0498735
-0.00663561
-0.00652254
-0.011282
-0.0143655
-0.0150511
-0.0204228
-0.0192387
0.000903598
0.0100581
-0.0159206
-0.0256518
-0.0175324
-0.0214763
-0.0209574
-0.0195145
-0.00617256
0.0634057
-0.00810851
-0.00585038
-0.0124808
-0.0131677
-0.0244299
-0.0268621
-0.0349955
-0.020749
-0.0269753
0.0355013
-0.00362361
-0.00472564
-0.0289441
-0.0203557
-0.025668
-0.015996
-0.0255911
-0.0181691
-0.0288502
-0.0729807
0.176172
-0.121828
-0.0386975
-0.0458885
-0.022885
-0.0320292
-0.0325352
-0.0401649
-0.0337501
0.00938096
0.0337968
-0.00102856
-0.0207113
-0.0170821
-0.0286024
-0.0294406
-0.0136728
0.000609338
-0.0433882
0.0506599
-0.0414176
0.00469564
-0.0113051
-0.0171271
-0.00891223
-0.00819081
-0.0180602
-0.0059358
-0.0149901
-0.0423797
-0.201032
0.163703
-0.116872
-0.0980054
-0.0895386
-0.0961486
-0.110002
-0.117115
-0.0939916
0.045372
0.00048877
-0.0033753
-0.0266645
-0.0333613
-0.021226
-0.041654
-0.0189336
-0.0243485
-0.0328171
0.00274919
0.00307408
-0.00621183
0.00769295
-0.00296272
0.00982093
0.0261571
-0.0103311
-0.00782305
-0.00640241
-0.0157604
0.0163088
-0.0399309
-0.0352777
-0.0117317
-0.0176717
-0.000861035
-0.0322949
-0.0167685
0.0030775
-0.13315
0.172656
-0.0725828
-0.107523
-0.119306
-0.111934
-0.123986
-0.116617
-0.108737
-0.104751
0.0142311
0.032511
-0.024176
-0.0254042
-0.014948
-0.00698268
-0.0145408
-0.0230938
-0.00462207
-0.0203929
-0.0465769
0.162987
-0.0998396
-0.0320301
-0.00595262
-0.0306016
-0.0283891
-0.0186607
-0.0318284
-0.0188435
-0.10974
-0.0174037
0.0620298
-0.0737463
-0.0856513
-0.0823621
-0.0832316
-0.0754625
-0.0612498
-0.0685076
0.0497921
0.0158807
-0.0232854
-0.0571948
-0.0355395
-0.040162
-0.0328427
-0.0408151
-0.0575596
-0.032375
0.0295029
0.0267485
0.00283488
-0.0256384
-0.00896543
-0.0104775
-0.0190434
-0.0333256
-0.020328
-0.0366723
-0.00626266
-0.00591455
0.000644949
0.00899981
-0.011624
-0.00245875
0.00315021
-0.00341765
0.00314891
-0.00387452
0.0160725
0.0195849
0.0103581
-0.0265326
-0.0245846
-0.0228269
-0.0236375
-0.00380587
-0.00330522
0.002501
-0.0210101
0.0238324
-0.0130878
-0.00970245
-0.00377104
0.0252643
-0.000391709
-0.0108242
-0.00505673
0.00246461
0.00328541
-0.000253267
-0.013109
-0.00150117
-0.0200657
-0.0110938
0.000557868
-0.00812375
-0.00833263
0.00298045
-0.000484594
-0.00296627
0.00358214
0.00887872
0.00501553
-0.0144461
0.0055885
-0.0110873
-0.00416968
-0.00582444
0.00752598
-3.85911e-05
-0.0131328
-0.000635787
-0.0167091
-0.0151354
-0.00400965
0.00510678
0.00136249
-0.0244209
-0.12343
0.207245
-0.100424
-0.0848759
-0.0741886
-0.0849626
-0.0693974
-0.0625591
-0.0969277
-0.0607875
-0.074981
0.170269
-0.0917673
-0.0469126
-0.0291703
-0.0367528
-0.0518761
-0.038231
-0.0518681
-0.0238654
0.0300347
-0.0147752
-0.0134892
-0.00129107
-0.0356054
-0.0228693
-0.0128072
-0.00550448
-0.015444
-0.0250794
-0.0441537
-0.0084626
0.0290032
-0.0379551
-0.032081
-0.0187452
-0.0348911
-0.0174251
-0.0414695
-0.0447628
-0.121685
0.0701166
-0.00692364
-0.0563873
-0.0473687
-0.0515618
-0.0426305
-0.0618658
-0.0570249
-0.0863145
-0.0444398
-0.00313657
0.0181531
-0.00823113
-0.027681
-0.0431862
-0.0321122
-0.0397742
-0.0114342
-0.0263955
0.0526228
0.00848497
-0.026687
-0.0370437
-0.0170399
-0.021327
-0.0355954
-0.0464502
-0.0508146
-0.0454156
-0.0793264
-0.0647634
0.11948
-0.0656225
-0.0616878
-0.0590257
-0.0656721
-0.0606488
-0.0416813
-0.0385788
0.0349712
-0.0186783
-0.00152941
-0.0460911
-0.042735
-0.0457993
-0.0467384
-0.0358584
-0.0243311
-0.0290423
-0.0583441
-0.0474502
0.0578299
-0.0367133
-0.0413509
-0.0328067
-0.0316276
-0.0334535
-0.0416996
-0.0312637
-0.0953823
0.0442804
0.0299818
-0.0965106
-0.100155
-0.124312
-0.0948453
-0.107474
-0.0993968
-0.120867
-0.191439
0.0604011
0.0537089
-0.153918
-0.156593
-0.167957
-0.147406
-0.159899
-0.174594
-0.152469
-0.113806
0.139336
-0.0561462
-0.0508549
-0.0386716
-0.0563923
-0.0570884
-0.0671374
-0.0686772
-0.0462395
-0.139814
0.184624
-0.0706896
-0.0990749
-0.103055
-0.10795
-0.10165
-0.113252
-0.112139
-0.113414
-0.210446
0.0811857
-0.00288063
-0.159419
-0.156385
-0.153258
-0.138223
-0.162676
-0.139795
-0.148286
-0.0154675
0.0126068
0.0140954
-0.0230432
-0.0203889
-0.00989505
-0.00671067
-0.0113142
-0.010997
-0.0236875
-0.0825533
-0.0341798
0.0817691
-0.041063
-0.057409
-0.0565745
-0.0382479
-0.0413745
-0.0483658
-0.0504182
0.0423499
-0.00344893
-0.0128017
-0.0243688
-0.0274
-0.020568
-0.00848182
-0.003024
-0.0245852
-0.0341391
-0.0478176
-0.0340618
0.0949189
-0.0588018
-0.0519213
-0.0627172
-0.0773874
-0.0876345
-0.064742
-0.0582602
-0.0580671
0.170188
-0.0902954
-0.0430564
-0.0566202
-0.0583977
-0.0338074
-0.0560532
-0.0361797
-0.0500157
-0.00162274
0.0599108
-0.0664836
-0.0327338
-0.0304978
-0.0383752
-0.0353053
-0.0337992
-0.0149248
-0.0322834
-0.127731
-0.12535
0.162564
-0.0966827
-0.0781821
-0.0775824
-0.0975872
-0.0890538
-0.0901506
-0.0787584
-0.00327035
-0.00268032
-0.00990462
-0.00612993
0.0176826
-0.00223049
-0.00479412
-0.0133273
-0.000549124
0.0122796
-0.0722298
-0.0805606
0.0418896
-0.150147
-0.166763
-0.159069
-0.150898
-0.155519
-0.15265
-0.14386
0.0180324
-0.00187482
0.00564265
-0.0298707
-0.0178669
-0.0244365
-0.023527
-0.0308873
-0.037793
0.00143114
-0.0174301
0.00480808
-0.0127009
0.00492022
-0.00868633
0.00386505
0.0101241
-0.0136054
0.00373411
-0.00484164
-0.00442693
0.0115585
0.00375125
0.0136137
-0.00157083
0.00520781
0.0154597
-0.00673542
2.90372e-05
-0.00165075
0.0958185
-0.0495502
-0.0115608
-0.04082
-0.0474937
-0.0310797
-0.045993
-0.0360755
-0.0288363
-0.0367813
-0.095121
-0.0436081
0.100927
-0.0690605
-0.0802829
-0.0522593
-0.0522166
-0.0672836
-0.0635404
-0.0512041
-0.00485854
-0.0023432
-0.00928321
0.0242805
-0.000137597
0.00612111
0.0121134
-0.00540636
0.00603243
-0.0100202
-0.00134005
0.0323155
-0.0180622
-0.0143787
-0.0123439
-0.0205098
-0.0219277
-0.00330036
-0.035666
-0.0342714
-0.027662
0.00540461
-0.00300879
0.00881668
0.00994213
-0.00646676
0.000214414
-0.022073
-0.000841994
-0.00810222
-0.0752424
0.203088
-0.0954584
-0.041613
-0.0225923
-0.0487985
-0.0196865
-0.0225506
-0.0212404
-0.0201847
0.00538372
0.0327341
-0.0228484
-0.0596001
-0.0594913
-0.0446183
-0.0564653
-0.0699866
-0.0596874
-0.0488817
0.0460818
-0.029247
-0.0107542
-0.019483
-0.0259284
-0.011716
-0.0185707
-0.0348714
-0.0140722
-0.0305861
-0.00678835
-0.058882
0.0737501
-0.0697206
-0.0650054
-0.0789117
-0.0616878
-0.0854945
-0.077182
-0.0691911
0.0219351
0.00566938
-0.0104673
-0.0221342
-0.0406534
-0.0343395
-0.0270056
-0.0332039
-0.0202687
-0.024991
0.0583654
-0.0104393
-0.0289354
-0.0294746
-0.0328028
-0.0507491
-0.0452116
-0.0625403
-0.0335598
-0.0299842
-0.0325291
-0.0151403
0.0325008
-0.0515671
-0.0667518
-0.0600339
-0.0752604
-0.070756
-0.0710164
-0.0751148
-0.000285423
0.0114892
-0.0121625
0.000292769
-0.00189781
-0.00270572
0.00582755
-0.0195533
0.00594485
-0.0138217
0.00433655
-0.00719773
-0.00802792
-0.000675673
0.00161533
-0.0257052
-0.0195525
-0.0058296
-0.0140718
-0.00514819
-0.0902334
-0.0331995
0.0491714
-0.0349209
-0.0475158
-0.0538443
-0.0227939
-0.0447227
-0.0625541
-0.0300101
-0.0108456
-0.106929
0.0903063
-0.0982465
-0.0841132
-0.0775275
-0.0947659
-0.0823327
-0.0826802
-0.0803094
-0.0906445
-0.0040918
0.0167001
-0.0515983
-0.0617644
-0.0472204
-0.0507011
-0.070414
-0.0672899
-0.0561463
0.009868
0.0292871
-0.00402295
-0.0112504
-0.0142628
-0.0185423
-0.0084084
-0.00501881
-0.000279914
-0.00927474
-0.159602
-0.106887
0.157027
-0.0988704
-0.103257
-0.123834
-0.103152
-0.114866
-0.10894
-0.107018
-0.0208672
-0.0109367
0.00289193
-0.027317
-0.0284259
-0.00698584
-0.011006
-0.0216493
0.0107426
-0.00854319
-0.0118768
0.0289677
0.00592326
0.00784333
-0.000713001
0.00846068
-0.0195363
-0.00429363
0.002624
0.00122607
-0.0182405
0.0370325
-0.0233447
-0.0246968
-0.0316296
-0.0280865
-0.0362358
-0.0365991
-0.0364089
-0.015331
-0.0390617
0.121079
-0.0758151
-0.0499935
-0.0495045
-0.0568938
-0.0450054
-0.0607381
-0.048223
-0.0340816
0.00555564
0.0432069
-0.0198956
-0.0103226
-0.022028
-0.0355503
-0.0356229
-0.0335463
-0.0338625
-0.0398041
-0.00568655
-0.0162163
0.0081415
-0.00666671
-0.00928969
0.0101702
-0.000753873
0.0186405
-0.00484804
-0.00139862
-0.00686916
0.00341257
-0.00296041
-0.00273001
0.0088037
0.00372283
-0.013352
0.00735148
0.020977
0.010551
0.00366657
0.0416634
-0.0221794
-0.0328242
-0.0202418
-0.0258498
-0.0253036
-0.0138442
-0.0112417
-0.0319489
-0.0157606
-0.00271744
-0.00747422
-0.00755644
-0.00163746
-0.0032978
-0.00356355
0.00123891
-0.00403622
0.00914894
0.00599554
0.00248688
0.00177634
-0.0198337
-0.0115517
0.0105662
-0.0189104
-0.00375451
0.0108276
0.00631736
0.056309
-0.0386804
-0.0338651
-0.0160394
-0.00603311
-0.0236844
-0.00512124
-0.0218394
-0.0208318
-0.0342139
0.0525298
-0.044424
-0.0310248
-0.0549603
-0.056775
-0.0481755
-0.0522716
-0.0360469
-0.0365648
-0.0520869
0.0673933
-0.0328667
-0.0301806
-0.0391921
-0.0315481
-0.0344087
-0.0186178
-0.0264054
-0.0100591
-0.025646
-0.159777
0.0102229
0.0549515
-0.100314
-0.111492
-0.103129
-0.095636
-0.110864
-0.101343
-0.101491
0.0422711
-0.0343471
-0.000669699
-0.0249369
-0.0268042
-0.0173999
-0.0214572
-0.020618
-0.0105341
-0.0320662
0.00460503
-0.00507251
-0.0155053
-0.0548131
-0.0529826
-0.0466785
-0.0596817
-0.0493156
-0.0562389
-0.0624691
-0.0421459
0.0658212
0.00137461
-0.0513611
-0.0340348
-0.0322087
-0.0500012
-0.0461671
-0.0318939
-0.0417094
-0.0373316
0.0770007
0.00856993
-0.00774449
-0.0292036
-0.0355625
-0.0106137
-0.0179869
-0.0370011
-0.0254106
0.0182873
-0.126295
0.0617821
-0.0593221
-0.0550259
-0.060852
-0.0508766
-0.0464911
-0.0647754
-0.0550957
-0.0634176
0.0126733
0.0274717
-0.0328267
-0.0546529
-0.0564886
-0.0528616
-0.0326357
-0.0520099
-0.0293058
-0.0409094
0.0741481
-0.0257104
-0.00846166
-0.0114203
-0.0127402
-0.0370925
-0.0138955
-0.0131967
-0.0308041
0.0130575
0.0165388
0.0150736
-0.000691565
-0.0128043
-0.00193018
0.0155417
-0.0192431
9.92273e-05
0.0117521
0.045837
0.0185646
-0.0326255
-0.0486915
-0.0404827
-0.0548283
-0.0549555
-0.0514994
-0.0360369
-0.070805
-0.0791283
0.122108
-0.047419
-0.0479573
-0.0447258
-0.0329387
-0.0388567
-0.0462615
-0.0292801
-0.036497
-0.1007
0.178586
-0.0903489
-0.108132
-0.101598
-0.105735
-0.108338
-0.100674
-0.107705
-0.0958431
-0.0390597
-0.0163362
0.0225087
-0.032467
-0.0385691
-0.0399557
-0.0370232
-0.0452018
-0.0279189
-0.0174698
0.0275909
-0.0396092
-0.00893518
-0.012946
-0.0304163
-0.0174
-0.0417342
-0.0353798
-0.0127706
-0.00494969
-0.0420584
-0.019443
0.0324278
-0.0243539
-0.0320274
-0.0327498
-0.0315784
-0.0366961
-0.0311928
-0.0414693
-0.00327387
0.0481314
0.00329203
-0.0274228
-0.0341612
-0.0243949
-0.0281445
-0.00625187
-0.00609242
-0.0240074
-0.0898405
0.233577
-0.115712
-0.0517144
-0.0720244
-0.0646009
-0.0834148
-0.0793569
-0.0759596
-0.0728233
-0.0122955
-0.106948
0.0465242
-0.0859323
-0.0906238
-0.0747174
-0.0902482
-0.103897
-0.0849632
-0.0869298
0.00542573
-0.00526006
-0.00638571
-0.00241493
-0.000456424
0.000750572
-0.0187184
0.0268604
0.00777073
-0.0132376
-0.0850349
-0.0827351
0.151767
-0.0577295
-0.0350363
-0.0685817
-0.0406518
-0.0496668
-0.0467855
-0.0520272
0.0260823
-0.0155
-0.00885754
-0.00235652
0.00193199
0.00859056
-0.0127928
-0.00795702
-0.00891735
-0.00937684
-0.0713439
0.11674
-0.0461721
-0.0607781
-0.0538513
-0.0584291
-0.0490501
-0.051321
-0.0633386
-0.0623375
-0.0125845
0.00764657
-0.0395684
-0.0172941
-0.027823
-0.0214281
-0.0201791
-0.0285727
-0.0238645
-0.0359078
-0.0510074
-0.0539541
0.0506807
-0.113224
-0.0921774
-0.114242
-0.105003
-0.102158
-0.0952851
-0.0930895
-0.0366212
0.0640797
-0.00597148
-0.0164674
-0.0321153
-0.0322246
-0.0432035
-0.0355367
-0.0329001
-0.025105
-0.000747066
0.00173635
-0.00373763
-0.0201003
0.00802863
0.00987942
0.0108829
-0.00393653
-0.018345
-0.0102636
0.000783638
0.00548009
0.00973184
0.00233679
-0.00224818
-0.00585486
-0.00272879
0.000297603
-0.00324801
-0.0102793
-0.0612814
-0.0880915
0.144914
-0.0443876
-0.0330294
-0.0391384
-0.048085
-0.0477668
-0.0386976
-0.0377302
0.00459933
-0.148675
0.122948
-0.0799901
-0.0579475
-0.0706376
-0.0645895
-0.0678213
-0.0734232
-0.0798134
-0.0636246
-0.0710705
0.0816903
-0.101211
-0.0758955
-0.0971181
-0.0927239
-0.0806369
-0.0726958
-0.0931041
0.0187479
0.000260605
-0.000557435
-0.00407843
-0.00120114
0.00150017
0.00807289
0.00539321
0.0103414
0.0136615
-0.119648
0.120471
-0.0317386
-0.0553795
-0.0621438
-0.0552709
-0.0698948
-0.0602883
-0.0619365
-0.0723024
0.0167118
-0.0292743
0.0335793
-0.0732132
-0.0705609
-0.0646441
-0.0637855
-0.0645888
-0.0795654
-0.0766823
-0.0246189
0.0123041
-0.0105215
0.00875911
0.0120699
0.00492958
-5.30641e-05
-0.0035463
0.0147463
-0.0200937
-0.00179085
-0.00895985
0.011209
-0.00359289
0.0127776
-0.00151026
0.0037324
-0.00930694
0.00495647
-0.00473957
-0.0127186
0.0258559
-0.0277998
-0.0271738
-0.0139257
-0.0164418
-0.0156919
-0.0201826
-0.0294031
-0.0132762
-0.073759
0.210236
-0.127708
-0.0885651
-0.0648327
-0.0600082
-0.0701717
-0.0802269
-0.0462669
-0.0736581
-0.0976399
-0.131944
0.204294
-0.0694895
-0.0706726
-0.0707781
-0.0641565
-0.0748824
-0.0885997
-0.0736685
-0.120225
-0.039951
0.0932611
-0.0947752
-0.0702076
-0.0762485
-0.0823823
-0.101515
-0.0925058
-0.0824519
-0.0477291
0.0588071
-0.00332127
-0.0342096
-0.0320233
-0.0347208
-0.0216104
-0.0178143
-0.0184293
-0.022446
-0.0770179
0.0409258
-0.00839636
-0.043688
-0.0306686
-0.0417602
-0.0266519
-0.0424578
-0.0284639
-0.0260213
-0.175449
-0.0520901
0.113001
-0.16202
-0.157006
-0.161452
-0.141292
-0.159124
-0.162515
-0.144133
-0.0316137
-0.00601681
0.0115949
-0.0155203
-0.0155884
-0.0247426
-0.00506253
-0.0274688
-0.0307007
-0.0257558
0.0811256
-0.0367679
-0.0167409
-0.0138847
-0.0235669
-0.0374241
-0.0305282
-0.0170071
-0.0213219
-0.0431001
-0.00874682
-0.135786
0.125749
-0.0808594
-0.078149
-0.0734025
-0.0897254
-0.0844363
-0.088601
-0.0820134
0.0090434
0.00473076
0.000470573
-0.0036974
-0.0239503
-0.0255054
-0.0280771
-0.00496794
-0.0312101
-0.0150823
0.0328524
-0.0273633
-0.021602
-0.00768098
-0.0234081
-0.000657658
-0.016799
-0.0182454
-0.0219333
0.00831464
-0.12857
-0.0555295
0.10731
-0.105572
-0.108447
-0.111929
-0.120995
-0.10867
-0.10741
-0.119941
-0.00362088
0.0383309
-0.0311495
-0.0220409
-0.0321033
-0.041546
-0.0115483
-0.0170849
-0.0282971
-0.015139
-0.00579457
0.00211746
0.0069619
-0.00319167
-0.0104961
0.00207764
0.0146193
0.00720019
-0.029836
0.0126028
-0.0121953
-0.00991835
0.0153184
0.00211578
0.012547
0.0108243
-0.0152573
0.0140973
0.00435142
0.023163
-0.133905
0.211186
-0.115989
-0.0608726
-0.0840733
-0.0661266
-0.0829696
-0.0777712
-0.0646506
-0.0698035
-0.0561751
0.0389442
0.00107199
-0.0180557
-0.0185359
-0.0326981
-0.000691878
-0.00285428
-0.0154084
-0.00984253
0.0150366
0.00665492
0.00678392
-0.0132921
0.00841081
-0.000200632
0.00218139
-0.013791
0.00595664
0.00356899
-0.11043
-0.0951703
0.152293
-0.0678123
-0.0623216
-0.0676415
-0.0823609
-0.0612686
-0.0741356
-0.0709722
-0.00835909
0.0200265
-0.0136841
0.000612184
-0.00873559
-0.0212916
-0.0165857
-0.000932131
-0.00843938
-0.000502654
-0.0114517
0.00574607
0.000510101
0.00353189
-0.00272571
-0.0115399
-0.010506
0.00793038
0.00926871
0.0137466
0.0178328
0.0223081
-0.00677901
-0.0135223
-0.0200219
-0.00595986
0.0120318
-0.00701836
0.00237079
-0.0210236
-0.0848527
0.198558
-0.0977603
-0.0380086
-0.0731602
-0.0622478
-0.0623201
-0.0554128
-0.0566673
-0.0687196
0.0077631
-0.0100906
-0.00978281
-0.0041314
-0.00851867
-0.00223006
-0.00529642
-0.00671882
0.0138064
-0.00119513
-0.0741137
-0.0314378
0.0728626
-0.066766
-0.0575416
-0.0581973
-0.0477437
-0.0803092
-0.0626996
-0.0661472
-0.00291724
0.0344376
-0.0441258
-0.0358435
-0.0266111
-0.0471135
-0.0337212
-0.0481071
-0.0392368
-0.0324485
0.0789506
-0.0688257
-0.0170422
-0.0182848
-0.0344999
-0.0317819
-0.0219887
-0.0352495
-0.0287374
-0.0200464
-0.0483161
-0.172238
0.173298
-0.125689
-0.137015
-0.123028
-0.131341
-0.11565
-0.123408
-0.134254
-0.0279571
0.0526011
-0.0119906
-0.0124102
0.00174471
-0.0230441
-0.0147724
-0.0132413
0.00282695
-0.0216252
-0.0460818
0.0424558
-0.00303246
-0.0699415
-0.0528987
-0.0505303
-0.0777278
-0.0466592
-0.0581483
-0.044609
0.065019
-0.0366393
-0.0248689
-0.0141925
-0.0312901
-0.017376
-0.0247352
-0.00637054
-0.0182402
-0.0118765
0.0340234
-0.0273701
0.0130679
-0.020282
-0.0441315
-0.0275997
-0.0332822
-0.0341408
-0.0348281
-0.0312881
0.0542828
-0.0384811
-0.0266866
-0.0159489
-0.00855757
-0.0230419
-0.0241276
-0.0282762
-0.0200008
-0.0457196
-0.0347787
0.0415101
0.0108306
-0.0825065
-0.0708134
-0.0402638
-0.0573546
-0.0564785
-0.0605134
-0.0664821
-0.119583
-0.0120914
0.0619036
-0.0837582
-0.0872084
-0.0736201
-0.0715701
-0.0824598
-0.0925471
-0.0869655
-0.0638005
-0.147764
0.109905
-0.129611
-0.117213
-0.104741
-0.125182
-0.119739
-0.123803
-0.116399
0.0788577
0.000269721
-0.023032
-0.0319843
-0.00529488
-0.0335743
-0.0486604
-0.0377271
-0.0189472
-0.0287739
-0.0496497
0.000304742
0.0684793
-0.0400499
-0.0402005
-0.0428695
-0.0423321
-0.0314868
-0.0283886
-0.0476273
-0.00864035
0.00811565
0.00760965
0.00504641
-0.0167021
-0.00209859
0.00165087
0.0025173
-0.0120829
-0.00893765
-0.087679
0.169637
-0.0994369
-0.0786063
-0.090804
-0.0824384
-0.0759719
-0.0913659
-0.0841454
-0.092944
0.0618087
-0.0148744
-0.0184693
-0.0255791
-0.0332911
-0.050868
-0.0529714
-0.0397358
-0.044034
-0.0297085
0.0163412
0.0127286
-0.00274184
0.000800058
-0.00613501
-0.0264045
-0.0176309
-0.00870573
0.0184675
-0.00303095
-0.00954094
-0.00523345
0.00277435
0.00398414
-0.002328
0.00282549
-0.000523924
-0.00887035
0.000476614
0.0040423
-0.120664
0.0116977
0.021965
-0.0890725
-0.0839499
-0.0905129
-0.0757223
-0.0953711
-0.0717766
-0.0957528
-0.11454
0.159446
-0.0594503
-0.0572051
-0.0388025
-0.0544588
-0.0627823
-0.062396
-0.0713419
-0.0695836
0.0602241
-0.0211335
-0.00410006
-0.0296341
-0.013598
-0.0177724
-0.000124211
-0.0127374
-0.0234462
-0.020086
-0.0195603
0.143615
-0.114351
-0.0629518
-0.0612901
-0.0713385
-0.0652159
-0.0503788
-0.0518052
-0.0604237
-0.0113038
-0.000751878
-0.016051
0.0102415
0.00702297
-0.0177933
-0.00397471
-0.00218722
-0.0134541
-0.00842308
0.00852753
0.00247698
0.0046204
0.00564008
0.0134662
0.00412806
-0.00635023
0.019158
0.0018651
-0.00924909
-0.0692907
-0.00846001
0.026252
-0.0402926
-0.053158
-0.0368011
-0.0618564
-0.0435343
-0.0231437
-0.0496538
0.029374
-0.0609194
-0.0133817
0.000253802
-0.0169738
-0.0233408
0.00377836
0.00557532
0.00143759
-0.017382
-0.071873
0.15495
-0.0764012
-0.0236223
-0.0446934
-0.0369679
-0.0398283
-0.0490888
-0.0313662
-0.0326678
-0.139073
-0.0652349
0.109368
-0.0911832
-0.098727
-0.095332
-0.0960964
-0.08417
-0.0992099
-0.0851905
-0.0381301
0.0626544
-0.0237314
-0.0251427
-0.0387313
-0.0336332
-0.0204269
-0.0346012
-0.0390316
-0.0311614
0.0649463
-0.0422336
-0.0159866
-0.0176957
-0.00925507
-0.0141425
-0.0267975
-0.00789976
-0.0284581
-0.0276181
-0.00414838
0.0270986
-0.0108381
-0.0141301
-0.0130327
-0.0152886
-0.0109057
-0.00404861
-0.0104858
-0.0302284
-0.0935352
0.0214164
0.0449459
-0.0538319
-0.0655312
-0.0710817
-0.0767243
-0.0583292
-0.0474899
-0.0717725
0.0693083
-0.0553972
0.0186334
-0.0274102
-0.0156716
-0.041121
-0.0158544
-0.041411
-0.038423
-0.0235005
-0.0183086
-0.15913
0.141271
-0.0982465
-0.0898085
-0.0884376
-0.0912426
-0.0685743
-0.0943768
-0.0844067
0.005663
-0.00684627
0.00409617
0.00109363
-0.00614978
0.00377
-0.00251107
-0.00159469
0.00992718
-0.0110824
-0.00827439
-0.01892
-0.0111847
-0.107252
-0.115601
-0.121715
-0.107378
-0.100919
-0.118579
-0.106585
-0.0238765
0.141408
-0.0871531
-0.033236
-0.0387503
-0.0602491
-0.0406321
-0.0416954
-0.0333095
-0.0456304
-0.153677
-0.146503
0.190188
-0.112596
-0.106759
-0.116294
-0.106678
-0.114269
-0.109185
-0.104417
0.0100361
0.0333068
-0.0387343
-0.0248442
-0.0361605
-0.00915353
-0.012413
-0.0160211
-0.022641
-0.00680963
-0.0502381
-0.0397124
-0.0059852
-0.158965
-0.152192
-0.145077
-0.154125
-0.147762
-0.176197
-0.150365
0.00514297
0.00354709
-0.00504865
-0.000627118
-0.00547399
0.00220231
0.00350012
-0.0135308
0.0207113
-0.0042285
-0.0755838
0.0217236
0.0145008
-0.0386894
-0.0211942
-0.042537
-0.0392821
-0.0500232
-0.0473555
-0.0488106
-0.120784
0.216847
-0.096677
-0.0844534
-0.069499
-0.0749834
-0.067262
-0.0793828
-0.0822143
-0.0806974
-0.0127414
0.00674383
0.00735997
-0.0116865
0.00379819
-0.00184207
-0.00773265
0.00375875
0.00611137
0.0169372
-0.0179556
0.0205832
0.018938
-0.0389932
-0.0558123
-0.0524223
-0.0607886
-0.0490007
-0.0454227
-0.0455572
0.00713981
0.0232031
-0.00386923
-0.0253219
-0.0107162
-0.0280431
-0.0163547
-0.0174819
-0.0227047
-0.0178465
0.0175967
-0.00841884
-0.0179168
0.000617419
0.00248348
-0.00638875
-0.00452904
0.00102822
-0.0246224
-0.00854547
-0.00103813
-0.00523998
0.0057224
0.00285573
-0.00835056
-0.000219663
-0.0103324
0.00717132
0.00136518
0.00363999
-0.0867465
-0.0801056
0.0814984
-0.154923
-0.142394
-0.144538
-0.168596
-0.160123
-0.140046
-0.155202
0.0218745
0.0132053
-0.029219
-0.0191633
-0.0313223
-0.0253992
-0.0159354
-0.0407173
-0.0492353
-0.026956
-0.0161017
0.00489782
-0.000724552
0.000712183
0.0067436
-0.0164181
-0.0206442
0.00456868
-0.00619755
0.00439233
-0.110173
-0.135691
0.188368
-0.0786974
-0.0678149
-0.0660156
-0.0817082
-0.0630982
-0.0849466
-0.077169
-0.00570747
-0.000220427
-0.0127151
0.0183457
0.00202545
0.011887
-0.000945756
-0.0080035
0.0127429
0.0102621
0.0557085
-0.0195267
-0.003612
-0.0352407
-0.0344048
-0.033434
-0.0282582
-0.0384963
-0.0350046
-0.0382704
-0.0671107
0.0514285
0.00177172
-0.0154378
-0.0266486
-0.0219862
-0.0190954
-0.0126847
-0.0107878
-0.0144065
0.0226278
0.0189015
-0.0217187
-0.00392901
-0.0342964
0.00150634
-0.0299681
-0.0349509
-0.0255859
-0.0228211
0.00700424
-0.00663355
0.00355179
-0.00164197
0.0329358
0.0130709
-0.00734467
0.00515891
0.0109034
0.00306026
-0.124895
-0.0913522
0.158247
-0.0898977
-0.0716373
-0.0894455
-0.0791653
-0.0858323
-0.0673312
-0.084519
-0.0760508
-0.0889647
0.150513
-0.0722274
-0.0730009
-0.0572849
-0.0621605
-0.0624975
-0.0681824
-0.0619972
-0.00912842
-0.0109815
-0.0113337
0.000960742
-0.00765905
0.00525154
0.0024216
-0.00587632
-0.00640642
0.000860733
0.0195583
0.00467008
0.0106179
-0.0258596
-0.0393834
-0.0303809
-0.0113627
-0.0257693
-0.0280218
-0.0351686
-0.133022
0.282809
-0.14525
-0.0874984
-0.064451
-0.0642498
-0.0763308
-0.0532989
-0.0727117
-0.0821166
-0.0980608
-0.149718
0.194704
-0.0640998
-0.0681161
-0.0643457
-0.0527709
-0.0818342
-0.067733
-0.0769406
-0.0950448
-0.00331468
0.0256968
-0.057518
-0.0728313
-0.0674849
-0.0554431
-0.0630979
-0.0694311
-0.0583511
-0.0385824
-0.103688
0.0640686
-0.122324
-0.102581
-0.108382
-0.114438
-0.111038
-0.105698
-0.091892
-0.0473585
0.00422217
0.00516462
-0.0263056
-0.0127486
-0.0154209
-0.0296279
-0.0239043
-0.0384069
-0.0305789
0.0233082
-0.0217088
-0.0210334
-0.00810798
-0.00860109
-0.020801
-0.0171585
-0.0254545
-0.0044822
-0.00668266
-0.00924856
-0.0110461
0.00262395
0.00151407
0.0029217
-0.00414933
-0.00829516
0.00108298
0.0130852
-0.00930205
0.00443528
-0.00821131
-0.0187779
0.00344073
-0.00943754
-0.0214937
-0.0047726
-0.0112156
0.0256965
0.00184098
-0.0482535
0.00683963
0.0189911
-0.0377918
-0.0285216
-0.022083
-0.020673
-0.0288082
-0.0455727
-0.0460423
0.0160381
-0.00384896
-0.0129508
-0.0178319
0.00382769
-0.023382
-0.0210433
-0.0104697
-0.00512903
-0.0279731
0.0826362
-0.0557809
-0.00977218
-0.0415013
-0.0449642
-0.0444678
-0.0445538
-0.0526682
-0.0474489
-0.0519869
0.00661056
-0.000150437
-4.42461e-05
0.00136811
0.00171894
-0.0139037
-0.0140337
-0.0249351
-0.0207493
-0.00062476
-0.0753932
-0.00663228
0.0370634
-0.0587868
-0.0388008
-0.0324438
-0.0599174
-0.0502512
-0.0583792
-0.0412703
-0.00502419
0.00146573
-0.0125612
-0.0170334
0.000678895
-0.00667869
0.0145009
-0.0257758
-0.0256951
0.0235783
-0.0323991
0.00628596
0.0307474
-0.0345597
-0.0209212
-0.0197624
-0.0338734
-0.0263871
-0.0196077
-0.00644932
-0.0646217
-0.0170327
0.0533262
-0.0344119
-0.0440242
-0.0366354
-0.0403028
-0.0409609
-0.0325896
-0.0546529
-0.0337521
0.0121947
0.0151908
-0.0174276
-0.00219471
0.00488308
-0.0270866
-0.0103475
-0.00822922
-0.0143941
-0.0193858
0.10486
-0.068551
-0.0270185
-0.0343928
-0.0299006
-0.0420709
-0.0221886
-0.0208084
-0.00540471
-0.0280123
0.0668555
-0.013043
-0.0321637
-0.024908
-0.0163756
-0.0377293
-0.0285632
-0.0485914
-0.028684
-0.0395071
0.0405647
-0.0142434
-0.017663
-0.0112882
-0.0138071
-0.0170148
-0.0169728
-0.0134786
-0.0176336
-0.120968
0.217475
-0.076873
-0.0528769
-0.0497597
-0.0617477
-0.0698657
-0.0594324
-0.0507162
-0.0604397
-0.0762028
-0.059904
0.122084
-0.0540952
-0.045473
-0.0470716
-0.0497238
-0.0620257
-0.0550699
-0.0584354
0.0319666
-0.0163742
-0.0148329
-0.015117
-0.0280144
-0.0270468
-0.0361048
-0.00728817
-0.0276252
-0.0337232
-0.0810542
0.227576
-0.150911
-0.0811449
-0.0791781
-0.0766521
-0.0766585
-0.082884
-0.0868806
-0.0837892
1.98236e-05
-0.010846
0.00308329
-0.0059912
0.000880849
0.00903269
0.0024378
-0.00969272
0.00941158
-0.00773268
-0.0393788
-0.145987
0.138157
-0.0878877
-0.0996336
-0.0905144
-0.089947
-0.102146
-0.0918764
-0.102729
-0.0724746
0.134192
-0.0601045
-0.0564844
-0.0635053
-0.0576043
-0.0522049
-0.0569903
-0.0588391
-0.0577816
-0.0148694
0.063265
-0.0111414
-0.0162835
-0.0225045
-0.0163426
-0.0363366
-0.00943924
-0.0124412
-0.0125246
0.00255282
0.00210776
0.0150116
0.0110866
0.00542634
-0.0125024
-0.00163832
0.00146828
-0.012408
-0.00916602
0.0137311
0.0262053
0.00995965
-0.0500361
-0.0366791
-0.0482005
-0.0442797
-0.0491591
-0.0674018
-0.0679997
0.00173445
-0.0071135
0.0139573
-0.0123184
-0.00294675
0.00820909
0.00642757
0.00538872
-0.00274534
-0.000461291
0.0528077
-0.0210416
-0.0221841
-0.0269252
-0.0173663
-0.026022
-0.0111825
-0.0129675
0.00751484
-0.0292994
-0.0925981
0.201629
-0.109958
-0.0605996
-0.0622912
-0.0580723
-0.0735566
-0.0569677
-0.0614048
-0.0800652
0.0726875
-0.0456233
-0.0438413
-0.0293409
-0.0237529
-0.0239111
-0.0117434
-0.0298442
-0.0312808
-0.0131514
0.0492343
-0.0262355
0.00168702
-0.0116663
-0.0267179
-0.00798848
-0.0229416
-0.012525
-0.0187103
-0.0174238
-0.0295764
0.0733608
-0.0137308
-0.0203061
-0.0313775
-0.0139143
-0.0128814
-0.0138609
-0.0258858
-0.0160851
0.0988171
-0.0366978
-0.0226281
-0.0429476
-0.0407331
-0.0466975
-0.0384034
-0.0422435
-0.0240438
-0.0418204
-0.0459883
0.0863043
-0.0322596
-0.0566302
-0.0192314
-0.0460671
-0.0391662
-0.0371405
-0.0384642
-0.0380861
0.0372641
0.000852373
0.00704848
-0.0402719
-0.0332434
-0.0296021
-0.0424134
-0.0258819
-0.0366426
-0.0337853
-0.0661874
0.001524
0.0333462
-0.0647447
-0.0497237
-0.0360146
-0.0534653
-0.0503436
-0.0362991
-0.0507598
-0.0222694
0.0261814
0.00468572
-0.0146487
-0.00287
-0.000305658
-0.0182665
-0.00683893
-0.0235738
0.0165896
0.0125148
0.0102967
-0.00781589
-0.0214509
-0.0316661
-0.0306976
-0.0133634
-0.0336409
-0.0236848
-0.0371776
-0.124954
-0.0533078
0.101087
-0.0838521
-0.0771717
-0.0638654
-0.0831462
-0.0860174
-0.0752859
-0.0831967
0.0230206
-0.00132045
0.00810882
-0.0163937
-0.0189397
-0.0191584
-0.0125529
-0.0192079
-0.0406046
-0.00823259
-0.00611136
0.0309592
-0.0258486
-0.0103588
0.00879134
0.00379905
-0.0166397
-0.0075441
-0.0207359
0.000588604
-0.137936
-0.0133241
0.0813596
-0.0865495
-0.0896335
-0.0708179
-0.0978938
-0.0951763
-0.0752258
-0.0853216
0.0285291
-0.00841965
-0.00759856
-0.0149262
-0.0242071
-0.0244539
-0.0233915
-0.0370341
-0.0133624
-0.0314961
0.0145997
-0.00142748
-0.00821079
0.00139382
-0.00521439
-0.0147325
-0.000188124
-0.0146978
-0.00881131
-0.014532
0.0135362
0.0179459
-0.0174168
0.00296905
-0.0303604
-0.0204582
-0.0179481
-0.029584
-0.000563783
-0.00661908
-0.0609033
-0.0865326
0.156692
-0.0353172
-0.0321944
-0.055964
-0.0530232
-0.0553033
-0.0473183
-0.0538504
-0.00807039
0.063259
-0.0317506
-0.0125988
-0.017534
-0.0197426
-0.0260067
-0.0149003
-0.0264838
-0.0195588
-0.039179
-0.00444049
0.0323421
-0.00745694
-0.00728596
-0.021305
-0.0432181
-0.0292937
-0.0185816
-0.0315249
-0.0858824
0.177241
-0.0897126
-0.0665186
-0.0512386
-0.0453907
-0.0584923
-0.0556567
-0.0594319
-0.0686665
0.0639332
-0.0599182
-0.0105083
-0.0425371
-0.0437941
-0.0229351
-0.0328628
-0.0148175
-0.00934033
-0.0386394
-0.0970405
0.00532662
0.0345583
-0.0708977
-0.0609605
-0.0878359
-0.0642496
-0.0702055
-0.0630184
-0.0532691
-0.120629
-0.0928026
0.0874814
-0.10674
-0.135316
-0.120879
-0.129395
-0.123546
-0.119456
-0.104804
-0.0753377
0.187771
-0.129615
-0.0420193
-0.0484847
-0.0463548
-0.0485777
-0.0519543
-0.0542851
-0.0559279
-0.0990898
-0.018395
0.0667129
-0.0554156
-0.0596504
-0.0802458
-0.0647227
-0.0642709
-0.0564763
-0.0595061
-0.0590094
-0.00771486
0.017347
-0.0310495
-0.0335856
-0.033786
-0.0309443
-0.0458869
-0.00357559
-0.034002
-0.0730719
0.0780228
-0.0108867
-0.011105
-0.0245387
-7.6513e-05
-0.0104027
-0.0100924
-0.0299645
-0.00990742
-0.0287118
0.061602
-0.0328488
-0.0112615
-0.0348218
-0.016958
-0.0317927
-0.0407998
-0.0248791
-0.0471188
0.00574738
-0.00270408
-0.00904488
-0.00564038
-0.00860951
0.00848835
-0.011665
0.0105958
0.00867307
0.016582
-0.0594828
0.0471493
-0.00207658
-0.0134847
-0.011589
-0.0386981
-0.00860254
-0.0172949
-0.0302107
-0.0396142
-0.0933985
0.0181521
0.0464387
-0.0869443
-0.0775679
-0.0904627
-0.109912
-0.0905905
-0.1011
-0.0850642
-0.085337
0.180959
-0.0867623
-0.0603988
-0.0473587
-0.0627543
-0.0588323
-0.0321279
-0.0352269
-0.0454919
0.0149938
0.0150167
-0.00271187
-0.0175366
-0.0108991
-0.0199081
-0.00441289
-0.0227763
-0.011569
-0.00451575
-0.111536
0.150485
-0.10051
-0.067108
-0.0809565
-0.068345
-0.0848233
-0.05975
-0.0571386
-0.0924446
0.00616179
0.0654537
-0.0413668
-0.0283764
-0.0320856
-0.0218337
-0.0278699
-0.0194117
-0.0148742
-0.0130453
0.00936847
0.0265622
-0.00714698
0.00727814
0.00524542
0.00214853
-0.00555699
-0.00030211
-0.0177814
-0.00347934
-0.121529
0.221238
-0.0707554
-0.0920724
-0.0820993
-0.0746685
-0.089626
-0.0690607
-0.0908818
-0.0905024
-0.0435833
0.082046
-0.0737347
-0.0532697
-0.0633674
-0.0472401
-0.0434277
-0.057798
-0.0486855
-0.0364375
-0.0895635
0.0956122
-0.0160272
-0.0212244
-0.00892975
-0.0184113
-0.0157226
-0.0182297
-0.0368328
-0.00525914
-0.139427
0.164006
-0.0662077
-0.0904059
-0.102331
-0.0978216
-0.0899985
-0.0870664
-0.100452
-0.0974143
-0.0884574
-0.0573005
0.110664
-0.0847768
-0.0798029
-0.0875849
-0.0741342
-0.0800337
-0.0784066
-0.0599084
-0.0325722
0.0853772
-0.0437502
-0.0388425
-0.0258579
-0.034447
-0.0290159
-0.0469912
-0.0388193
-0.0311321
-0.0862284
0.042576
0.0223705
-0.0436018
-0.0650343
-0.0659271
-0.0601827
-0.0588737
-0.0629452
-0.0412949
-0.000886094
-0.00141939
-0.00651046
-0.00882543
-0.0155164
0.000200189
0.00948408
-0.000660553
0.0166553
0.00736692
-0.00691375
-0.00766162
-0.012296
-0.0133579
0.0190578
0.00341597
-0.00427842
-0.00285643
0.00953312
-0.00890726
-0.15173
0.029906
0.0238899
-0.112659
-0.117319
-0.0943624
-0.116624
-0.112976
-0.0914883
-0.122935
-0.0429006
-0.198777
0.140767
-0.114098
-0.0994668
-0.106765
-0.100725
-0.101978
-0.116579
-0.114054
0.0152968
0.0168858
-0.0117382
-0.022744
-0.0204476
-0.00358795
-0.00624652
-0.0208105
-0.00390358
0.00870528
-0.140898
-0.0408719
0.103298
-0.102337
-0.11211
-0.104231
-0.111926
-0.118366
-0.092815
-0.0942228
0.00790283
-0.177234
0.16603
-0.0755797
-0.0723253
-0.0704333
-0.0649568
-0.0751952
-0.0691562
-0.083725
-0.0956597
-0.124384
0.18319
-0.091358
-0.0860413
-0.0600566
-0.0740805
-0.0632256
-0.0927259
-0.0700995
-0.0272076
0.0532289
-0.00784027
-0.0282347
-0.0239559
-0.0222968
-0.0165208
-0.0477643
-0.029852
-0.00816777
0.00497077
-0.00541821
-0.0161927
0.00210431
-0.00965055
-0.0108874
-0.00177882
-0.0141002
0.00338112
-0.0109679
-0.115663
-0.0425033
0.0896323
-0.0710681
-0.0577182
-0.0881485
-0.0890314
-0.0860705
-0.089922
-0.0963408
0.0213107
0.0238304
-0.000291094
-0.0311963
-0.0215913
-0.0118474
-0.0251978
-0.0046689
0.00356516
-0.0255336
0.0322165
0.00312075
-0.00140999
-0.00699567
-0.0131692
-0.0192712
-0.00979036
-0.00613035
-0.00113787
-0.0220835
-0.112674
-0.0243004
0.0658488
-0.110089
-0.0903031
-0.101591
-0.0986962
-0.108706
-0.117191
-0.108207
0.0238576
-0.0173745
0.0129548
-0.00646033
-0.00219344
-0.024072
-0.0122363
-0.0191196
-0.0162183
-0.000338352
-0.00103546
0.00685794
0.000348694
-0.0150802
-0.0212395
-0.017101
-0.0124595
0.00516448
-0.0175786
-0.0107117
-0.0289027
-0.0306469
0.0430445
-0.0299562
-0.0446269
-0.0422527
-0.0493797
-0.0288752
-0.0477807
-0.0418863
0.0596428
-0.0590203
-0.0204893
-0.0268195
-0.0166671
-0.0376863
-0.0238661
-0.0221691
-0.0275884
-0.0268478
-0.187298
0.0533797
0.0349009
-0.14362
-0.148768
-0.14277
-0.122801
-0.152245
-0.135648
-0.132258
-0.0151083
0.00546103
-0.00255921
0.00204787
-0.00849283
-0.00113097
-0.00181606
0.00277697
0.00652543
0.0197652
0.0206062
0.0391346
-0.00829331
-0.0248018
-0.0144517
-0.0285387
-0.0121569
-0.0226542
-0.0248658
-0.0223882
0.0191278
0.00192553
-0.00611954
-0.00441927
-0.00460229
-0.0120091
0.00392054
-0.019775
-0.000992658
-0.0107645
-0.0481168
0.180508
-0.128636
-0.0486178
-0.0308538
-0.0312858
-0.0156131
-0.0233034
-0.0257031
-0.0330192
-0.00709707
0.0237126
0.00111034
0.00898339
-0.0128584
-0.0157187
0.00723182
-0.00268633
-0.00348965
-0.0127626
-0.0380836
0.0114047
0.00803904
0.002205
-0.00519696
-0.0190434
0.00243834
-0.0048455
0.00483309
-0.0159424
0.0102854
-0.120619
0.101362
-0.058168
-0.0544343
-0.0467326
-0.0498029
-0.0657063
-0.063195
-0.0695962
-0.108089
0.194329
-0.11202
-0.0542717
-0.0533733
-0.05659
-0.0632766
-0.0543043
-0.0670814
-0.0396304
0.00851999
0.00394101
-0.0157976
-0.0851771
-0.0693237
-0.0735665
-0.0526431
-0.0794521
-0.0636183
-0.0833637
-0.0775314
-0.0417253
0.0891119
-0.0549703
-0.0480113
-0.0534038
-0.0486719
-0.0529249
-0.0706329
-0.0644151
-0.00407966
-0.0130082
-0.00295589
-0.0141222
0.023617
0.00552285
0.00202554
-0.00116989
-0.0115433
0.00235436
-0.149021
-0.141256
0.184878
-0.109629
-0.130104
-0.109651
-0.110123
-0.108258
-0.123036
-0.117166
-0.0154368
-0.0124934
0.0251806
-0.0241674
-0.0364224
-0.0371188
-0.0226867
-0.0118725
-0.031505
-0.0279405
0.0307334
0.00555164
-0.0175787
-0.0111922
-0.0217947
-0.0325998
-0.0168848
-0.0173477
-0.02415
-0.0339242
0.0430068
-0.0204439
0.0102665
-0.0364396
-0.0429295
-0.0366029
-0.0293628
-0.0391643
-0.0360255
-0.0407899
0.0880035
-0.043651
-0.0308858
-0.0405335
-0.0277685
-0.0147546
-0.0349176
-0.0319937
-0.0152025
-0.0209718
-0.00643179
0.00313556
0.00010125
0.00651218
0.00236983
-0.00618556
-0.00631022
-0.00588868
0.00590445
0.00143331
0.00688516
0.00387242
0.000581014
-0.0156744
0.00382058
-0.0228247
-0.019324
-0.0244805
0.000971495
-0.011295
-0.0682929
-0.0111427
0.0278405
-0.0292308
-0.0324872
-0.0361919
-0.0383957
-0.0326392
-0.041171
-0.0401758
-0.00370568
-0.0107188
-0.00513686
0.0119682
0.00180473
0.00698738
0.00844587
-0.00444684
0.0139116
-0.00321259
-0.0792425
0.0225849
0.0233848
-0.058964
-0.0642233
-0.038047
-0.0401187
-0.0688925
-0.0593642
-0.0635507
-0.0909881
0.0548669
-0.0171918
-0.0992017
-0.0878471
-0.0861863
-0.10209
-0.0964373
-0.111607
-0.0932517
-0.0385839
0.00698637
0.0319809
-0.0390427
-0.0180668
-0.00822012
-0.0127131
-0.0117761
-0.0206052
-0.030458
-0.126432
-0.00121585
0.0826959
-0.0713376
-0.0632839
-0.0520365
-0.0698925
-0.0772104
-0.0799515
-0.0688711
0.0253502
-0.00611492
-0.0353645
-0.0114261
-0.0242114
-0.043919
-0.0199671
-0.0162217
-0.0250437
-0.0381045
-0.00962234
0.000203435
-0.00840263
0.00649132
-0.00347228
0.00780717
0.0139238
-0.00476205
0.015991
-0.00785566
0.0583349
-0.0688972
-0.00915459
-0.0520787
-0.04963
-0.0418096
-0.0445944
-0.0593527
-0.0529219
-0.0420418
0.00626626
0.0902293
-0.0784653
-0.0265011
-0.0299901
-0.016268
-0.0257204
-0.0273141
-0.0214451
-0.0428226
-0.083767
-0.018746
0.0792425
-0.040839
-0.057141
-0.0471654
-0.0403526
-0.0457556
-0.0532481
-0.0472478
-0.0464948
0.0502431
-0.0126343
-0.0142588
-0.0144794
-0.00424868
-0.00766737
-0.00921204
-0.00292311
0.00820572
-0.152229
-0.0651818
0.129094
-0.106245
-0.109236
-0.119387
-0.123026
-0.124111
-0.104134
-0.0988362
-0.00727876
-0.0054795
-0.00124549
0.0100502
0.00277792
-0.00946992
0.00479315
-0.0111026
-0.0100612
0.012873
-0.02713
0.0180196
0.00138823
0.019258
-0.0162827
-0.00777398
-0.00805831
-0.0147198
-0.00563249
-0.0121485
-0.0332809
0.00539702
0.0229281
-0.0458381
-0.0267663
-0.0289236
-0.0357562
-0.0309423
-0.0421142
-0.0323116
-0.0823725
0.169679
-0.111431
-0.0449795
-0.0396864
-0.0570817
-0.0577217
-0.0621536
-0.0577629
-0.0585075
0.071786
-0.05167
-0.019734
-0.0480808
-0.0417992
-0.0333852
-0.0205173
-0.0068862
-0.0469733
-0.0285766
0.0525694
-0.0306465
-0.00355547
-0.0492917
-0.0446617
-0.0402615
-0.04615
-0.0490162
-0.0520228
-0.0430228
-0.0478333
0.0022677
0.0317417
-0.00647282
-0.0321032
-0.000507227
-0.0389195
-0.0232187
-0.0123628
-0.0305222
-0.0783596
0.226035
-0.0946136
-0.0368329
-0.0501529
-0.038279
-0.0471557
-0.0570634
-0.0375359
-0.0277352
-0.0350545
0.0936526
-0.0538608
-0.098891
-0.0739385
-0.097997
-0.0779625
-0.0851599
-0.0632289
-0.0898526
0.0219345
0.0338282
-0.0299042
-0.0397602
-0.0290023
-0.0313433
-0.0236597
-0.0295832
-0.0312775
-0.0411746
0.0419141
0.00569893
-0.0142768
-0.0156468
-0.00515695
0.0117608
-0.0126922
-0.0171099
-0.0118944
-0.0141523
-0.0158002
0.0281497
-0.0193116
-0.00410627
-0.00259427
-0.0177262
-0.00460621
0.00368021
-0.0174971
-0.00222252
-0.0602503
-0.00387973
0.0357302
-0.0412483
-0.0513832
-0.0294336
-0.0384889
-0.0214045
-0.0290206
-0.0146063
-0.0304835
0.0200552
-0.0121121
0.0160504
-0.00187319
-0.0100489
-0.00590778
0.00831334
0.00194749
0.00392363
-0.0358516
-0.11474
0.168775
-0.050745
-0.0267919
-0.0416166
-0.0418793
-0.0527072
-0.0368367
-0.0457046
-0.170641
0.122376
-0.0353757
-0.157031
-0.167151
-0.166072
-0.182694
-0.184166
-0.170301
-0.178377
-0.054226
0.0876378
-0.0408214
-0.00630402
-0.013579
-0.00798657
-0.0225174
-0.00239016
-0.00855779
-0.0142706
-0.0218307
-0.0245412
0.0017852
0.0159795
-0.0135797
-0.0224197
0.00380067
0.00495818
-0.00315413
0.000273834
0.0479658
-0.0066873
-0.0216696
-0.0434168
-0.0528271
-0.0576724
-0.0355201
-0.0726763
-0.051073
-0.0411612
-0.0280107
-0.00789685
-0.00254539
-0.00409581
0.00660521
-0.00772764
0.015136
-0.00957327
0.00452742
-0.0105064
0.00599354
-0.00612358
0.00550146
0.00620845
-0.0087274
-0.00492839
0.0125956
-0.0106475
0.00196646
-0.0111661
0.0140273
-0.0811756
0.0724294
-0.0733636
-0.0761334
-0.0744362
-0.065097
-0.0808494
-0.0695271
-0.0659029
0.00377378
0.0112571
-0.00157015
-0.0118731
0.0163172
-0.0041195
-0.012274
-0.0009255
0.010718
-0.0033248
-0.00534108
0.0012366
0.00911047
0.0171468
-0.00155441
0.0123021
0.0173144
0.00864656
0.015841
0.0101485
-0.0176548
0.138358
-0.0964039
-0.0515123
-0.0458956
-0.0645195
-0.0539339
-0.0670503
-0.0628719
-0.059398
0.00796707
-0.027299
0.0159592
-0.0115575
-0.00730599
-0.00527154
-0.000355313
0.00506525
-0.00907047
0.00841864
-0.0233453
0.0144652
0.0126466
-0.0138246
-0.00713163
-0.00950617
0.00251923
-0.0103862
0.00207401
0.000846603
0.0422475
-0.0996642
0.0660733
-0.0688343
-0.0581046
-0.0650998
-0.0667911
-0.0742024
-0.0519217
-0.0451896
-0.0929035
0.206472
-0.104074
-0.0855594
-0.0907003
-0.0768021
-0.0762214
-0.0743888
-0.0792343
-0.0828684
0.0105004
-0.00527569
0.00176322
0.0155097
-0.00245434
0.00666302
-0.00680384
0.00371142
0.000495883
0.00707818
0.00970686
0.00581072
-0.001103
-0.0262762
-0.0134786
-0.0237359
-0.0128574
-0.0204412
-0.0223908
-0.00824415
-0.0188253
0.0320337
-0.0204299
0.0108062
-0.0156376
-0.0151902
0.00677539
-0.00590718
-0.00215377
-0.0116755
0.0921102
-0.0513051
-0.0148564
-0.0205708
-0.0206727
-0.0231087
-0.0365962
-0.0283632
-0.0246464
-0.0145285
0.0289311
-0.0295406
-0.000547312
-0.0749537
-0.064067
-0.0818125
-0.0645857
-0.0717068
-0.0798743
-0.0874251
-0.073315
-0.0163924
0.0687524
-0.0557498
-0.0498619
-0.0401546
-0.0515487
-0.0591365
-0.0560951
-0.0509966
-0.00390323
-0.0286391
-0.00288969
0.00111934
-0.000707479
0.00967793
-0.0242046
0.00121549
0.0125226
-0.00588702
-0.0609455
0.0916716
-0.0581238
-0.0469064
-0.0291233
-0.0282759
-0.0215108
-0.0289544
-0.0169552
-0.0197116
-0.0653685
0.167865
-0.118892
-0.0103756
-0.0235307
-0.0355706
-0.0295151
-0.0406775
-0.0296342
-0.0420001
0.0733749
-0.0994501
0.0296218
-0.059022
-0.0392836
-0.0458723
-0.0505743
-0.0525814
-0.0454504
-0.0382146
0.00327528
0.0376374
-0.0202904
-0.00592554
-0.0194766
-0.0169864
-0.0154447
-0.0148664
-0.0178095
-0.00403151
-0.0790637
-0.0911636
0.145388
-0.0621312
-0.053283
-0.0648727
-0.0870242
-0.0613606
-0.0532272
-0.0614848
-0.142698
-0.00236148
0.0467687
-0.113355
-0.0947289
-0.0956018
-0.113128
-0.119511
-0.116614
-0.104304
-0.0121821
0.0333324
-0.0188807
-0.0124939
-0.0283362
-0.0304431
-0.0265813
-0.035255
-0.0328817
-0.0382542
-0.0611347
0.0695516
-0.00118234
-0.0358967
-0.0157034
-0.0247974
-0.0256504
-0.0186647
-0.00972073
0.00181703
-0.0487612
0.00132651
0.0269431
-0.0235024
-0.0444042
-0.0447831
-0.0416351
-0.019587
-0.0386871
-0.0361763
-0.0379459
-0.0198836
0.0445963
-0.0367801
-0.0327242
-0.0434224
-0.0375736
-0.0512044
-0.0389554
-0.0399358
-0.0189878
0.0314153
-0.00433778
-0.0398665
-0.0364038
-0.0309981
-0.00203049
-0.0240203
-0.0246516
-0.0315819
0.0358269
-0.00889302
-0.015656
-0.027377
-0.0339607
-0.0163989
-0.0195257
-0.0248733
-0.00758332
-0.0184127
-0.0700974
-0.130023
0.0972951
-0.130661
-0.145414
-0.131856
-0.138903
-0.129569
-0.129493
-0.144448
-0.000390164
-0.022634
-0.00131265
-0.00170884
-0.00258041
0.00168897
0.00275474
-0.0150353
-0.00556378
0.00286578
-0.0381293
0.0419042
-0.00239621
-0.00154413
-0.0154876
0.0107451
0.0150303
-0.00173922
0.00503274
0.00114437
-0.0349132
0.0268636
-0.0234343
-0.0214725
-0.00774257
-0.0214415
-0.0268702
-0.0200722
-0.0212385
-0.0142977
0.00533909
-0.00982514
0.00716308
0.000553729
-0.0062952
-0.0030714
0.00203477
-0.00100448
-0.00512109
0.0151318
0.00244895
-0.00453485
0.00799248
0.00957058
0.00235691
-0.00288891
0.00123521
0.0125931
0.00606659
-0.00931065
-0.0028839
-0.00904631
-0.00834601
0.00232646
0.0060538
-0.00368725
-0.00431504
0.0113179
-0.024979
0.00490388
-0.128793
0.181901
-0.103272
-0.0755175
-0.108364
-0.116571
-0.105803
-0.0905425
-0.093475
-0.0847549
0.0190223
-0.0258669
0.0339322
-0.0596007
-0.039918
-0.0588558
-0.0693407
-0.036814
-0.0451517
-0.0388862
0.00237698
0.0132696
-0.0100337
-0.00355738
0.0117374
0.00354437
-0.000866647
0.00291707
-0.0145863
0.003788
-0.0266331
0.0448154
-0.00329415
-0.0199787
-0.0159238
-0.0116163
-0.0111767
-0.0133441
-0.0152117
-0.0208405
-0.0596946
-0.009896
0.0451548
-0.0292579
-0.0394913
-0.0459354
-0.0277371
-0.018941
-0.0448151
-0.020734
-0.0924122
0.203474
-0.0952014
-0.0627793
-0.0424005
-0.0458096
-0.0430525
-0.0574619
-0.0565515
-0.0514518
0.0216833
0.0186393
-0.00781862
-0.0148654
-0.000232481
-0.0217863
-0.0209029
-0.0328575
-0.00679075
-0.0212165
-0.000308868
0.0353275
-0.0171595
-0.0178923
-0.0208069
-0.00584247
-0.0308896
-0.0135812
-0.00670711
-0.0325143
-0.00120678
0.00928967
0.0135664
0.00110664
-0.00327375
-0.0148972
-0.0205221
0.0130356
-0.00860826
-0.0117618
-0.0152568
-0.00843024
0.0123596
-0.00413135
-0.0139362
-0.00569415
-0.016245
-0.0108563
-0.0132419
-0.0150049
-0.11249
-0.00596717
0.0241997
-0.0792431
-0.0682751
-0.0849732
-0.0759355
-0.0597148
-0.0643103
-0.0663245
0.0517415
-0.0374631
-0.00923398
-0.0178443
-0.0232226
-0.0371434
-0.0101839
-0.0414271
-0.0223456
-0.0266655
-0.0839155
0.125405
-0.0507514
-0.0112007
-0.0255846
-0.0120338
-0.0386726
-0.0335305
-0.0427234
-0.0419355
-0.0418712
0.055193
-0.00855973
-0.0135327
-0.00186161
-0.00653995
0.00365263
-0.00916092
-0.0198027
-0.00895028
0.00830159
0.00928807
-0.0281612
-0.0227417
-0.0112715
-0.0199321
-0.0125694
-0.0184261
-0.0106901
-0.0184435
-0.107684
0.212145
-0.142574
-0.0729752
-0.0718702
-0.0672806
-0.0596143
-0.0681877
-0.0550659
-0.0592053
-0.0379116
0.140434
-0.0983142
-0.0430824
-0.0727085
-0.0267369
-0.0561233
-0.0268867
-0.0526568
-0.0360427
-0.121203
0.0751643
-0.000367291
-0.0982471
-0.0999463
-0.111834
-0.09961
-0.0954061
-0.0770056
-0.102954
0.0267724
0.0423084
-0.0413134
-0.050793
-0.0778881
-0.0766931
-0.0869056
-0.0722048
-0.0873982
-0.0785015
0.00543945
0.00156191
-0.00563346
8.02517e-05
-0.00554819
0.000956967
-0.0137942
0.00119386
-0.00619271
-0.0187657
-0.000111064
0.0398732
-0.00142423
-0.0286537
-0.0155039
-0.0216049
-0.0219876
-0.0203737
-0.0353989
-0.0376926
-0.0763366
0.0457204
0.00644309
0.00443237
-8.89531e-05
0.000934179
-0.0103053
-0.000888035
-0.00762919
-0.0265926
-0.0244161
0.00697774
-0.00260774
-0.00415073
-0.0107937
-0.0111296
-0.0073971
-0.00837477
-0.00342419
-0.00217043
-0.0754593
-0.0485527
0.0995291
-0.0354101
-0.046432
-0.0371469
-0.0439732
-0.0409547
-0.0287837
-0.0387585
-0.0180119
-0.00739928
-0.00670115
-0.00805061
0.0130238
0.00757645
0.0196121
0.00218498
0.00951154
0.00911733
-0.0114283
-0.106615
0.104749
-0.0695646
-0.0840283
-0.0682773
-0.0843011
-0.0678814
-0.0890933
-0.0799407
-0.0697965
0.144688
-0.0416533
-0.0563616
-0.0678494
-0.0726384
-0.0723105
-0.0562227
-0.0652221
-0.0561685
0.013932
0.0100339
-0.0310528
-0.0175073
-0.0181366
-0.0117493
-0.0101694
-0.0265481
-7.96822e-05
-0.0260343
-0.0416647
0.0424229
0.00419422
-0.0051519
0.0157244
0.00166941
0.00153516
-0.00604572
0.0278421
0.00799973
-0.0123982
0.0594151
-0.0192574
-0.0403509
-0.0382395
-0.0412854
-0.0298809
-0.0311983
-0.0325335
-0.0214483
-0.0922626
-0.125129
0.179663
-0.0526869
-0.0645897
-0.0548844
-0.0508286
-0.0571724
-0.0752011
-0.0574837
-0.070229
0.0628635
-0.0126174
-0.019855
-0.0124574
-0.0201485
-0.0143221
-0.0153521
-0.0303201
-0.02849
-0.049196
0.00297874
0.0327251
-0.0650233
-0.074429
-0.0735329
-0.0666542
-0.0694037
-0.0561781
-0.0766706
-0.0931576
-0.0294476
0.0655963
-0.0587902
-0.0712694
-0.0579662
-0.0524788
-0.0565894
-0.0528485
-0.0693119
-0.0597905
-0.0119838
0.0186478
-0.13139
-0.106901
-0.124318
-0.12022
-0.143547
-0.130907
-0.131047
-0.0126403
0.134028
-0.0850108
-0.0293623
-0.0449264
-0.0109001
-0.0157553
-0.0360306
-0.0377242
-0.0502356
-0.0470183
0.0601661
-0.0183473
-0.0170654
-0.00586094
-0.0393149
-0.0233667
-0.0145032
-0.0250667
-0.0275075
-0.00647483
0.00483669
0.00331472
-0.00725129
-0.017033
-0.0136356
-0.00838348
-0.0116454
-0.0252822
-0.0131805
-0.0299394
0.178395
-0.0945269
-0.0398351
-0.0503015
-0.0501895
-0.0354205
-0.0398033
-0.018685
-0.0540353
-0.0943395
-0.0839019
0.125598
-0.0612313
-0.0434262
-0.0596404
-0.0711056
-0.0519867
-0.0707905
-0.064622
-0.0141296
0.0447747
-0.00594648
-0.0175759
-0.0213625
-0.00784843
-0.00923478
-0.011746
0.000621352
-0.0313466
-0.0840543
-0.0111363
0.0438267
-0.0514675
-0.0332476
-0.052956
-0.0413894
-0.0525855
-0.0366494
-0.0496644
0.0118909
-0.0261612
0.0284975
-0.0676041
-0.0556567
-0.0704966
-0.0478239
-0.0558194
-0.0690175
-0.0639149
0.102818
-0.0533759
-0.0242448
-0.0234805
-0.0377173
-0.0197106
-0.0222266
-0.0318777
-0.0326975
-0.0291627
-0.111331
-0.0366043
0.0804183
-0.066331
-0.0698549
-0.0833008
-0.0768754
-0.0678722
-0.0567504
-0.07098
0.0494035
-0.0702918
0.0487079
-0.0558937
-0.0605671
-0.0603979
-0.0562253
-0.0506167
-0.0507096
-0.0394095
-0.0239453
0.0768989
-0.0237746
-0.0471618
-0.0540884
-0.0536476
-0.0281078
-0.0367473
-0.0511027
-0.0325076
-0.107178
-0.0688307
0.104196
-0.0633404
-0.0559434
-0.0578956
-0.0619439
-0.0624259
-0.0778221
-0.0764371
-0.12548
0.199613
-0.114454
-0.108975
-0.101505
-0.103996
-0.103911
-0.117629
-0.105967
-0.120421
-0.00210092
0.00162515
-0.00415894
-0.0161684
-0.00642245
0.000180685
-0.0102649
-0.0128685
-0.00721896
0.00305943
-0.0121135
-0.00448663
0.00275482
0.00465429
0.0150441
0.0204231
-0.0048174
0.00112803
-0.00768887
-0.00731929
-0.0122728
-0.00140934
-0.000322309
-0.00740672
-0.00932266
-0.0080067
0.00357758
0.0161393
-0.00204719
-0.0103454
0.0693844
-0.0282654
-0.0232327
-0.0367752
-0.0316481
-0.0248919
-0.0312317
-0.0236161
-0.0274364
-0.0267812
-0.0883467
-0.0575699
0.0795916
-0.0547765
-0.0616314
-0.0705013
-0.047851
-0.040597
-0.0623976
-0.0730117
-0.0283933
0.0117345
0.0111287
-0.0247884
-0.0609436
-0.0290576
-0.0474286
-0.0230734
-0.0297753
-0.0475857
0.0515155
-0.0109535
-0.011817
-0.0446472
-0.0320496
-0.0300001
-0.0255859
-0.0324254
-0.0386244
-0.0284843
0.0221251
0.0272022
-0.0549912
-0.0512847
-0.0531684
-0.0493994
-0.0321747
-0.0412444
-0.0611937
-0.0556276
-0.00306897
-0.00380251
-0.00432141
0.00132681
-0.0200357
0.00614082
0.00622182
-0.00898952
0.0190577
0.000482613
-0.0706589
0.115073
-0.0439694
-0.0695794
-0.0468109
-0.074594
-0.0633748
-0.0863862
-0.0629798
-0.0568893
-0.050909
-0.0776656
0.0649577
-0.101523
-0.118963
-0.124757
-0.12769
-0.101976
-0.110557
-0.123293
0.0032456
-0.00255495
0.023284
-0.000495331
0.000321744
-0.00247786
-0.00923207
-0.00111956
0.00640759
-0.00490741
-0.0832254
-0.0745676
0.118568
-0.0424871
-0.0315091
-0.0464557
-0.0335059
-0.054997
-0.0710171
-0.0630384
-0.00324629
-0.000957062
0.00811161
0.00076854
0.002691
0.0161189
-0.000733819
-0.00963665
0.0237188
-0.00407584
0.00873814
0.0129806
0.0240529
-0.0405614
-0.040502
-0.0139799
-0.0141914
-0.0157567
-0.0143194
-0.0329399
-0.133359
-0.0733676
0.134035
-0.0983076
-0.102249
-0.112199
-0.109295
-0.0955672
-0.113595
-0.0994212
-0.0059527
0.0271226
0.00438037
-0.0132371
0.00531139
-0.00631633
-0.0129918
0.00851173
-0.00575894
-0.0217847
-0.0373216
-0.0773441
0.0601722
-0.117026
-0.122125
-0.13982
-0.13356
-0.125499
-0.122149
-0.116883
0.056591
0.00841788
-0.0125309
-0.0158796
-0.015303
-0.0254744
-0.0142511
-0.0308822
-0.0294961
-0.0288449
-0.0349974
-0.0088742
0.0199056
-0.0240397
-0.0139626
-0.0413198
-0.025785
-0.0207722
-0.0278519
-0.0258913
-0.11253
-0.0590023
0.1149
-0.0768791
-0.0677399
-0.0602198
-0.0577423
-0.0726484
-0.0826439
-0.0688109
-0.0389161
0.0124194
0.0160288
-0.0280756
-0.0111145
-0.0260806
-0.0212511
-0.0148385
-0.0214591
-0.0230574
-0.107433
-0.119944
0.14533
-0.0673476
-0.0799679
-0.087499
-0.0888608
-0.0641981
-0.086399
-0.0830639
0.0313164
-0.0180086
0.0139229
-0.00721126
-0.0161177
0.000486203
-0.00441533
-0.0248553
-0.023915
-0.00965925
-0.0797909
0.206682
-0.123443
-0.090401
-0.0796651
-0.0831186
-0.0822733
-0.0738055
-0.0832805
-0.0729055
-0.0603591
0.0161109
0.017426
-0.0480245
-0.0607142
-0.0450268
-0.0417338
-0.0555207
-0.0467204
-0.0618791
0.0533412
0.00104363
-0.0210162
-0.00333525
-0.042934
0.00302098
-0.0212856
-0.0396091
-0.035195
-0.0188951
-0.0741575
-0.00914063
0.0342291
-0.0550353
-0.0546611
-0.0553585
-0.0596829
-0.0539347
-0.0500203
-0.0432959
-0.104335
0.170434
-0.0871231
-0.108625
-0.0892155
-0.0884794
-0.0930938
-0.0821074
-0.0885622
-0.0896217
0.00331516
-0.00929293
-0.0151476
0.00113223
0.00923267
-0.00419919
-0.00412549
-0.0061992
-0.00493414
0.00827701
-0.073143
0.040292
-0.0061361
-0.0580505
-0.0588841
-0.0520671
-0.0521335
-0.0599969
-0.0538865
-0.0534647
-0.00145466
-0.0054771
-0.00616735
-0.000416356
0.0149527
0.0109234
-0.006517
0.0095522
0.00181488
-0.00640746
0.00662627
0.00261632
0.00769783
-0.0135266
-0.0135546
0.00996879
-0.0128559
-0.0103414
-0.0152289
-0.0151272
0.0338277
-0.0119887
-0.00647083
-0.0302355
-0.0216955
-0.0303645
-0.0319143
-0.0400386
-0.0419371
-0.043816
-0.0728803
0.0780017
-0.0326143
-0.0317569
-0.0260984
-0.0235917
-0.00941452
-0.0219678
-0.0282285
-0.0112966
-0.0622283
-0.0735488
0.112771
-0.0319165
-0.0597057
-0.0531244
-0.0296122
-0.0688847
-0.0493415
-0.0742005
0.0173351
-0.00555606
0.00111999
-0.00270261
0.0100634
-0.025368
0.0217342
-0.0151543
0.000637017
-0.00867334
-0.0989311
-0.00603403
0.0526118
-0.073251
-0.0849904
-0.0757188
-0.0741426
-0.0748147
-0.0749299
-0.0821014
-0.146962
-0.102539
0.150514
-0.111533
-0.111082
-0.0988587
-0.104189
-0.106338
-0.108152
-0.10837
-0.0665541
0.145269
-0.130084
-0.0475357
-0.0370589
-0.0374924
-0.0421461
-0.0199001
-0.0467235
-0.0288667
-0.0188649
-0.0109904
-0.00806722
-0.0135843
-0.0038679
-0.00423324
-0.00529562
-0.024224
-0.0122519
-0.0031051
-0.0503708
-0.0354881
0.0458916
-0.00629646
-0.0178013
-0.0229001
-0.0067397
-0.00570885
-0.0323511
-0.000427833
-0.000416032
0.00810677
-0.00266147
0.00331612
-0.00400567
-0.00364383
-0.0164355
-0.00491192
-0.0155308
-0.00294756
-0.0175201
0.0508329
-0.00465555
-0.0225514
-0.0273203
-0.0127902
-0.0184139
-0.0192089
-0.0141396
-0.0369296
-0.157501
0.0419013
0.0282912
-0.103796
-0.0995996
-0.088506
-0.0978595
-0.110329
-0.108795
-0.0993608
-0.00493087
-0.00789915
-0.013016
-0.0136648
-0.00890852
-0.00195524
-0.00676246
0.00594674
0.00593449
0.00425809
0.0732223
-0.0395517
-0.00582745
-0.0267883
-0.0409995
-0.0168425
-0.0295963
-0.0314064
-0.0283079
-0.0244777
-0.0109518
-0.0141553
-0.0194372
-0.083911
-0.078162
-0.0714703
-0.0924088
-0.0852019
-0.0619926
-0.0852679
-0.00385691
-0.0323697
0.0105264
-0.0403919
-0.0357664
-0.0469014
-0.0471487
-0.0356076
-0.0459056
-0.0383331
0.00581083
-0.00615104
0.00453503
-0.00456354
0.0119743
-0.0049438
-0.00154494
-0.0231098
-0.00254769
-0.00646602
0.0183329
0.00671823
-0.0207893
-0.00793227
-0.012295
-0.00609721
0.00541594
-0.0123738
-0.0187423
-0.00149565
0.074316
-0.0107543
0.00342994
-0.0543228
-0.0503327
-0.0454252
-0.0465164
-0.0415594
-0.0240788
-0.0162851
0.014906
0.0145824
0.0161334
-0.0287382
-0.0103602
-0.0263633
-0.035637
-0.0143187
-0.028412
-0.0155085
-0.109692
-0.0541492
0.111809
-0.0562318
-0.0745535
-0.0772173
-0.0673513
-0.0552914
-0.0693501
-0.0736029
0.0571656
0.00376244
0.000946126
-0.00596134
-0.0116959
-0.0102629
-0.0151813
-0.000313979
-0.013003
-0.0325853
-0.0590543
0.0965402
-0.0723368
-0.0553828
-0.0579212
-0.0546897
-0.034885
-0.0563362
-0.0392521
-0.0479307
0.0443003
-0.0830272
0.0389005
-0.0458657
-0.0568659
-0.0420159
-0.0509455
-0.0454977
-0.0572864
-0.0560209
-0.00107539
-6.60208e-05
-0.0133886
-0.00608828
0.000680734
-0.00659908
-0.0013465
-0.0127797
0.0034579
0.0208938
0.0560085
-0.0315689
-0.0251466
-0.0502518
-0.0241889
-0.046089
-0.044526
-0.0430185
-0.0298366
-0.0400458
0.0103069
0.00851312
0.0139089
0.0100366
0.00861176
-0.000296363
0.00218117
-0.00829948
-0.0062543
0.00321858
-0.111917
0.20308
-0.071153
-0.0318403
-0.0351382
-0.0431964
-0.062747
-0.0513622
-0.053768
-0.039231
-0.129392
-0.0596647
0.123408
-0.0973532
-0.109059
-0.0932314
-0.105488
-0.0974589
-0.094986
-0.102118
0.0660151
-0.0224137
-0.043774
-0.0325608
-0.0579803
-0.0475838
-0.0488295
-0.0465841
-0.0341962
-0.0371778
-0.0572523
0.0297743
0.0167343
-0.053677
-0.0505375
-0.0393732
-0.0564591
-0.0448425
-0.0436583
-0.0503338
-0.127817
0.189621
-0.0877677
-0.0375962
-0.0493784
-0.0542949
-0.0531065
-0.0477076
-0.0497205
-0.0364688
-0.0554136
0.17621
-0.080639
-0.0551985
-0.0651484
-0.0740302
-0.0421884
-0.068923
-0.0641313
-0.0664166
-0.00954455
0.0116911
-0.0172702
-0.0170116
0.0164572
-0.016401
-0.00328578
-0.0170415
-0.00461443
0.0063423
-0.05754
-0.0219517
0.0517395
-0.0369494
-0.0440003
-0.0319045
-0.0150601
-0.0249473
-0.0161789
-0.0229427
-0.017183
-0.0106345
-0.0136351
0.00327016
-0.0039321
0.00926302
-0.00401025
-0.00903099
-0.00614254
0.00674607
-0.101482
0.0877181
0.00940003
-0.0219551
-0.00526937
-0.0135472
-0.0147197
-0.0101318
-0.0107438
-0.00770305
0.0736319
-0.140715
0.0902617
-0.0437316
-0.0637565
-0.0678895
-0.0462202
-0.0334176
-0.049904
-0.0526948
0.0293114
-0.0424337
0.0195756
-0.0393114
-0.0509911
-0.0517327
-0.0497042
-0.0453585
-0.0528817
-0.0561167
-0.031455
0.028707
-0.00427947
0.0049098
-0.0190925
-0.0158073
-0.000929541
-0.00230888
-0.017213
-0.00795619
-0.0918237
-0.102718
0.159159
-0.0832719
-0.0888608
-0.0915034
-0.0822099
-0.0865433
-0.087319
-0.103212
-0.00217176
-0.00653222
-0.000468469
-0.0127522
0.0198702
0.0205901
0.0076366
0.00117264
-0.000572837
0.0153714
-0.131997
-0.0876377
0.127199
-0.0872602
-0.0907059
-0.101714
-0.0792755
-0.089962
-0.0843851
-0.109946
0.00532137
-0.00700081
-0.0141692
0.00213782
0.0165071
-0.00382383
-0.00476987
-0.0140212
0.00543805
-0.00308038
-0.14021
-0.0924959
0.131733
-0.101231
-0.1084
-0.121124
-0.116731
-0.110854
-0.101752
-0.102586
-0.00877106
0.015972
-0.0107054
-0.0100109
0.00300408
0.00305438
0.000723825
-0.0022024
0.00603863
-0.0214369
0.0296147
-0.0185494
-0.0135886
0.00398517
-0.00148765
-0.0267839
-0.0266922
-0.000571971
-0.00518984
-0.00412663
0.0119721
0.0038549
0.00321232
-0.00111222
0.0131298
-0.0114953
0.0203838
-0.00360822
-0.0091874
-0.00248331
-0.133355
0.220258
-0.120393
-0.0750558
-0.0688047
-0.0651729
-0.065406
-0.0506164
-0.0690522
-0.0682384
-0.0524915
-0.161394
0.16475
-0.0705723
-0.0801727
-0.078271
-0.0556257
-0.0596538
-0.0611164
-0.0604383
-0.00569185
-0.00984656
-0.000295601
-0.010085
-0.000699406
0.0126594
0.0118954
-0.0145886
-0.0240747
-0.0140512
-0.013272
0.0351014
0.00212282
-0.0244995
-0.000166533
-0.0199255
0.0031762
-0.000650217
-0.00103449
-0.0206121
-0.0203706
0.0175287
-0.0289213
-0.0168881
0.00608225
-0.000850629
-0.00371684
-0.00278517
-0.0220206
-0.00781146
0.0183732
0.00166446
0.00402354
0.0205154
-0.00075587
0.00651174
0.0059176
0.0154265
0.00166771
0.00693485
-0.110199
-0.0615391
0.107109
-0.0811816
-0.0649041
-0.0852099
-0.0757508
-0.0852319
-0.0755912
-0.0821869
0.0164319
-0.00218682
0.00865176
-0.0256227
-0.0403137
-0.0384811
-0.0444279
-0.0428552
-0.0512991
-0.0554718
0.00179995
-0.000603979
0.00372723
0.00424684
-0.000650292
0.0133966
-0.0144755
-0.0104992
-0.0111126
-0.00228735
-0.0286751
0.0690105
-0.0238024
-0.0225041
-0.0257595
-0.0199563
-0.0330062
-0.0204641
-0.020626
-0.0294849
-0.000543704
0.019069
-0.00038758
-0.020357
-0.0109788
-0.00488734
-0.0350551
-0.0252746
-0.00717254
-0.0268534
-0.0157
-0.00802691
0.0174846
-0.0121932
-0.00914442
-0.0141061
0.00269969
-0.0135187
-0.00880682
-0.0105922
0.022521
0.0077993
0.00997108
-0.0291432
-0.0231245
-0.0285513
-0.0261813
-0.0243515
-0.0102511
-0.0246441
-0.06249
-7.51562e-05
0.0320178
-0.0457255
-0.0357118
-0.0297431
-0.0372115
-0.043501
-0.0268949
-0.0263175
0.0305865
-0.00465519
-0.0312826
-0.023375
-0.0246441
-0.0185177
-0.0238371
-0.0214104
-0.00898562
-0.0181032
0.0911365
-0.0548294
-0.0306423
-0.03838
-0.021021
-0.0130951
-0.0297083
-0.0182123
-0.0303398
-0.0336577
0.0020456
-0.00627869
-0.00353125
0.00262123
0.0105355
-0.00615234
0.0103412
0.00286382
-0.0136561
0.00252395
-0.0607932
0.107798
-0.0120539
-0.00798649
-0.0279713
-0.0135541
-0.0301232
-0.0301081
-0.0183543
-0.0170446
-0.0980236
0.204114
-0.10199
-0.0682928
-0.0766814
-0.046125
-0.0565989
-0.0766977
-0.0524599
-0.0508393
0.00620557
-0.00383152
-0.0170911
0.0138249
-0.0049497
0.00692514
-0.00484096
0.00228046
-0.0136631
0.00980334
-0.0066101
0.00835665
-0.00523286
-0.00970552
-0.00512611
-0.0225873
-0.00736131
-0.00859242
-0.00365422
-0.00923837
-0.0762918
-0.118665
0.158886
-0.0706759
-0.0584665
-0.0456877
-0.0444176
-0.0727574
-0.0622065
-0.0523444
-0.0186546
0.127498
-0.077626
-0.0518823
-0.0262301
-0.0265422
-0.0516224
-0.047528
-0.0400758
-0.0466056
-0.0016041
0.158583
-0.152441
-0.0453245
-0.0266253
-0.048582
-0.0588849
-0.0587949
-0.0448635
-0.0494936
0.00574102
0.022586
-0.00924611
-0.0108391
-0.0154041
-0.0417177
-0.0246895
-0.0217949
-0.0251311
-0.0204628
0.0403498
0.00359688
-0.0149739
-0.0204283
-0.0223509
-0.0244321
-0.0122616
-0.0295736
-0.0143305
-0.0138598
-0.0194281
0.0288575
-0.00159779
-0.00543927
-0.00851867
0.00847578
0.0011893
-0.000986329
0.00630166
-0.00931708
0.0128413
0.00742879
-0.00877119
0.000726361
-0.0108219
-0.00234463
0.00729728
-0.00856785
-0.0146881
-0.00291131
-0.108054
0.181339
-0.0946762
-0.0550721
-0.0372311
-0.0522514
-0.0561923
-0.0365398
-0.0372084
-0.0134685
-0.0275069
0.0333827
-0.0127928
-0.0268681
-0.0257514
-0.0324896
-0.0300549
-0.0176317
-0.0178757
-0.0319743
-0.113094
-0.0965104
0.128882
-0.0883603
-0.103122
-0.117357
-0.10793
-0.0721987
-0.0849551
-0.0989044
-0.0821611
-0.0307984
0.0909108
-0.0769816
-0.079907
-0.0725783
-0.0939719
-0.071905
-0.0852978
-0.0882759
0.0201177
-0.0196997
0.0140986
0.00764653
-0.0129372
0.001914
0.00567543
0.0137356
0.000443388
-0.009165
0.00454676
0.00595102
-0.0132658
0.00153466
-0.0178692
-0.0103409
-0.00818723
0.00171652
-0.00414349
0.000301153
0.042966
-0.0110102
-0.0234615
-0.0295944
-0.018942
-0.0302069
-0.023101
-0.030374
-0.0168863
-0.0243235
-0.0916727
-0.0891223
0.163061
-0.0605129
-0.0610747
-0.0529749
-0.0551225
-0.0388434
-0.0539494
-0.0740337
0.0103474
-0.0018393
0.00102864
-0.00686918
0.00952173
0.00697959
0.00766048
0.00651464
0.00361596
-0.00308922
-0.00488234
0.0202274
0.00735893
-0.0075976
-0.0121982
-0.00212711
-0.0151289
0.00988807
-0.00158841
-0.00502537
0.0402859
0.0252556
-0.0200044
-0.00568433
-0.0123065
-0.0175895
-0.0201631
-0.0326415
0.00182515
-0.0176427
-0.0770962
-0.0837441
0.14753
-0.0711889
-0.0510887
-0.0901104
-0.0748764
-0.0715996
-0.0447114
-0.0697143
-0.057234
0.150366
-0.0634179
-0.036331
-0.035468
-0.0313822
-0.0335811
-0.0121001
-0.0384705
-0.037932
0.0418666
-0.0863192
0.039686
-0.0374287
-0.0292675
-0.0251317
-0.0490092
-0.0482705
-0.045417
-0.043063
-0.128987
-0.0936726
0.148344
-0.0818953
-0.0811009
-0.0932234
-0.0903425
-0.0866896
-0.0755123
-0.0899217
-0.0734587
-0.0274024
0.0645991
-0.0655215
-0.0483597
-0.0576412
-0.0518375
-0.0529669
-0.0281843
-0.0554869
-0.132015
0.196959
-0.0984813
-0.0769752
-0.0826388
-0.0794121
-0.0738875
-0.070702
-0.0765177
-0.0934697
0.0024361
0.0054619
-0.00259487
-0.00783831
-0.0146266
-0.0124912
0.00662395
-0.00664547
-0.0389721
-0.0199354
-0.0816279
-0.12003
0.157901
-0.099526
-0.102857
-0.0782671
-0.0975361
-0.0851213
-0.0892541
-0.087762
-0.171165
-0.082809
0.159612
-0.14675
-0.133817
-0.1317
-0.126582
-0.122026
-0.1529
-0.139589
-0.0450319
0.0645292
-0.00457206
-0.0118741
-0.0169847
-0.0294739
-0.0298016
-0.0195674
-0.0282006
0.000271475
-0.102528
0.0727674
0.0027134
-0.086926
-0.0990077
-0.100074
-0.0959781
-0.086071
-0.0909485
-0.0821735
-0.0206363
-0.0192475
0.0522411
-0.0193328
-0.0182485
0.00269303
-0.0148084
-0.0194321
0.00178085
-0.0266715
-0.0156006
-0.0063929
0.0301815
-0.0753941
-0.0753397
-0.0664061
-0.0664551
-0.064529
-0.0938086
-0.0680681
-0.00510434
0.00523418
0.0117859
0.00372247
-0.0133138
-0.0177283
-0.0237231
-0.0164763
-0.0219947
0.00373759
-0.0180106
0.00181395
0.0148931
-0.0259689
0.00174785
-0.0153188
-0.00799744
-0.0172918
0.00264633
0.00930458
-0.0414571
0.0600252
-0.0222272
-0.0257939
-0.0177967
-0.0298603
-0.0247647
-0.0345893
-0.0249925
-0.0292374
0.0161799
-0.0210277
-0.00437134
-0.0283776
0.000602172
-0.0153049
-0.0104609
-0.0110473
-0.0163445
-0.0212825
-0.0204816
0.0416097
0.00220896
-0.025934
-0.0106057
-0.0192746
-0.0231903
-0.0355937
-0.0194126
-0.0147915
-0.142846
-0.0708478
0.138715
-0.104194
-0.113505
-0.107065
-0.117608
-0.0918707
-0.107965
-0.114624
0.0726686
-0.0323686
-0.00255308
-0.0348714
-0.0536282
-0.0241664
-0.054139
-0.0613559
-0.0410344
-0.0430907
0.0167547
-0.00257594
-0.006851
-0.00810202
0.000378494
-0.0104093
-0.00572213
-0.00341923
-0.00320016
0.0184985
-0.11401
-0.081227
0.146305
-0.0911729
-0.0881253
-0.0889123
-0.0822683
-0.0955465
-0.100551
-0.0940723
-0.0301632
-0.0205426
0.0654159
-0.0493894
-0.0531715
-0.0225649
-0.0613971
-0.0477176
-0.0615491
-0.0445951
-0.00659071
0.00339479
0.00171957
-0.00352072
0.0088077
-0.00550747
0.0182858
-0.00919707
-0.00376298
0.00572745
0.000813588
0.0190337
0.0266489
-0.0207452
-0.0104042
-0.0360045
-0.0195744
-0.0329224
-0.0240701
-0.00895332
-0.0809793
-0.078328
0.129749
-0.0761483
-0.0599873
-0.0687931
-0.0627868
-0.0711479
-0.0763982
-0.0713685
-0.00184718
0.0249953
-0.00599836
-0.00207508
0.00894583
-0.0106009
0.00628006
-0.0135748
-0.0126734
-0.00999109
-0.0182376
0.0544869
-0.0207616
-0.0252323
-0.0161131
-0.0233734
-0.0229839
-0.0146131
-0.017491
-0.0237037
0.0779568
-0.00431485
-0.0142993
-0.0243695
-0.0268498
-0.0339129
-0.0221654
-0.0306158
-0.038396
-0.0431756
0.00622017
0.00384559
-0.0145123
0.000547981
0.00796007
-0.00789865
-0.0170689
-0.0136524
-3.72508e-05
0.00495111
-0.0813519
-0.0259564
0.0518985
-0.0635854
-0.0486146
-0.0520109
-0.0391612
-0.0490435
-0.0577239
-0.0599559
-0.108378
-0.0547882
0.107601
-0.058322
-0.0592845
-0.0791
-0.0687335
-0.0594155
-0.050708
-0.0589725
-0.0305152
0.00826705
0.0184543
-0.00375728
0.0133133
-0.0273548
-0.000125996
-0.00877289
0.00623518
-0.0159504
-0.00151498
-0.0306947
0.00174576
-0.00921746
-0.00384806
-0.008
0.00144774
-0.0215892
0.0047915
-0.00124066
-0.0432735
-0.0208006
0.028945
-0.00783992
-0.0132738
-0.0097466
-0.00576216
-0.0159585
-0.016285
-0.0333907
-0.0242841
0.0413475
-0.0218998
-0.0213605
-0.0433738
-0.0226158
-0.0340177
-0.0165757
-0.0263462
-0.0208351
-0.0499905
0.0872939
0.00621537
-0.0127369
-0.0251404
-0.017611
-0.0109214
-0.0268199
-0.0375205
-0.0195977
0.0496023
0.00693024
-0.0225145
-0.0380248
-0.0165782
-0.0193708
-0.016962
-0.030634
-0.0238024
-0.02311
0.00989576
0.0136854
-0.00889458
-0.00247381
0.00439755
0.0100396
-0.0214428
0.00584341
-0.00752173
0.00632818
-0.129824
-0.0474851
0.0911609
-0.1021
-0.10634
-0.083855
-0.0964131
-0.102
-0.0916665
-0.105613
-0.131722
0.190885
-0.0788044
-0.0568516
-0.0589958
-0.0517436
-0.0477455
-0.0528072
-0.0480044
-0.0717191
-0.0631038
0.0022857
0.0453021
-0.0459043
-0.0453637
-0.0535849
-0.0315712
-0.0281108
-0.0338373
-0.0402758
-0.14138
-0.0903437
0.162637
-0.093077
-0.102471
-0.0959882
-0.100965
-0.107213
-0.0796846
-0.099613
0.0114171
0.00676852
-0.00037497
-0.0325249
-0.00986632
-0.01123
-0.010181
-0.021594
-0.000955296
0.00311901
0.00388974
0.0113958
-0.0106754
-0.00607506
-0.0201587
-0.00777942
-0.00854092
-0.00200843
-0.0093926
-0.0267304
0.0364101
-0.190554
0.126624
-0.0755641
-0.0579455
-0.0525269
-0.0779674
-0.0663269
-0.0704285
-0.0493926
-0.0959635
-0.0642379
0.0992998
-0.0710564
-0.0788468
-0.0855047
-0.0632084
-0.0570427
-0.0485288
-0.054693
0.00954075
0.00440104
0.0107811
-0.00775444
0.00201925
0.015863
-0.00474955
0.00741057
-0.0165782
-0.00694698
0.0211276
0.0279326
-0.00579488
-0.0234297
-0.0247821
-0.0178262
-0.0339744
-0.0106205
0.00208225
-0.00177952
0.0697382
-0.0346704
-0.0171387
-0.0196203
-0.0347457
-0.0341981
-0.0245004
-0.0113026
-0.0302695
-0.0208976
-0.0380273
0.168726
-0.0956512
-0.0225092
-0.0278011
-0.021735
-0.0445216
-0.0180093
-0.0199385
-0.0139398
-0.0785644
0.00208556
0.0435494
-0.0528431
-0.0456534
-0.0544052
-0.0503486
-0.0505788
-0.0404635
-0.0377995
-0.0106751
-0.0126559
-0.00113562
0.00592566
0.00187197
0.00265144
0.00839586
0.0124968
-0.0012651
-0.00379748
0.0192063
-0.0169147
0.014724
-0.0248747
-0.0317621
-0.0391492
-0.022148
-0.0276248
-0.0329501
-0.0389057
-0.0747742
-0.0389499
0.0763119
-0.0654467
-0.0657937
-0.0690294
-0.0595602
-0.0677053
-0.0608905
-0.0599737
-0.0247254
0.0243065
0.00532723
-0.0048921
0.000413767
-0.00624588
0.00184584
-0.0126994
-0.0144253
-0.014831
-0.0486977
-0.0383038
0.0546222
-0.0296686
-0.0217589
-0.0427127
-0.0102451
-0.0265174
-0.0496136
-0.0160677
-0.0661626
-0.0476602
0.101176
-0.0452691
-0.0444095
-0.0449883
-0.03944
-0.0269236
-0.031665
-0.020419
-0.0460169
0.0552828
-0.0141061
-0.0204964
-0.0343709
-0.0281647
-0.0330249
-0.0273903
-0.0167122
-0.00592309
0.00874583
-0.00473874
0.0127835
-0.00498127
-0.00987103
0.00861297
-0.00069447
0.000145924
0.0191468
-0.00893763
-0.0189309
-0.0147351
0.00614363
-0.022267
-0.00492817
0.0158715
0.00460364
0.00852403
-0.012644
-0.00156509
-0.00943367
0.0026498
-0.0109257
0.0154776
-0.0041453
-0.0178588
-0.00900845
-0.00501227
-0.00151242
0.0140337
-0.114404
0.199516
-0.0671153
-0.0144213
-0.0219011
-0.0393062
-0.0203385
-0.0304344
-0.0256573
-0.0276844
-0.0835824
-0.0183842
0.0674116
-0.0430008
-0.0679129
-0.0758692
-0.0825376
-0.0654024
-0.0731389
-0.0556388
-0.0936656
0.132284
-0.0652012
-0.0681123
-0.0636781
-0.0713313
-0.0891427
-0.0588819
-0.0758966
-0.0741107
0.00816613
0.00152942
-0.0128941
0.02129
-0.00684214
-0.00108017
-0.0136794
-0.00554309
-0.0148114
0.0165265