0.0655235
0.223856
0.0913217
0.131892
0.0796842
0.144832
-0.451069
-0.212738
0.00285444
0.222903
-0.122751
-0.389323
0.199107
-0.024761
-0.0553335
0.107397
-0.0418193
-0.20973
-0.31951
-0.209117
-0.0746081
-0.0315957
0.124596
0.158871
0.0881477
0.0435759
0.0565968
0.402321
0.0887732
-0.386015
0.158474
-0.278673
0.0878421
-0.305142
-0.149444
0.0222145
-0.139331
0.0440817
-0.0482361
-0.0116009
0.0990972
0.155932
-0.152108
-0.11944
-0.0513847
0.0881293
0.126643
0.0530042
0.102257
0.0979018
0.114244
-0.296015
-0.154054
0.0386527
-0.323097
0.0851032
0.0262291
-0.214441
0.169619
0.0178289
-0.0287964
0.12899
0.0529713
-0.312051
-0.33168
-0.195105
0.125456
-0.000991358
-0.0575236
0.189814
0.125799
0.0932762
-0.158614
-0.212705
-0.226955
0.0615496
-0.0808446
-0.059729
0.105031
0.152466
0.0795177
0.0545661
-0.0777173
-0.244383
0.110566
0.148149
-0.0257947
-0.0469843
0.0242429
-0.0130036
0.0338074
-0.0718065
0.101941
-0.25323
0.00667198
0.155554
-0.114336
0.0506911
0.0678459
0.16933
0.0896397
-0.0469412
-0.0199543
-0.103479
-0.0816175
-0.217699
-0.0808203
-0.131081
-0.285092
-0.103813
0.0228241
-0.273368
0.138787
0.132583
-0.0604051
0.145956
0.207688
0.217738
-0.101249
-0.312193
0.230386
0.0917862
-0.180734
0.0385744
-0.134271
-0.193027
-0.408581
0.0906308
0.189861
-0.298623
-0.0273995
0.207082
-0.189557
-0.170302
0.0792731
-0.0501034
-0.00811236
-0.0254276
-0.0891818
-0.0267187
-0.00213552
-0.0915342
-0.0402369
-0.0246499
-0.00527362
-0.00825125
-0.0206234
-0.0122251
0.00176527
-0.0134945
-0.0104314
-0.0104719
-0.006975
-0.046369
-0.167558
-0.211029
0.0930743
0.105375
0.100095
0.119262
0.029879
-0.00440899
0.110261
0.0580742
-0.175497
0.204273
-0.146498
-0.103655
-0.359998
-0.082564
-0.111396
-0.00884974
-0.0121343
-0.114468
-0.00168161
0.0073559
0.0218497
-0.0909234
-0.00767861
-0.028921
-0.249673
-0.22161
-0.276418
0.137176
0.0319107
-0.117878
0.0935525
0.147124
0.110834
0.233673
0.0770332
-0.308789
0.116222
0.140357
-0.162713
0.0785048
0.165927
-0.116311
0.0680607
0.0107892
-0.167696
0.15777
0.117236
-0.0523228
-0.0211428
0.0460896
-0.0613703
0.0921628
0.0930449
0.204843
0.0146328
0.0859606
0.0692115
-0.21039
-0.21612
-0.188683
0.085544
-0.00632099
0.0725904
0.165563
0.110123
-0.0126884
-0.154885
-0.113378
-0.212631
-0.0282949
-0.0661261
-0.092579
0.0725191
0.0632898
0.181262
0.0658633
-0.0513461
-0.0479396
-0.00354961
-0.00749298
-0.152606
-0.0617067
0.0421879
-0.0242666
-0.0686742
-0.0396002
-0.0239788
-0.00831915
-0.0482573
-0.0710759
-0.0209755
0.0288926
-0.0193645
-0.0310371
-0.0780726
-0.0231944
-0.105605
-0.0302135
-0.148855
-0.0280782
-0.0505624
0.0900343
-0.0279665
-0.0765772
-0.0989567
-0.129309
-0.17582
-0.27324
0.0401047
0.037218
0.0203066
0.155164
0.14269
0.0530943
-0.202012
-0.233091
0.108722
-0.170557
-0.0105946
0.132779
-0.0130183
0.201293
0.0686199
0.219216
0.19226
-0.205248
0.233506
0.0764126
-0.291511
-0.0426065
-0.20723
-0.262095