-0.00608174
-0.00208261
0.0105891
-0.0227598
0.00573112
-0.000717184
-0.0108423
0.00755766
0.0026805
0.00668736
-0.0809076
0.214918
-0.0866057
-0.0694318
-0.103215
-0.0590259
-0.0556289
-0.0591296
-0.0436939
-0.0629785
-0.0802574
-0.0360072
-0.0820768
-0.186534
-0.192459
-0.203016
-0.200322
-0.208359
-0.210946
-0.194794
0.191502
-0.0828789
-0.193287
-0.145577
-0.128049
-0.0780918
-0.0521545
-0.0708036
-0.0679264
-0.0487788
-0.10764
-0.0278724
0.103937
-0.148855
-0.111596
-0.0977689
-0.0735022
-0.0821186
-0.0796331
-0.0832796
-0.133912
-0.1607
-0.115503
-0.20645
-0.105224
0.138346
-0.12725
-0.127885
-0.133143
-0.135268
-0.0129614
-0.00129032
0.0105158
-0.0243564
-0.032697
-0.0159858
-0.0221602
-0.0215953
-0.0202095
-0.00686302
0.135217
-0.0700351
-0.103222
-0.104196
-0.0693236
-0.0982257
-0.0782829
-0.0862719
-0.0726962
-0.0783063
0.265721
-0.0498037
-0.220718
-0.115155
-0.100165
-0.0881721
-0.0476058
-0.0563006
-0.0493887
-0.0599233
-0.0846164
0.228487
-0.130955
-0.0515306
-0.138962
-0.0327801
-0.0471305
-0.0472444
-0.0546577
-0.0485311
0.0093557
0.0308623
-0.00325086
-0.0184997
-0.0141299
-0.0286086
-0.029446
-0.0136788
0.000603777
-0.043395
0.114702
-0.0850488
-0.0822703
-0.059735
-0.0458424
-0.0397483
-0.0315581
-0.0407246
-0.0295804
-0.0382569
-0.0535365
-0.244643
0.136689
-0.23904
-0.101799
-0.138597
-0.138633
-0.151563
-0.158025
-0.135568
0.0410058
0.000321932
-0.0103255
-0.0203792
-0.0323956
-0.0187557
-0.0418061
-0.0191004
-0.0245063
-0.0329821
0.00987377
-0.00367254
-0.00674354
0.00127815
0.00160571
0.00821509
0.0245269
-0.011838
-0.00944548
-0.00806066
-0.0157604
0.0163088
-0.0399309
-0.0352777
-0.0117317
-0.0176717
-0.000861035
-0.0322949
-0.0167685
0.0030775
-0.146859
0.172951
-0.103439
-0.0935546
-0.154683
-0.117674
-0.140821
-0.132689
-0.125164
-0.121608
0.0128338
0.0311166
-0.0248474
-0.0228002
-0.0150831
-0.00710034
-0.0146643
-0.0232147
-0.00475224
-0.020556
-0.0570184
0.251828
-0.108436
-0.079268
-0.15488
-0.0177438
-0.0450451
-0.0351275
-0.0479616
-0.0353364
-0.10173
-0.0182959
0.0520606
-0.0710956
-0.0828046
-0.0830083
-0.0838931
-0.0760941
-0.0618855
-0.0691487
0.167041
-0.0978232
-0.183126
-0.239052
-0.123855
-0.117117
-0.111406
-0.117553
-0.134982
-0.109681
0.0272269
0.0250637
-0.00110881
-0.0191672
-0.00904447
-0.010524
-0.0190943
-0.0333708
-0.0203773
-0.0367199
-0.183845
-0.170219
-0.160044
0.187575
-0.167666
-0.0702157
-0.0861422
-0.0931583
-0.0866597
-0.0937983
0.0158765
0.0195618
0.00991681
-0.0257931
-0.0245966
-0.022839
-0.0236513
-0.00381902
-0.00331949
0.00248639
-0.181597
-0.083863
-0.162248
-0.177978
-0.285344
0.175122
-0.133379
-0.141313
-0.138094
-0.13096
-0.000136375
0.00396116
-0.0130954
-0.00410877
-0.0182743
-0.0113148
0.00035368
-0.00830978
-0.00852217
0.00276798
-0.187624
-0.142742
-0.123102
0.150447
-0.119372
-0.076967
-0.0894523
-0.105275
-0.0993379
-0.101649
0.00558126
-0.000323442
-0.0132868
-0.000918315
-0.0139608
-0.0152706
-0.004147
0.00498057
0.00122724
-0.024557
-0.11844
0.194018
-0.111673
-0.0934212
-0.0849014
-0.0883755
-0.0790192
-0.0717792
-0.106302
-0.070442
-0.0575708
0.198054
-0.126391
-0.099432
-0.0680319
-0.0583552
-0.0789617
-0.0639474
-0.0777967
-0.051191
-0.0847042
-0.169671
-0.0302914
0.0705612
-0.161097
-0.125323
-0.129012
-0.123274
-0.131978
-0.141669
-0.0437697
-0.00878809
0.0218034
-0.0339961
-0.0295766
-0.0190331
-0.0351903
-0.0177205
-0.0417663
-0.0450528
-0.337559
-0.101954
-0.283658
-0.162227
0.115534
-0.223338
-0.195242
-0.206826
-0.20354
-0.232812
-0.0399353
-0.0046409
0.0131426
-0.00869219
-0.0247459
-0.0450035
-0.0324763
-0.0400867
-0.0117503
-0.026758
0.229335
-0.0682079
-0.1462
-0.250942
-0.0955976
-0.143345
-0.0897333
-0.0992598
-0.10385
-0.0991554
-0.154536
-0.13059
0.144989
-0.0913637
-0.0691003
-0.0881377
-0.0947092
-0.0895499
-0.0706658
-0.0685176
0.115102
-0.0741088
-0.15596
-0.201173
-0.0340953
-0.0841345
-0.0947545
-0.0826406
-0.0723667
-0.0770599
-0.076427
-0.0634028
0.0614902
-0.037694
-0.0292623
-0.0348429
-0.0336396
-0.0355289
-0.0436713
-0.03321
-0.231425
-0.048276
0.122092
-0.197403
-0.244031
-0.235643
-0.19711
-0.208659
-0.199959
-0.221991
-0.319919
-0.0286859
0.000686319
-0.213031
-0.251725
-0.282556
-0.245438
-0.256765
-0.27072
-0.250296
-0.124027
0.131217
-0.0682212
-0.0414272
-0.0424975
-0.0598258
-0.0713041
-0.0807528
-0.0825329
-0.060325
-0.24968
0.117095
-0.276669
-0.0138208
-0.216491
-0.13994
-0.169273
-0.180023
-0.179671
-0.181238
-0.304757
-0.0395094
-0.0759003
-0.126995
-0.258253
-0.245746
-0.241641
-0.264636
-0.243441
-0.251698
-0.0238336
0.0140232
0.00657461
-0.0185693
-0.0178792
-0.00860349
-0.00767537
-0.0123207
-0.0120303
-0.0246847
-0.097241
-0.0357296
0.0736568
-0.0382003
-0.0585758
-0.0577179
-0.0394096
-0.0425797
-0.0495023
-0.0515696
0.182248
-0.0589174
-0.115314
-0.136197
-0.0609673
-0.118305
-0.0376119
-0.0314142
-0.0539587
-0.0627651
-0.15835
-0.108742
0.152508
-0.119014
-0.0858498
-0.219756
-0.137575
-0.146543
-0.12476
-0.118878
-0.0816431
0.215853
-0.126777
-0.0894325
-0.153217
-0.0842541
-0.0645237
-0.0847831
-0.065501
-0.0797721
-0.00250442
-0.0496007
-0.276181
-0.0331313
-0.0733156
-0.0982201
-0.119647
-0.117163
-0.100109
-0.116602
-0.239049
-0.205061
0.167562
-0.179157
-0.0779952
-0.148534
-0.157348
-0.148222
-0.148977
-0.13868
-0.247456
-0.154036
-0.237783
-0.218065
0.175716
-0.232906
-0.193145
-0.195329
-0.188228
-0.181211
-0.0289233
-0.239793
-0.0657307
-0.270485
-0.290035
-0.317977
-0.270109
-0.27194
-0.26999
-0.262816
0.0524254
-0.0540723
-0.0647091
-0.0536255
-0.0716365
-0.0801727
-0.0612836
-0.0682557
-0.0747937
-0.0362325
-0.123561
-0.178042
-0.187692
-0.186577
-0.154997
0.160909
-0.107493
-0.124186
-0.111497
-0.117431
-0.00444513
0.0115536
0.00371066
0.0136155
-0.000826557
0.00456
0.0154498
-0.00674505
1.88317e-05
-0.00166124
0.272625
-0.122695
-0.21576
-0.177114
-0.121945
-0.182181
-0.120154
-0.109099
-0.104229
-0.110779
-0.0872722
-0.0447591
0.0792274
-0.0590888
-0.0808647
-0.0528705
-0.0528293
-0.0679034
-0.0641391
-0.0518005
-0.161192
-0.104045
-0.0713143
0.102695
-0.0684297
-0.0559689
-0.0564721
-0.0745521
-0.0628657
-0.0794729
-0.216317
-0.131104
-0.242241
-0.172021
0.200862
-0.227832
-0.173313
-0.154417
-0.183115
-0.184644
-0.0290997
0.00673057
0.000335983
0.00720228
0.00846281
-0.00651136
0.000170876
-0.0221179
-0.000889229
-0.00814934
-0.0683217
0.256139
-0.123973
-0.0316466
-0.240332
-0.0109436
-0.0537818
-0.0557424
-0.0549547
-0.0539126
-0.069492
-0.193544
-0.293114
-0.418648
0.00983668
-0.303765
-0.264282
-0.271041
-0.265506
-0.258208
-0.137035
-0.344225
-0.282926
-0.198654
-0.106489
0.0448097
-0.220519
-0.229137
-0.217707
-0.228365
0.00870673
-0.0720595
0.0373818
-0.0564824
-0.0737646
-0.0870713
-0.073093
-0.0966428
-0.0885526
-0.0806222
0.214291
-0.077753
-0.251176
-0.183749
-0.120873
-0.0761764
-0.0900327
-0.0948325
-0.0831674
-0.0874546
0.187955
-0.0599702
-0.179122
-0.137455
-0.119042
-0.114384
-0.094543
-0.110624
-0.0834245
-0.0797329
-0.0219884
-0.0190097
0.0119723
-0.0461131
-0.0654247
-0.0618049
-0.0769945
-0.0724183
-0.072666
-0.076835
-0.192399
-0.236725
-0.166962
0.140303
-0.186306
-0.13732
-0.160253
-0.181339
-0.15898
-0.177593
-0.269248
-0.278222
-0.244229
0.027946
-0.0676634
-0.168364
-0.240332
-0.22798
-0.235415
-0.231033
-0.0858715
-0.0332248
0.0443459
-0.0343012
-0.0475404
-0.0538778
-0.0228262
-0.0447544
-0.0625847
-0.0300404
0.0203973
-0.145187
0.100874
-0.13454
-0.113366
-0.170597
-0.111115
-0.098947
-0.099057
-0.0965276
-0.2878
-0.278357
-0.0676442
-0.311817
-0.219776
0.0469694
-0.23807
-0.252361
-0.251685
-0.241753
0.00986797
0.0292877
-0.00402297
-0.0112504
-0.0142633
-0.0185423
-0.00840842
-0.00501883
-0.000279932
-0.00927476
-0.276993
-0.22111
0.138158
-0.223531
-0.105013
-0.371074
-0.209485
-0.219142
-0.213183
-0.212226
-0.0198541
-0.0117596
0.000116465
-0.0346389
-0.0230472
-0.00737636
-0.0114648
-0.0220394
0.0103502
-0.00897261
-0.381859
-0.223911
-0.303504
-0.0101865
-0.0300446
-0.135308
-0.248344
-0.234296
-0.227654
-0.233428
-0.0182688
0.0345614
-0.023428
-0.0218952
-0.0317779
-0.0281025
-0.0362501
-0.0366119
-0.0364229
-0.0153448
-0.0389004
0.187941
-0.0754174
-0.0662791
-0.149308
-0.0455851
-0.0523514
-0.067744
-0.0551859
-0.0411924
0.00551506
0.0400845
-0.019935
-0.0101851
-0.0229475
-0.03556
-0.0356328
-0.033556
-0.0338705
-0.0398115
-0.0977231
-0.20648
-0.142453
-0.200009
-0.132017
0.142847
-0.158463
-0.144687
-0.161003
-0.157738
-0.119789
-0.186275
-0.134379
-0.156882
-0.11777
0.171657
-0.122371
-0.103845
-0.0946516
-0.10268
0.00363456
0.0415584
-0.0258376
-0.0290059
-0.0201864
-0.0258656
-0.0253209
-0.0138613
-0.0112579
-0.0319657
-0.0113421
-0.00303631
-0.00857478
-0.00881278
-0.00283659
-0.00445351
-0.00362629
0.00117678
-0.00410135
0.00908855
0.00444748
0.00237993
0.000946454
-0.0158798
-0.0143409
0.0104845
-0.0189798
-0.00382082
0.0107514
0.00624407
0.0281696
-0.180504
-0.14127
0.0157177
-0.0800454
-0.114362
-0.0930507
-0.108249
-0.108954
-0.121615
0.20459
-0.0834806
-0.19346
-0.151849
-0.0863152
-0.119262
-0.0837276
-0.0666413
-0.068623
-0.0832611
0.174875
-0.0908833
-0.205279
-0.103334
-0.025451
-0.103666
-0.0721173
-0.0787415
-0.0640189
-0.0785627
-0.290005
-0.0646537
0.199319
-0.337911
-0.216574
-0.2637
-0.198636
-0.211161
-0.202094
-0.203099
0.160826
-0.139036
-0.203367
-0.131998
-0.102242
-0.100763
-0.101296
-0.0989812
-0.0907069
-0.109913
0.138551
-0.0705883
-0.146099
-0.229606
-0.114381
-0.166183
-0.121631
-0.110465
-0.118277
-0.123783
-0.0618695
0.133884
-0.0325396
-0.0778236
-0.0898249
-0.0533976
-0.0698646
-0.0644942
-0.0508544
-0.0615997
-0.0492056
0.0955313
0.00537005
-0.0212324
-0.121556
-0.0452734
-0.0194294
-0.0265994
-0.0456517
-0.034113
0.0678753
-0.141046
-0.0127699
-0.0784304
-0.056764
-0.0695207
-0.0595218
-0.0549022
-0.0735507
-0.0638517
-0.0554995
0.0107994
0.0268513
-0.0337675
-0.059301
-0.0617089
-0.053509
-0.0333133
-0.052687
-0.0300178
-0.0409265
0.0741221
-0.0258682
-0.00828205
-0.0114234
-0.0127087
-0.0370944
-0.0138972
-0.0131986
-0.0308059
0.0130236
0.0163116
0.0144364
0.000780059
-0.0128189
-0.00242457
0.0155249
-0.0192599
8.29908e-05
0.0117358
0.260275
-0.0522592
-0.228788
-0.135422
-0.138577
-0.187075
-0.107405
-0.102711
-0.088947
-0.122013
-0.0901097
0.169086
-0.0751826
-0.0979926
-0.121143
-0.0443216
-0.0506904
-0.0574788
-0.0407744
-0.0481429
-0.113447
0.161731
-0.122449
-0.0828939
-0.132961
-0.133974
-0.139667
-0.131273
-0.13855
-0.12735
-0.24014
-0.13484
0.246304
-0.208428
-0.0913633
-0.283543
-0.105387
-0.112894
-0.0966672
-0.087204
-0.171049
-0.368932
-0.212737
-0.133303
-0.303019
-0.0239946
-0.269598
-0.262993
-0.247849
-0.239564
-0.03926
-0.0194441
0.0301
-0.0248147
-0.0320284
-0.0327514
-0.0315802
-0.0366977
-0.0311943
-0.0414708
-0.11597
-0.147898
-0.131274
-0.26297
-0.261259
0.0699518
-0.213343
-0.193707
-0.1957
-0.209385
-0.0930991
0.283776
-0.155652
-0.0719861
-0.177881
-0.0793118
-0.115437
-0.110487
-0.107471
-0.104736
0.0157652
-0.203845
-0.000387859
-0.215274
-0.120622
-0.149443
-0.155669
-0.167464
-0.149793
-0.152107
0.00364998
-0.00512939
-0.00530183
-0.00284569
-1.63459e-05
0.000148673
-0.019319
0.0262804
0.00715721
-0.0138677
-0.162689
-0.147134
0.206048
-0.15721
-0.0777854
-0.233537
-0.10268
-0.109888
-0.10708
-0.113515
-0.0792293
-0.168389
-0.148583
0.165589
-0.100191
-0.0594222
-0.0978978
-0.0946228
-0.0950453
-0.0967174
-0.316817
-0.0536899
-0.251554
-0.234381
-0.253971
0.180782
-0.16402
-0.165403
-0.176579
-0.174634
-0.00844164
0.0050936
-0.0391303
-0.0144024
-0.027037
-0.0270245
-0.0203298
-0.0287175
-0.0240234
-0.036067
-0.139614
-0.269359
-0.0427011
-0.247687
0.112544
-0.220391
-0.170616
-0.167618
-0.16036
-0.158976
-0.0378201
0.0582274
-0.00891285
-0.0155838
-0.0261841
-0.0328405
-0.0438271
-0.0361332
-0.0335025
-0.0257203
-0.155188
-0.192434
-0.170889
-0.182097
-0.112798
0.179418
-0.111115
-0.12119
-0.134231
-0.126602
-0.217114
-0.144381
-0.0732858
0.140213
-0.158259
-0.0837837
-0.0963753
-0.0939562
-0.0974121
-0.105327
-0.180123
-0.126315
0.197726
-0.0755833
-0.0956782
-0.114531
-0.0773354
-0.0770012
-0.0675602
-0.0670076
0.0252545
-0.160627
0.0902978
-0.0807072
-0.0706331
-0.0793063
-0.0779056
-0.0808676
-0.0867348
-0.0930906
-0.0242156
-0.140982
0.0457913
-0.221793
-0.0879092
-0.162303
-0.149193
-0.137246
-0.12968
-0.148891
0.0180424
0.000138991
-0.000945494
-0.0027558
-0.00123476
0.00146417
0.00803664
0.00535644
0.0102986
0.013624
-0.120706
0.124939
-0.0483966
-0.0587183
-0.0755872
-0.0629257
-0.07764
-0.067509
-0.0694076
-0.0799762
-0.0297418
-0.151805
-0.00997905
-0.153052
-0.179633
-0.216138
-0.178142
-0.177495
-0.190976
-0.187288
-0.276724
-0.228928
-0.081001
0.08889
-0.262299
-0.130194
-0.178969
-0.18174
-0.16603
-0.195814
-0.00308503
-0.00905072
0.0139749
-0.0052346
0.0132435
-0.00155994
0.00368287
-0.00935392
0.00490752
-0.00479087
-0.12529
-0.166965
-0.154182
-0.24197
-0.103896
0.0865263
-0.170978
-0.172485
-0.182185
-0.168067
-0.0988944
0.259287
-0.153547
-0.111177
-0.176567
-0.0670499
-0.109028
-0.117607
-0.0846835
-0.11253
-0.121457
-0.208818
0.239561
-0.171628
-0.0822855
-0.2546
-0.118137
-0.12723
-0.141504
-0.127103
-0.193731
-0.10729
0.151475
-0.186694
-0.0862284
-0.232447
-0.130021
-0.147434
-0.138856
-0.12905
-0.0477926
0.063479
-0.00336336
-0.0378851
-0.0348681
-0.0347393
-0.0216305
-0.0178331
-0.0184493
-0.0224676
-0.319861
-0.123295
-0.257186
-0.213803
0.0739038
-0.282862
-0.241117
-0.247719
-0.23985
-0.241091
-0.280498
-0.0795558
0.184136
-0.239928
-0.165251
-0.21979
-0.169655
-0.186365
-0.189657
-0.171943
-0.0356354
-0.0062419
0.0113148
-0.0118107
-0.0151034
-0.024794
-0.00511585
-0.0275184
-0.0307497
-0.025805
0.143638
-0.0827229
-0.178943
-0.065072
-0.04735
-0.0802565
-0.0891488
-0.0750264
-0.0802663
-0.101785
-0.0554008
-0.149576
0.12609
-0.142581
-0.0750879
-0.0985317
-0.112717
-0.107374
-0.111475
-0.105078
-0.0923503
-0.259799
-0.0835164
0.0497105
-0.295012
-0.223493
-0.247895
-0.230078
-0.248547
-0.237182
-0.0683692
-0.1146
-0.112352
0.091955
-0.15098
-0.0495406
-0.0900719
-0.0921837
-0.0958322
-0.0669909
-0.153014
-0.104387
0.107298
-0.129593
-0.146161
-0.185309
-0.147987
-0.13563
-0.134142
-0.146726
-0.00354209
0.0387734
-0.0291341
-0.0246625
-0.0321758
-0.0416046
-0.011604
-0.0171375
-0.0283503
-0.0151926
-0.00372309
0.00566221
0.00893452
-0.011848
-0.0184323
0.0020012
0.0144642
0.00704164
-0.0299914
0.0124455
-0.0266958
-0.0211009
0.0248824
-0.00211125
0.00915343
0.00735729
-0.0189224
0.0107199
0.000679298
0.0193396
-0.154753
0.211866
-0.16708
-0.0589793
-0.160684
-0.0880046
-0.119884
-0.113427
-0.100813
-0.106695
-0.203829
0.0221777
-0.0745795
-0.179232
-0.297957
0.0940432
-0.120993
-0.122009
-0.132788
-0.128214
-0.206668
-0.118111
-0.228645
-0.179726
0.198504
-0.204214
-0.131808
-0.140625
-0.125962
-0.13312
-0.14485
-0.116769
0.227533
-0.198184
-0.0882559
-0.102518
-0.117137
-0.0957696
-0.108105
-0.105672
-0.0104729
0.0149252
-0.0192022
-0.000382342
-0.016693
-0.0227698
-0.0181887
-0.00232264
-0.00980812
-0.00211855
-0.167261
-0.107107
-0.119747
0.130457
-0.0725852
-0.0818876
-0.0926069
-0.0763447
-0.0746617
-0.0720469
0.0179107
0.0218047
-0.00671814
-0.0133392
-0.0195297
-0.00614047
0.0119995
-0.00704998
0.00233777
-0.0210579
-0.0997581
0.209763
-0.11615
-0.0595024
-0.135158
-0.0616199
-0.085008
-0.0774053
-0.0793721
-0.0911611
-0.129618
-0.239006
-0.177072
-0.202232
-0.0614205
0.0387656
-0.179471
-0.178425
-0.16725
-0.175541
-0.0695992
-0.0314417
0.0680652
-0.0641236
-0.0575466
-0.0582025
-0.0477486
-0.0803141
-0.0627047
-0.0661518
-0.0031508
0.0321569
-0.0416732
-0.0413812
-0.0212852
-0.0473635
-0.0340095
-0.0483414
-0.0394721
-0.0327272
0.14749
-0.137187
-0.155765
-0.0528006
-0.0739316
-0.104557
-0.0898433
-0.101537
-0.0964615
-0.088099
-0.0169728
-0.236794
0.101912
-0.24977
-0.170527
-0.253307
-0.231762
-0.215615
-0.223263
-0.233365
-0.0279579
0.0514138
-0.0090081
-0.0136684
0.00121593
-0.023046
-0.0147744
-0.0132433
0.00282499
-0.0216273
-0.119388
-0.087223
-0.185822
-0.212344
-0.146574
-0.0309222
-0.173951
-0.145674
-0.157109
-0.143697
-0.00906308
-0.203729
-0.111235
0.021892
-0.201481
-0.139769
-0.17233
-0.155962
-0.167133
-0.160776
0.0466101
-0.0973474
-0.0560052
-0.0735402
-0.0916198
-0.0901782
-0.0987268
-0.0992004
-0.100667
-0.0971857
-0.0630273
-0.233954
-0.180942
-0.170049
-0.278653
0.0451305
-0.172962
-0.174208
-0.169822
-0.19004
-0.0702469
-0.055679
-0.00302762
-0.130392
-0.142794
-0.151204
-0.139214
-0.138091
-0.141767
-0.146994
-0.148608
-0.025916
0.0612512
-0.106489
-0.0866883
-0.103688
-0.0821734
-0.0924921
-0.102522
-0.0972102
-0.0660738
-0.285625
0.0418236
-0.299867
-0.188996
-0.343306
-0.258267
-0.252348
-0.254976
-0.251053
0.212787
-0.0525801
-0.147648
-0.134423
-0.0745129
-0.12084
-0.0886983
-0.0779536
-0.059878
-0.069061
-0.0488061
0.00029808
0.0625043
-0.0378242
-0.0402128
-0.0400137
-0.042339
-0.0314939
-0.0283953
-0.0476337
-0.196967
-0.0556018
-0.0393817
0.0273699
-0.113902
-0.0695043
-0.0722209
-0.0725243
-0.0859989
-0.0838334
-0.0305316
0.171805
-0.28335
-0.113849
-0.192822
-0.156855
-0.161456
-0.174941
-0.168009
-0.178044
0.205069
-0.061813
-0.17359
-0.0469938
-0.113028
-0.210788
-0.117797
-0.103208
-0.10886
-0.0946552
0.0146487
-0.0286859
-0.0771932
0.0181326
-0.0127966
-0.0206815
-0.0297844
-0.0202095
0.00631751
-0.0149907
-0.235991
-0.208701
-0.0092617
0.0436607
-0.228464
-0.145983
-0.171543
-0.17797
-0.170385
-0.167776
-0.0995216
0.0101479
0.0139816
-0.093658
-0.0886741
-0.109333
-0.0768378
-0.096452
-0.0728463
-0.0968184
-0.165805
0.184644
-0.122191
-0.134102
-0.108967
-0.0989109
-0.137703
-0.135857
-0.145489
-0.144629
0.15986
-0.0710326
-0.0979303
-0.104556
-0.0704855
-0.0343112
-0.0404538
-0.0523712
-0.0642521
-0.0595918
-0.27217
-0.0937499
-0.35537
-0.103502
-0.279147
0.0763208
-0.194813
-0.182596
-0.183959
-0.191148
-0.00724228
-0.00110062
-0.0195404
0.0105657
0.00402987
-0.0157582
-0.00418521
-0.00238437
-0.0136678
-0.00862423
-0.132565
-0.121944
-0.0777322
0.107711
-0.0430733
-0.0297344
-0.0527881
-0.0285766
-0.0442457
-0.0561937
-0.0710919
-0.00856553
0.0146468
-0.0323025
-0.0500524
-0.038259
-0.0619001
-0.0435712
-0.0231895
-0.049696
0.0165437
-0.318955
-0.196089
-0.0227607
-0.237567
-0.222457
-0.21066
-0.207591
-0.211652
-0.229609
-0.0771266
0.153525
-0.105884
-0.037686
-0.0506235
-0.0510244
-0.053977
-0.0621681
-0.04472
-0.0469768
-0.160921
-0.0763227
0.0984002
-0.130178
-0.100606
-0.105768
-0.106756
-0.0951405
-0.109424
-0.0956788
-0.0537614
0.113582
-0.0447591
-0.137554
-0.0960793
-0.0401829
-0.0332404
-0.0466361
-0.0513774
-0.0435836
-0.0354903
-0.315986
-0.201043
-0.021058
-0.247574
-0.137621
-0.23663
-0.219684
-0.23713
-0.236768
-0.00614978
0.0244722
-0.0121467
-0.00976334
-0.0132656
-0.0154672
-0.0111238
-0.0042375
-0.0106979
-0.0304238
-0.0893511
0.0142769
0.0237555
-0.0330653
-0.0642359
-0.069694
-0.0775688
-0.0590884
-0.0483212
-0.0725628
0.137152
-0.098672
-0.0757479
-0.0882375
-0.0483335
-0.0628412
-0.0463393
-0.0711629
-0.0690167
-0.0540182
-0.0633049
-0.185547
0.136664
-0.133568
-0.0570375
-0.113527
-0.110945
-0.0882116
-0.11364
-0.103592
0.00686887
-0.00451111
0.0049604
-0.00399729
-0.0059762
0.00354899
-0.00269416
-0.00177734
0.00974931
-0.0112606
0.0216412
-0.154515
-0.0944172
-0.281053
-0.222334
-0.262834
-0.204353
-0.197474
-0.21416
-0.20393
-0.0610306
0.133714
-0.125872
-0.065129
-0.11323
-0.0487504
-0.0629296
-0.0632683
-0.0555301
-0.0675764
-0.239271
-0.200813
0.21129
-0.141484
-0.148757
-0.244179
-0.154463
-0.16114
-0.155891
-0.151473
0.00893794
0.03279
-0.0387465
-0.0249304
-0.0344264
-0.00921775
-0.0124723
-0.0160797
-0.0226995
-0.006868
-0.117004
-0.307545
-0.0772541
-0.418651
-0.228259
-0.37409
-0.343092
-0.33655
-0.358055
-0.338988
-0.00304492
-0.000196959
-0.00509307
0.00862188
-0.00613177
0.00197852
0.00324889
-0.0137887
0.0204575
-0.00448796
-0.0707672
0.0216714
0.00228189
-0.0326044
-0.0166313
-0.0425713
-0.0393009
-0.0500428
-0.0473742
-0.0488292
-0.136007
0.227845
-0.114273
-0.120876
-0.0938146
-0.0727154
-0.0870759
-0.0987253
-0.10163
-0.100481
-0.0130935
0.00622351
0.0072865
-0.0105926
0.00376427
-0.0018765
-0.0077703
0.00372491
0.00607805
0.0168998
-0.0237439
0.0154083
0.0159998
-0.0339205
-0.0560459
-0.0539238
-0.0621689
-0.0503406
-0.0468332
-0.0468915
0.00568502
0.0195088
-0.0154546
-0.0121546
-0.0110844
-0.0255191
-0.0167185
-0.0178078
-0.0230557
-0.0181845
0.0118296
-0.0105313
-0.0185065
0.00585336
4.73087e-05
-0.00377438
-0.0051719
0.000425425
-0.0253057
-0.00919128
-0.221416
-0.255372
-0.0294271
0.0235611
-0.215723
-0.193229
-0.22101
-0.207298
-0.211956
-0.210659
-0.081962
-0.0940178
0.055596
-0.165854
-0.122988
-0.142961
-0.173188
-0.164528
-0.144552
-0.159759
-0.101126
-0.284201
-0.221829
-0.247565
-0.214349
0.0773932
-0.224367
-0.240069
-0.248299
-0.231636
-0.202223
-0.195526
-0.0720831
0.0992498
-0.164653
-0.123598
-0.142568
-0.122115
-0.129939
-0.12205
-0.19179
-0.180442
0.21361
-0.183679
-0.0852095
-0.117869
-0.131623
-0.112995
-0.133853
-0.126748
-0.136544
-0.165913
-0.153717
0.142742
-0.198984
-0.115498
-0.145429
-0.15237
-0.134281
-0.137128
0.146571
-0.0725116
-0.134547
-0.132293
-0.0885672
-0.084476
-0.0686177
-0.0780606
-0.0753529
-0.0783661
-0.0887526
0.0969617
0.00608103
-0.069887
-0.116215
-0.0687281
-0.0402374
-0.0333304
-0.0315358
-0.0354307
-0.132432
-0.138577
-0.146566
0.134181
-0.188338
-0.0499134
-0.125846
-0.131603
-0.122428
-0.120637
-0.104022
-0.257067
-0.260983
-0.118864
0.215119
-0.0424142
-0.0977629
-0.0827054
-0.0792592
-0.0904795
-0.151916
-0.133001
0.185151
-0.215144
-0.0481186
-0.157496
-0.125255
-0.130958
-0.112559
-0.129955
-0.113473
-0.137656
0.1456
-0.112701
-0.0874829
-0.0829535
-0.0877705
-0.088103
-0.0934095
-0.0874881
-0.399893
-0.313731
-0.307638
-0.0550707
-0.0988539
-0.0477056
-0.251483
-0.256136
-0.258222
-0.254888
-0.0467305
-0.126693
0.0615849
-0.1922
-0.0854138
-0.120125
-0.10253
-0.114814
-0.117686
-0.123276
-0.146322
0.313833
-0.183935
-0.0802122
-0.188504
-0.0753687
-0.111508
-0.0877036
-0.107259
-0.117523
-0.15653
-0.211531
0.227654
-0.155279
-0.112932
-0.127089
-0.115418
-0.143373
-0.129205
-0.138707
-0.0929594
-0.00338644
0.0105389
-0.049104
-0.0683159
-0.0691323
-0.0555336
-0.0631853
-0.0695127
-0.0584382
-0.0117729
-0.126575
-0.0239598
-0.130969
-0.117086
-0.147342
-0.137504
-0.134227
-0.128469
-0.11552
-0.364793
-0.180145
-0.0402269
-0.111497
-0.216664
-0.152988
-0.217305
-0.211038
-0.223319
-0.218179
-0.0587339
-0.242569
-0.102859
0.0313504
-0.160305
-0.160127
-0.175921
-0.1837
-0.165674
-0.168317
-0.252799
-0.218569
-0.00329464
0.0488842
-0.205829
-0.130957
-0.154529
-0.145814
-0.134867
-0.156887
-0.158636
-0.149198
-0.169522
0.168249
-0.130734
-0.0631374
-0.0941742
-0.099938
-0.0652313
-0.088312
-0.0471105
0.00672517
0.013114
-0.0326484
-0.0285734
-0.0221438
-0.0207286
-0.028866
-0.0456287
-0.0460942
0.0751029
-0.0412858
-0.0692462
-0.140947
-0.00758145
-0.0458708
-0.0429772
-0.032155
-0.0269388
-0.0495656
0.161554
-0.0961447
-0.135581
-0.0832918
-0.0630425
-0.0809861
-0.0865681
-0.0940533
-0.0896405
-0.0941503
-0.128068
-0.126508
-0.118142
0.145895
-0.193204
-0.0560012
-0.0787126
-0.0900936
-0.0861741
-0.0674759
-0.070889
-0.006636
0.0325759
-0.0587995
-0.0387979
-0.0324444
-0.059918
-0.0502518
-0.0583798
-0.0412709
-0.279939
-0.14289
-0.257198
-0.178999
0.104779
-0.264734
-0.204384
-0.224778
-0.226048
-0.198832
-0.0313995
0.0062796
0.0286594
-0.0329608
-0.0214948
-0.0197672
-0.0338782
-0.0263921
-0.0196122
-0.00645384
-0.0547549
-0.0187367
0.0418656
-0.0306276
-0.0417371
-0.037211
-0.0409019
-0.0415169
-0.0331799
-0.0552249
-0.0341268
0.0104239
0.0127038
-0.0135917
-0.00222074
0.00485793
-0.0271162
-0.0103707
-0.00825812
-0.0144228
-0.0304186
0.122723
-0.0868704
-0.051311
-0.0763544
-0.0372412
-0.0495065
-0.029154
-0.028051
-0.0130162
-0.0413123
0.0810738
-0.033138
-0.0450169
-0.0255834
-0.0266092
-0.0481612
-0.0380183
-0.0583188
-0.0393274
-0.0499164
0.0473747
-0.0226477
-0.0208632
-0.0254678
-0.0185634
-0.0218798
-0.0212514
-0.0179554
-0.022593
-0.128514
0.234358
-0.0949962
-0.0549232
-0.104937
-0.0785159
-0.0866555
-0.0752457
-0.0667708
-0.077214
-0.199205
-0.125619
0.150683
-0.0841834
-0.0549896
-0.0835775
-0.0819194
-0.0932224
-0.0868039
-0.0900096
-0.0622562
-0.23891
-0.0864665
0.0414998
-0.279579
-0.18426
-0.231406
-0.210491
-0.225744
-0.230973
-0.076477
0.248765
-0.179473
-0.0482431
-0.155323
-0.080043
-0.0958609
-0.101417
-0.105621
-0.10261
0.0104067
-0.0250826
0.00816864
-0.0272023
-0.00261321
0.0052455
-0.00117631
-0.0131275
0.00581175
-0.0114764
-0.0929417
-0.187427
0.153593
-0.128108
-0.0965565
-0.12991
-0.117412
-0.12938
-0.11905
-0.13017
-0.0762315
0.107453
-0.070219
-0.033367
-0.0561043
-0.0549025
-0.0529538
-0.0577276
-0.0595937
-0.0585497
-0.0357336
0.129484
-0.0244389
-0.0567181
-0.0842802
-0.0271437
-0.0481934
-0.0207974
-0.0240588
-0.0243847
-0.198194
-0.121552
-0.0589276
0.121539
-0.0617715
-0.0850204
-0.0808554
-0.0780194
-0.0913649
-0.0893765
0.00035266
-0.0500805
-0.0275461
-0.142637
-0.124369
-0.134706
-0.108021
-0.111825
-0.12915
-0.129377
0.00929444
-0.00846437
0.0108158
-0.0140011
-0.00443341
0.00781009
0.0063261
0.00528301
-0.00284911
-0.000563871
0.157419
-0.0592408
-0.134431
-0.0962481
-0.0467445
-0.0584554
-0.0457926
-0.0473657
-0.0274296
-0.0638716
-0.0939271
0.169325
-0.136936
-0.0190773
-0.0652153
-0.0555042
-0.0796354
-0.0629593
-0.0675155
-0.0862829
0.237995
-0.127721
-0.178978
-0.234092
-0.107509
-0.0978535
-0.0697982
-0.0861242
-0.0887939
-0.0711154
0.092635
-0.118616
-0.135629
-0.0774357
-0.0667123
-0.00212332
-0.0880462
-0.0767673
-0.0842041
-0.08296
-0.0298703
0.0731496
-0.0141936
-0.0194236
-0.0342788
-0.0108865
-0.0128979
-0.0138765
-0.0259013
-0.0161028
0.197225
-0.16071
-0.138554
-0.265809
-0.144673
-0.213139
-0.134341
-0.135975
-0.120031
-0.135611
-0.244636
-0.00490662
-0.232759
-0.186608
0.0543701
-0.229561
-0.183254
-0.177628
-0.179739
-0.183916
0.191092
-0.0724969
-0.166426
-0.168459
-0.0728899
-0.135803
-0.0890675
-0.0718463
-0.0841337
-0.0799078
-0.0611697
0.00121592
0.0228471
-0.0595382
-0.0495023
-0.0362551
-0.0535334
-0.0504055
-0.0363619
-0.0508292
-0.0589081
0.0258606
0.00264688
-0.0152438
-0.0177325
-0.00957324
-0.027569
-0.0160984
-0.0328353
0.00721868
-0.0355474
0.0594292
-0.0801757
-0.0603431
-0.118597
-0.0500431
-0.0392551
-0.0578381
-0.0488813
-0.062966
-0.178863
-0.321938
-0.127122
-0.333757
-0.223244
0.00868386
-0.292564
-0.292228
-0.285671
-0.291146
0.0213113
-0.00391631
0.00857885
-0.0159078
-0.0190935
-0.0177984
-0.0126561
-0.0193093
-0.0407092
-0.00832641
-0.240903
-0.179379
-0.255646
0.00760258
-0.160552
0.106215
-0.142724
-0.136725
-0.147164
-0.128752
-0.222514
-0.058925
0.115796
-0.115398
-0.112053
-0.110439
-0.137078
-0.133917
-0.114901
-0.125407
0.117261
-0.0479845
-0.0960663
-0.145101
-0.0506673
-0.0582052
-0.0577987
-0.0704224
-0.0481952
-0.0657864
-0.206636
-0.182559
-0.254604
-0.203044
0.154074
-0.163139
-0.167903
-0.175706
-0.17359
-0.180739
-0.141323
-0.108003
-0.217099
0.21548
-0.178677
-0.0627299
-0.0928889
-0.102873
-0.0762683
-0.0824262
-0.240648
-0.178753
0.229233
-0.105483
-0.027773
-0.242061
-0.116356
-0.118284
-0.1107
-0.116245
-0.00962576
0.0743618
-0.0347528
-0.00394521
-0.0515934
-0.0206226
-0.0268884
-0.0156816
-0.0273011
-0.0204477
-0.0353119
-0.00450034
0.0256874
-0.00978937
-0.000430043
-0.0265966
-0.0433022
-0.0293692
-0.0186558
-0.0316012
-0.110221
0.183479
-0.12662
-0.103547
-0.0337627
-0.0832853
-0.0972593
-0.0931021
-0.0970857
-0.107386
0.228532
-0.131205
-0.170535
-0.182754
-0.0817279
-0.1083
-0.101689
-0.0840956
-0.0790533
-0.106871
-0.0938992
0.00532658
0.028401
-0.0678805
-0.0609617
-0.0878359
-0.0642496
-0.0702055
-0.0630184
-0.0532691
-0.0917526
-0.102026
0.0483192
-0.102511
-0.142079
-0.130325
-0.138565
-0.132294
-0.12854
-0.114019
-0.0951555
0.213528
-0.160192
-0.0845748
-0.149718
-0.0648343
-0.0830558
-0.0854966
-0.0879712
-0.089619
-0.0959019
-0.0183953
0.0635651
-0.0523118
-0.0596711
-0.0802462
-0.0647229
-0.0642712
-0.0564765
-0.0595063
-0.0604227
-0.00778255
0.0118405
-0.0250829
-0.0336709
-0.033867
-0.0310265
-0.0459643
-0.00365185
-0.0340877
-0.128916
0.0776638
-0.0690743
-0.0519088
-0.100272
0.00949558
-0.0451785
-0.0438471
-0.062937
-0.0444188
-0.0288012
0.0592887
-0.0328379
-0.00819022
-0.0354428
-0.0169705
-0.0318048
-0.0408106
-0.0248902
-0.0471306
0.00487399
-0.00346216
-0.0086713
-0.00439578
-0.00894945
0.00810129
-0.0120396
0.0102136
0.00830424
0.0161763
-0.0699413
0.105591
-0.0227633
-0.0538254
-0.0692478
-0.0447023
-0.0148364
-0.0230145
-0.0360154
-0.0457352
-0.0841129
0.0181439
0.0373353
-0.0844553
-0.0775616
-0.090466
-0.109915
-0.0905941
-0.101103
-0.0850675
-0.102002
0.225382
-0.115792
-0.112777
-0.13
-0.0706437
-0.0905847
-0.0638719
-0.0668716
-0.0776397
0.180787
-0.0451752
-0.151093
-0.144168
-0.0602936
-0.0705087
-0.0404236
-0.0578268
-0.047472
-0.0400574
-0.120067
0.144723
-0.116359
-0.06294
-0.100791
-0.0821167
-0.0979645
-0.0721612
-0.0698213
-0.105352
-7.84094e-05
0.140351
-0.0520496
-0.0897601
-0.135564
-0.0409475
-0.0523886
-0.0438624
-0.0391251
-0.0378772
0.00982353
0.0265145
-0.00488348
0.00644256
0.0028773
0.00279698
-0.00559229
-0.000337471
-0.0178194
-0.00351641
-0.127792
0.202117
-0.0958749
-0.0596477
-0.114699
-0.093109
-0.113019
-0.0917989
-0.113701
-0.113975
-0.0453567
0.0857695
-0.0798095
-0.0539615
-0.0627966
-0.0501458
-0.0452422
-0.0593227
-0.0502638
-0.0381922
-0.0897915
0.0855182
-0.0188381
-0.012428
-0.0090419
-0.0185953
-0.0159377
-0.0184022
-0.037015
-0.00546509
-0.243681
0.103698
-0.295189
-0.00169814
-0.239152
-0.112865
-0.164127
-0.159413
-0.172822
-0.171429
-0.144896
-0.10797
0.170962
-0.246687
-0.0523183
-0.209344
-0.116952
-0.121559
-0.119493
-0.102785
-0.0305158
0.0701818
-0.04922
-0.018045
-0.0352713
-0.0350313
-0.0296558
-0.0475815
-0.039452
-0.0317525
-0.296627
-0.110007
0.0741169
-0.132952
-0.0861558
-0.158421
-0.158529
-0.155564
-0.159182
-0.140489
-0.113782
-0.21484
-0.172274
-0.175151
-0.0563005
0.0903106
-0.152868
-0.158967
-0.148761
-0.154591
-0.229214
-0.162891
-0.224717
-0.143266
0.253303
-0.18293
-0.125656
-0.120749
-0.112417
-0.13161
-0.140633
0.0243562
0.0065896
-0.102201
-0.119047
-0.0960103
-0.118753
-0.115131
-0.0936486
-0.125056
-0.0794366
-0.30499
0.0566754
-0.254408
-0.0355348
-0.25741
-0.179384
-0.180878
-0.193083
-0.19125
0.0101417
0.0149581
-0.0157091
-0.0160491
-0.0201071
-0.00413722
-0.00682165
-0.0213782
-0.00450488
0.00810425
-0.192773
-0.0951295
0.167024
-0.130344
-0.177332
-0.194788
-0.140392
-0.146494
-0.121034
-0.122766
-0.0268187
-0.256038
0.0936264
-0.123427
-0.0709602
-0.220576
-0.125807
-0.134648
-0.129293
-0.142553
-0.27799
-0.227111
0.314392
-0.258466
-0.0997066
-0.203608
-0.146989
-0.136772
-0.164102
-0.14315
-0.0297831
0.084222
-0.0124846
-0.0348917
-0.0643729
-0.0250958
-0.0193092
-0.0503096
-0.0324481
-0.0109954
-0.152493
-0.0905068
-0.158546
0.156518
-0.108984
-0.0482887
-0.0620642
-0.0733907
-0.056957
-0.0721785
-0.155853
-0.0591447
0.063261
-0.0861898
-0.0555946
-0.147887
-0.105917
-0.103262
-0.106304
-0.112881
0.0812094
-0.00741287
-0.120552
-0.0930367
-0.0111982
-0.0260891
-0.0424807
-0.0214778
-0.0138293
-0.0425832
0.0114838
-0.0866566
-0.187618
-0.0290915
-0.0156824
-0.0294437
-0.0559088
-0.0522151
-0.0475345
-0.0674347
-0.113732
-0.0303245
0.0537097
-0.106878
-0.101942
-0.113058
-0.101157
-0.111083
-0.119539
-0.110535
-0.162531
-0.253021
-0.272291
-0.408903
0.190723
-0.225274
-0.194656
-0.195679
-0.194971
-0.184854
-0.0192137
-0.00709489
0.0331512
-0.018159
-0.0803196
-0.0253332
-0.0193152
-0.00118269
-0.0243172
-0.0171014
-0.0221189
-0.0306526
0.0361081
-0.0298071
-0.0446332
-0.042259
-0.0493861
-0.0288811
-0.0477872
-0.0418928
0.11627
-0.210623
-0.197332
-0.14444
0.0493128
-0.13699
-0.0923268
-0.0894555
-0.0959413
-0.0953675
-0.245477
0.0409413
0.0680938
-0.192901
-0.169947
-0.175063
-0.158041
-0.186233
-0.170097
-0.167841
-0.230715
-0.0790703
-0.175752
-0.0303692
-0.288006
0.0457732
-0.125979
-0.119807
-0.116366
-0.106429
0.018901
0.0263647
-0.0302435
-0.0318673
0.00251326
-0.0260118
-0.0141873
-0.0248019
-0.0269284
-0.0244405
-0.103116
-0.196188
-0.137242
0.112612
-0.192271
-0.147513
-0.162568
-0.18285
-0.166626
-0.176651
-0.0522942
0.226672
-0.134751
-0.0870245
-0.088677
-0.0327085
-0.0251541
-0.0328258
-0.035159
-0.0424111
-0.00719712
0.02368
0.00164428
0.00811526
-0.0128768
-0.0151993
0.00722304
-0.00269479
-0.00350029
-0.0127719
-0.274159
-0.2214
-0.0932236
-0.0362195
-0.127532
-0.217364
-0.217014
-0.223331
-0.214807
-0.232958
0.0336336
-0.124862
0.0759491
-0.0493712
-0.0557473
-0.0492016
-0.0523106
-0.0680813
-0.0657932
-0.0721186
-0.113213
0.209982
-0.123612
-0.0357356
-0.152772
-0.0618174
-0.0758244
-0.0660969
-0.0791957
-0.0523998
0.0716995
-0.047254
-0.129546
-0.143039
-0.0649881
-0.12709
-0.095392
-0.121275
-0.106046
-0.125127
-0.346339
-0.191944
-0.10933
-0.266302
0.159023
-0.287781
-0.198506
-0.1993
-0.213623
-0.213158
-0.00676651
-0.018892
-0.00611792
-0.007859
0.023007
0.00511091
0.00137366
-0.00177274
-0.012184
0.00167627
-0.248979
-0.171741
0.218537
-0.188934
-0.116715
-0.145098
-0.145161
-0.142302
-0.156828
-0.151623
-0.0309583
-0.0133075
0.0496984
-0.0325416
-0.0454102
-0.0350611
-0.0237245
-0.0129333
-0.032546
-0.0290027
0.135432
-0.0271764
-0.121825
-0.107154
-0.0304993
-0.050089
-0.0356112
-0.0356681
-0.0432484
-0.0524241
0.101154
-0.0535868
-0.0492473
-0.0716178
-0.0615714
-0.0821525
-0.0570739
-0.0667178
-0.0641439
-0.0687766
0.221063
-0.137753
-0.190276
-0.279373
-0.0731896
-0.128432
-0.124994
-0.120027
-0.10569
-0.111307
-0.162119
-0.184847
-0.105165
0.120923
-0.134633
-0.0870216
-0.116925
-0.118023
-0.106003
-0.111923
-0.204399
-0.249766
-0.33643
-0.233009
0.120839
-0.178933
-0.242666
-0.242434
-0.225733
-0.237107
-0.065261
-0.0111948
0.0219935
-0.0266856
-0.0324524
-0.0362095
-0.0384137
-0.0326575
-0.041188
-0.0401931
-0.14264
-0.164827
-0.173113
0.196572
-0.0881333
-0.0405834
-0.0680232
-0.0794329
-0.0628898
-0.0804699
-0.0728078
0.0217084
0.0128118
-0.0531091
-0.0645632
-0.0383966
-0.0404762
-0.0692329
-0.0597186
-0.06392
-0.097508
0.0568709
-0.0531912
-0.110074
-0.0840918
-0.0898074
-0.111218
-0.105066
-0.120446
-0.10237
-0.0380246
0.00696732
0.0239408
-0.0393905
-0.013351
-0.00583468
-0.0127329
-0.0117954
-0.0206233
-0.0304763
-0.116393
-0.00123062
0.0677331
-0.0640429
-0.0607062
-0.0520601
-0.0699017
-0.0772197
-0.0799597
-0.0688795
-0.0309637
-0.238856
-0.163355
0.0931331
-0.215925
-0.147766
-0.163244
-0.16067
-0.168727
-0.180832
-0.00991686
0.00186845
-0.00782602
0.0041736
-0.00312328
0.0078271
0.0138964
-0.00478986
0.0159633
-0.00788422
0.186486
-0.143779
-0.224221
-0.168678
-0.0834129
-0.121467
-0.105808
-0.119023
-0.113782
-0.102151
0.092308
0.00137334
-0.306927
-0.0362065
-0.165185
-0.126517
-0.134466
-0.134547
-0.129486
-0.150701
-0.135628
-0.068281
0.0715092
-0.0420027
-0.11844
-0.106228
-0.0939527
-0.0981307
-0.106
-0.100852
-0.0467319
0.0491321
-0.0155951
-0.0112412
-0.0148051
-0.0047653
-0.00823829
-0.00967686
-0.00339477
0.00765134
-0.220759
-0.107308
0.17837
-0.197594
-0.110411
-0.167339
-0.170653
-0.170144
-0.1505
-0.146358
-0.343737
-0.283115
-0.00184668
-0.0180589
-0.269478
-0.173224
-0.228244
-0.239523
-0.238338
-0.221016
-0.0271687
0.0180159
0.00135235
0.019375
-0.0162898
-0.00777952
-0.00806501
-0.0147265
-0.00563888
-0.0121549
-0.0339944
0.00539082
0.0182069
-0.0404423
-0.0267774
-0.0289347
-0.035769
-0.0309543
-0.0421271
-0.0323229
-0.115307
0.180856
-0.166805
-0.0437999
-0.146121
-0.10945
-0.119205
-0.122425
-0.118444
-0.119908
0.208519
-0.107354
-0.214919
-0.158308
-0.0590102
-0.0751325
-0.0655764
-0.0522032
-0.0922395
-0.0737527
0.214258
-0.0996754
-0.171258
-0.1926
-0.113517
-0.132251
-0.0977251
-0.0998101
-0.103672
-0.0941582
-0.147012
-0.0374284
-0.0525867
0.0746027
-0.0660563
-0.0252265
-0.0655387
-0.050988
-0.0401908
-0.0580236
-0.0919754
0.26576
-0.103078
-0.0579219
-0.114293
-0.0541422
-0.0671601
-0.0762794
-0.0567343
-0.0477052
-0.0460336
0.0626398
-0.159061
-0.224856
-0.190619
-0.0295781
-0.151437
-0.157814
-0.136758
-0.161807
0.0609364
-0.215093
-0.333738
-0.326307
-0.210372
-0.0465387
-0.227529
-0.229027
-0.233621
-0.240603
0.185129
-0.0725246
-0.191012
-0.0937399
-0.0218285
-0.076914
-0.065987
-0.070004
-0.0659973
-0.067551
-0.128144
-0.125006
-0.112819
0.0544578
-0.219044
-0.112506
-0.128491
-0.122193
-0.14086
-0.127473
-0.0998917
-0.0109194
0.0418781
-0.0334548
-0.0592896
-0.0423577
-0.0475556
-0.0305184
-0.0379754
-0.0235981
-0.0305009
0.0190204
-0.0115051
0.0151506
-0.0018128
-0.010052
-0.0059262
0.00829504
0.00192688
0.00390225
-0.0278831
-0.126601
0.160475
-0.0446626
-0.0424425
-0.0571429
-0.0494696
-0.0599159
-0.0443025
-0.0530243
-0.244366
0.0632465
-0.00478615
-0.244453
-0.263745
-0.238888
-0.257564
-0.25883
-0.244957
-0.253792
-0.0544316
0.0834133
-0.0408606
-0.00464504
-0.0162171
-0.00798913
-0.0225683
-0.00244115
-0.0086099
-0.0143243
-0.111981
-0.129545
-0.0542375
0.0963165
-0.0832188
-0.0799456
-0.0648134
-0.0641573
-0.0721729
-0.0695098
0.150138
-0.0625841
-0.162411
-0.145107
-0.148411
-0.0756167
-0.0991435
-0.135284
-0.115105
-0.104431
-0.0262025
-0.00825089
-0.00329518
-0.00472561
0.000634898
-0.00169418
0.0149464
-0.0097624
0.00433683
-0.0106855
-0.248795
-0.185008
-0.0877207
0.136553
-0.211546
-0.0696414
-0.102387
-0.123846
-0.11201
-0.125171
0.0153692
-0.0935778
0.0548152
-0.0820465
-0.0712575
-0.104335
-0.0720885
-0.0876181
-0.0765843
-0.072724
0.00142477
0.010731
-0.00382081
-0.00684667
0.0156407
-0.00401973
-0.0125588
-0.00120247
0.010441
-0.00363749
-0.159546
-0.16174
-0.104687
0.147097
-0.1253
-0.0704348
-0.0874059
-0.0951237
-0.0888262
-0.0953473
-0.0253182
0.15593
-0.116268
-0.0735009
-0.106692
-0.0790938
-0.0660306
-0.0784342
-0.0747256
-0.071465
0.0761965
-0.0599986
-0.0260497
-0.0752816
-0.0121983
-0.0189583
-0.0117976
-0.00648538
-0.0201741
-0.00317314
-0.0228649
0.0140751
0.0117785
-0.0128213
-0.00720317
-0.00957773
0.00244933
-0.0104487
0.00200308
0.000771749
0.0418944
-0.16987
0.0212647
-0.177198
-0.0883025
-0.129929
-0.128002
-0.134585
-0.113532
-0.10676
-0.0893009
0.190722
-0.148598
-0.106964
-0.131151
-0.103826
-0.109668
-0.106766
-0.111562
-0.116002
-0.160652
-0.177571
-0.113492
0.174121
-0.13545
-0.0574349
-0.0964162
-0.086576
-0.0896695
-0.0842812
0.0978395
-0.0938029
-0.183571
-0.18949
-0.0790462
-0.0876699
-0.0812403
-0.087255
-0.0896189
-0.0760861
-0.0640318
0.0464552
-0.0751983
-0.0463401
-0.110939
-0.0402391
-0.0331896
-0.0439806
-0.0409857
-0.0509143
0.198475
-0.0955914
-0.156473
-0.0570153
-0.061963
-0.0681064
-0.0764823
-0.0682163
-0.0652046
-0.0548263
-0.114896
-0.305171
-0.216469
-0.480379
-0.0437407
-0.353046
-0.333757
-0.334823
-0.343025
-0.351395
-0.181685
-0.0758266
0.180243
-0.175394
-0.0757632
-0.15609
-0.101604
-0.108976
-0.106198
-0.10095
-0.251273
-0.192176
-0.218781
-0.183897
0.261616
-0.200399
-0.162359
-0.139364
-0.130803
-0.148727
-0.35942
-0.117744
-0.260996
-0.218686
0.013708
-0.236114
-0.243371
-0.244456
-0.236541
-0.242417
-0.0385051
0.215236
-0.148438
-0.00951252
-0.195153
-0.0310163
-0.0427728
-0.0535073
-0.0426521
-0.0550077
0.223354
-0.190905
-0.223261
-0.190814
-0.0849992
-0.188874
-0.129817
-0.130952
-0.124837
-0.118073
0.00257142
0.0375006
-0.0185817
-0.00672924
-0.0194957
-0.0170057
-0.0154648
-0.014888
-0.0178324
-0.00405477
-0.200406
-0.14264
0.179653
-0.0887317
-0.0919571
-0.157663
-0.139134
-0.113782
-0.106027
-0.113568
-0.181832
-0.0680858
0.112686
-0.227832
-0.102795
-0.217501
-0.152166
-0.158809
-0.154845
-0.143125
-0.0148941
0.0638663
-0.0247035
-0.0293227
-0.0728354
-0.032769
-0.030078
-0.0386192
-0.0362515
-0.0416969
-0.307684
-0.0955005
-0.179706
-0.211376
0.0505713
-0.196398
-0.216903
-0.208003
-0.202876
-0.196609
-0.097203
-0.062632
0.0181667
-0.0340552
-0.0803375
-0.101987
-0.0910056
-0.0693127
-0.0875893
-0.0848746
-0.0321547
-0.0211278
0.0386122
-0.0380899
-0.0308603
-0.0438114
-0.0379861
-0.051604
-0.0393034
-0.0402884
-0.241983
-0.0759974
-0.138497
-0.118079
-0.18253
-0.191997
-0.219664
-0.237904
-0.238789
-0.245813
0.0855945
-0.102145
-0.167309
-0.0893904
-0.00673553
-0.0401558
-0.0594977
-0.0636278
-0.0483763
-0.0578893
-0.203651
-0.270823
0.100935
-0.236498
-0.193698
-0.330419
-0.260377
-0.250766
-0.249924
-0.263998
-0.146714
-0.166383
-0.14879
0.190079
-0.156487
-0.0489873
-0.0658711
-0.0827031
-0.0742221
-0.0673864
-0.0381336
0.0402564
-0.00240123
-0.00190127
-0.0136617
0.0107384
0.0150238
-0.00174559
0.00502677
0.00113853
-0.0336007
0.0264485
-0.022145
-0.0234976
-0.0079348
-0.0212622
-0.0269386
-0.0201337
-0.021308
-0.0143707
-0.11139
-0.364945
-0.240275
-0.319401
0.0580544
-0.00991821
-0.20026
-0.199488
-0.205984
-0.188547
-0.0689548
-0.141241
-0.085503
0.137664
-0.114684
-0.0577611
-0.0683909
-0.0584834
-0.0642916
-0.0795957
-0.176069
-0.18859
-0.147191
0.199955
-0.164187
-0.0692226
-0.105525
-0.0917093
-0.124923
-0.0979566
-0.147438
0.164528
-0.149302
-0.0421547
-0.136227
-0.146165
-0.135753
-0.118978
-0.122568
-0.114812
0.051126
-0.165407
-0.0316224
-0.214684
-0.118121
-0.170117
-0.18059
-0.149925
-0.157782
-0.151508
-0.239646
-0.122764
-0.226933
-0.156624
0.176483
-0.208837
-0.146844
-0.138955
-0.155121
-0.144498
-0.027544
0.0469637
-0.0082849
-0.00742873
-0.0317314
-0.0124331
-0.0120389
-0.0140888
-0.0159751
-0.0217032
-0.0622363
-0.00997749
0.0415008
-0.0233356
-0.0395436
-0.0459886
-0.0277885
-0.0189927
-0.0448659
-0.0207849
-0.115378
0.236696
-0.116485
-0.0866643
-0.10249
-0.0879359
-0.0858042
-0.099267
-0.0982886
-0.0935608
0.13553
-0.0377997
-0.157333
-0.157168
-0.0360535
-0.0767134
-0.064115
-0.0745521
-0.0501819
-0.0642305
0.000796708
0.0355413
-0.0173538
-0.0184445
-0.0212001
-0.00588972
-0.0309423
-0.0136253
-0.00675794
-0.0325645
-0.00622004
0.00388208
0.0206473
0.0056539
-0.014286
-0.0173253
-0.0216597
0.0119223
-0.00978975
-0.0130124
-0.190941
-0.182581
-0.0851845
0.088527
-0.177867
-0.07426
-0.118514
-0.112235
-0.116172
-0.117801
-0.113706
-0.00693709
0.0199016
-0.0808863
-0.0690106
-0.085718
-0.0766861
-0.0605023
-0.0650173
-0.0670582
0.0600967
-0.0961635
-0.0845667
-0.0277932
-0.155782
-0.0364103
-0.0579327
-0.0885191
-0.0701955
-0.0740469
-0.0970806
0.207347
-0.0605552
-0.0442578
-0.125516
-0.0212126
-0.0559644
-0.0506725
-0.0596639
-0.0589165
-0.062714
0.124915
-0.0491289
-0.102429
-0.0733367
-0.0301134
-0.0130702
-0.024153
-0.0350967
-0.0253399
0.202764
-0.0839006
-0.258214
-0.207421
-0.11663
-0.0799553
-0.0761114
-0.0811901
-0.0745808
-0.0819553
-0.115657
0.276521
-0.162583
-0.108993
-0.172155
-0.0909558
-0.0912353
-0.098965
-0.0858208
-0.0904467
-0.0458627
0.182116
-0.119422
-0.0727732
-0.184609
-0.0359697
-0.0835311
-0.0540926
-0.0794893
-0.0635141
-0.268263
-0.0415734
0.0557258
-0.188478
-0.123335
-0.213433
-0.183446
-0.1783
-0.16086
-0.187243
0.181398
-0.0455721
-0.248235
-0.135543
-0.200906
-0.187916
-0.161344
-0.145962
-0.161356
-0.152566
-0.166638
-0.213026
-0.0571079
0.0962579
-0.18232
-0.092382
-0.125393
-0.113673
-0.118975
-0.131578
-0.000145085
0.0392209
-0.00456171
-0.0269231
-0.0163673
-0.0233023
-0.0220858
-0.0204643
-0.0354917
-0.0377812
-0.0763413
0.0367432
0.00628978
0.00430222
0.00889596
0.000931094
-0.0103086
-0.000891254
-0.0076323
-0.026596
-0.238472
-0.147892
-0.00681889
0.00212527
-0.135648
-0.112899
-0.116159
-0.117567
-0.111936
-0.112603
-0.203899
-0.0758199
0.155384
-0.0577675
-0.0703972
-0.0704653
-0.0646062
-0.0614623
-0.049389
-0.0593026
-0.248142
-0.188491
-0.274731
-0.146992
0.187962
-0.184254
-0.159365
-0.168555
-0.165526
-0.168913
0.0106234
-0.111845
0.0772356
-0.0600616
-0.0865789
-0.071024
-0.0868967
-0.0703894
-0.0917545
-0.0825204
-0.114168
0.164082
-0.125661
-0.0467116
-0.216042
-0.118631
-0.119872
-0.102685
-0.111816
-0.103668
-0.0356681
-0.211906
-0.179841
-0.0226964
-0.210411
-0.131571
-0.190968
-0.204556
-0.182243
-0.204622
-0.0404368
0.0559616
-0.000333806
-0.00969314
-0.00302729
0.00384227
0.000598256
-0.00694347
0.0269466
0.00703605
-0.0138816
0.0559802
-0.016574
-0.0460564
-0.0395769
-0.0418645
-0.0304256
-0.0317047
-0.0330697
-0.0219815
-0.252572
-0.229039
0.278669
-0.204639
-0.0696176
-0.242538
-0.13008
-0.134612
-0.151461
-0.135533
-0.0751129
0.0849549
-0.0263479
-0.0229306
-0.0332007
-0.0238288
-0.018019
-0.0186166
-0.0336562
-0.032243
-0.0406966
0.0028102
0.0235931
-0.0632706
-0.0740386
-0.0735868
-0.0667147
-0.0694579
-0.0562295
-0.0767236
-0.236887
-0.116536
0.186082
-0.134405
-0.180761
-0.1783
-0.103159
-0.107109
-0.103253
-0.119242
-0.276753
-0.174448
-0.120443
-0.366241
-0.0253272
-0.334764
-0.302416
-0.317667
-0.308609
-0.31271
0.101871
0.0126258
-0.33788
-0.0857586
-0.153156
-0.103221
-0.124651
-0.143594
-0.145691
-0.158228
-0.047293
0.0515282
-0.0191642
-0.0110959
-0.00756373
-0.0394772
-0.0235331
-0.0146434
-0.0251892
-0.0276826
-0.000922638
0.00192462
-0.00191794
-0.0119481
-0.0168665
-0.0117292
-0.00952052
-0.0127884
-0.0264259
-0.0143402
-0.0335209
0.24474
-0.102066
-0.0850825
-0.159026
-0.0573877
-0.0523719
-0.0564136
-0.0356616
-0.0708146
-0.153318
-0.167414
0.126179
-0.131282
-0.0863931
-0.151283
-0.116958
-0.098673
-0.116007
-0.110535
-0.0141298
0.0447746
-0.00595202
-0.0175698
-0.0213626
-0.00784839
-0.00923483
-0.0117461
0.000621291
-0.0313467
-0.0832898
-0.0112847
0.0386298
-0.0473722
-0.0333192
-0.0530303
-0.0414595
-0.0526482
-0.0367178
-0.0497448
0.109314
-0.121589
-0.11495
-0.209338
-0.133511
-0.175302
-0.125362
-0.132393
-0.145098
-0.139598
0.222993
-0.098316
-0.136801
-0.1025
-0.0572934
-0.0881635
-0.0623762
-0.0714389
-0.0731378
-0.0692409
-0.212239
-0.105283
0.148484
-0.113938
-0.159723
-0.216625
-0.131702
-0.123264
-0.112181
-0.124863
-0.128819
-0.434896
-0.187833
-0.358088
0.0719248
-0.306466
-0.290647
-0.282638
-0.284507
-0.27713
-0.0276594
0.0872426
-0.04168
-0.0413334
-0.0678215
-0.0570493
-0.0316656
-0.0397912
-0.054305
-0.03616
-0.204003
-0.0982199
0.184744
-0.165906
-0.11912
-0.157922
-0.098604
-0.0991342
-0.113966
-0.111928
-0.140856
0.186135
-0.144267
-0.100446
-0.126542
-0.119744
-0.125838
-0.138428
-0.127287
-0.142271
-0.133556
-0.211906
-0.151923
-0.212185
-0.148316
0.145432
-0.159285
-0.159955
-0.158115
-0.151166
-0.201192
-0.208545
-0.1673
-0.090298
0.245556
-0.0746174
-0.0882499
-0.0793047
-0.0891922
-0.0933453
-0.286748
-0.155981
-0.116504
0.0838174
-0.273855
-0.13488
-0.161409
-0.150248
-0.165513
-0.1732
0.167487
-0.119526
-0.136535
-0.245832
-0.109551
-0.077838
-0.0897478
-0.0811957
-0.0866546
-0.0854663
-0.249953
-0.304627
0.070645
-0.275114
0.01849
-0.205938
-0.19517
-0.187093
-0.206403
-0.216239
-0.0356605
0.00410372
0.00045534
-0.0183122
-0.0495905
-0.030168
-0.0489699
-0.0245024
-0.0312422
-0.0491344
0.175156
-0.0688998
-0.136873
-0.120526
-0.107477
-0.132015
-0.0653334
-0.0713048
-0.0781767
-0.0677394
0.0157752
0.0197442
-0.051255
-0.0459657
-0.0538037
-0.0473938
-0.0330671
-0.0420307
-0.0620212
-0.0564851
-0.12509
-0.155307
-0.10373
0.119726
-0.138394
-0.0603411
-0.072705
-0.088533
-0.0615312
-0.0799875
-0.354336
-0.114848
-0.24362
-0.210826
0.14217
-0.203887
-0.229693
-0.244955
-0.226847
-0.224738
-0.0481799
-0.133911
0.0445068
-0.116141
-0.161146
-0.168318
-0.167252
-0.141711
-0.149924
-0.161954
-0.0050363
-0.000640629
0.0242081
-0.00346956
0.00016668
-0.00263276
-0.00937667
-0.0012665
0.00626604
-0.00505231
-0.0559452
-0.0853272
0.105664
-0.0776717
-0.0410803
-0.0598668
-0.0377863
-0.0590289
-0.0751802
-0.0671205
-0.00105626
-0.00125059
-0.00420582
0.0112735
0.0021673
0.016252
-0.000945695
-0.00985084
0.0234952
-0.00429496
-0.000769778
-0.18985
-0.0384222
-0.17308
-0.148507
-0.188512
-0.188335
-0.189888
-0.1876
-0.203003
-0.174842
-0.123593
0.179263
-0.168863
-0.137525
-0.250406
-0.143871
-0.13052
-0.147535
-0.134017
0.00698885
0.00318411
-0.0558009
-0.0171973
-0.0165786
-0.0115133
-0.0239921
-0.00277705
-0.0167406
-0.0326578
-0.0157814
-0.077814
0.020364
-0.123341
-0.121423
-0.146072
-0.136559
-0.12845
-0.12512
-0.11997
0.22282
-0.0836592
-0.261156
-0.112196
-0.123595
-0.15887
-0.100461
-0.115303
-0.115392
-0.113827
-0.0316209
-0.00887465
0.0137056
-0.0212127
-0.0139632
-0.0413204
-0.0257856
-0.0207728
-0.0278525
-0.0258919
-0.201255
-0.111313
0.154211
-0.161846
-0.0756716
-0.13612
-0.106887
-0.120827
-0.130008
-0.117544
-0.0389342
0.0124117
0.0156151
-0.0276291
-0.0112326
-0.0259484
-0.0212578
-0.0148449
-0.0214661
-0.023064
-0.201126
-0.172001
0.144392
-0.131807
-0.0737484
-0.142357
-0.131615
-0.107461
-0.128488
-0.125791
0.0455526
-0.223888
-0.157511
-0.00144119
-0.109373
-0.125037
-0.142458
-0.161268
-0.161217
-0.147371
-0.0703701
0.260103
-0.151808
-0.106698
-0.205867
-0.0971794
-0.115428
-0.106827
-0.115975
-0.105909
-0.120679
-0.036725
0.0383723
-0.0702689
-0.085573
-0.0704843
-0.0678711
-0.08156
-0.0726651
-0.0885307
-0.105385
-0.339828
-0.248852
-0.112608
-0.442768
-0.130798
-0.295463
-0.307429
-0.306248
-0.29288
-0.0735342
-0.00915089
0.0334923
-0.0552488
-0.0545156
-0.0553699
-0.0596958
-0.0539465
-0.0500304
-0.0433063
-0.12379
0.193843
-0.123475
-0.110104
-0.179673
-0.103603
-0.116697
-0.104546
-0.11129
-0.113099
-0.106497
-0.151141
-0.195185
0.17792
-0.124279
-0.0604291
-0.079656
-0.0824809
-0.0808477
-0.0690907
-0.0748045
0.0225685
-0.0124852
-0.0581367
-0.0547455
-0.0590109
-0.0575432
-0.0651066
-0.0592027
-0.0588859
-0.161653
-0.0993854
-0.087603
0.122848
-0.0538224
-0.0468191
-0.0728668
-0.0584287
-0.0655734
-0.0741088
-0.00487684
-0.00219122
0.012882
-0.00696892
-0.0151908
0.00833106
-0.0145756
-0.0119185
-0.0169805
-0.0168452
0.14675
-0.0850338
-0.217517
-0.0857878
-0.109009
-0.123775
-0.0843973
-0.0907797
-0.0936375
-0.0950615
-0.0761115
0.121231
-0.0437738
-0.0736216
-0.140666
-0.0114361
-0.0276178
-0.03934
-0.0456126
-0.0289207
-0.14687
-0.120617
0.241434
-0.16384
-0.117699
-0.178002
-0.0742896
-0.112404
-0.0931449
-0.117064
0.0171684
-0.00557296
0.00101956
-0.00261346
0.00782428
-0.0230513
0.0217241
-0.0151644
0.000624689
-0.00868346
-0.0940204
-0.00467294
0.0422033
-0.0690672
-0.0850172
-0.0757299
-0.0741546
-0.0748256
-0.0749407
-0.0821129
-0.230353
-0.162805
0.22522
-0.144026
-0.207914
-0.197714
-0.140369
-0.141598
-0.143421
-0.143474
-0.119788
-0.029775
-0.368948
-0.0152279
-0.264137
-0.110644
-0.192531
-0.172175
-0.195716
-0.180992
-0.247423
-0.176799
-0.0746206
0.0931912
-0.170839
-0.0999484
-0.114726
-0.132185
-0.120903
-0.113626
-0.0455445
-0.0354916
0.0416824
-0.00687317
-0.0178087
-0.0229069
-0.00674651
-0.00571619
-0.0323587
-0.000433813
-0.110123
-0.11706
-0.128542
0.162437
-0.136916
-0.0434763
-0.0784096
-0.0671267
-0.0773655
-0.0664295
-0.0175354
0.0508397
-0.00558135
-0.0215907
-0.0273413
-0.0127925
-0.0184164
-0.0192112
-0.0141415
-0.0369317
-0.334465
-0.0139401
0.145602
-0.293963
-0.2071
-0.203501
-0.188178
-0.197322
-0.196472
-0.189073
-0.215696
-0.200013
-0.180185
0.159937
-0.178308
-0.126347
-0.159355
-0.147516
-0.148089
-0.150561
0.230478
-0.160607
-0.227455
-0.159944
-0.110052
-0.172287
-0.126384
-0.126974
-0.125363
-0.121287
0.0126757
-0.147045
-0.0931595
-0.294272
-0.123685
-0.230292
-0.224862
-0.217176
-0.196067
-0.217685
0.012906
-0.0459294
0.0276334
-0.0514837
-0.0940894
-0.104031
-0.0567727
-0.0452523
-0.0557665
-0.0480992
0.000307784
-0.0113924
0.00302944
-0.00583389
0.0239471
-0.0063307
-0.00292235
-0.0243498
-0.00384473
-0.00786687
-0.0799607
-0.191834
-0.216943
0.133201
-0.162508
-0.114011
-0.121164
-0.138005
-0.143695
-0.128641
0.139054
-0.0497933
-0.0877769
-0.108947
-0.0891302
-0.1162
-0.0761007
-0.0706376
-0.0540497
-0.0460803
0.0163828
0.0172006
0.00844259
-0.0351618
-0.00453874
-0.0275573
-0.036846
-0.0154106
-0.0295224
-0.0166922
-0.139188
-0.12809
0.20571
-0.236552
-0.144195
-0.259115
-0.151068
-0.139177
-0.151844
-0.156247
0.12841
-0.0105715
-0.0882069
-0.0658915
-0.0140599
-0.020781
-0.0241324
-0.00926093
-0.0220479
-0.0413854
-0.125078
0.00292608
-0.205013
0.00240437
-0.120456
-0.0019623
-0.0655265
-0.0857795
-0.069769
-0.0777015
0.0327877
-0.197063
-0.0191391
-0.204626
-0.130603
-0.189426
-0.138238
-0.131247
-0.142996
-0.141319
-0.13749
-0.264867
-0.174312
0.168787
-0.212086
-0.156264
-0.17349
-0.182531
-0.168723
-0.154814
0.157248
-0.12472
-0.183549
-0.128555
-0.00287066
-0.112613
-0.0962666
-0.0935152
-0.0820634
-0.0915558
-0.147768
-0.180489
-0.124555
0.165013
-0.163768
-0.119926
-0.142421
-0.152083
-0.150082
-0.142896
-0.269727
0.0726351
-0.256219
0.104153
-0.152504
-0.104744
-0.150214
-0.140429
-0.142296
-0.129015
-0.144283
-0.113411
0.144981
-0.165967
-0.177477
-0.155111
-0.143626
-0.1349
-0.132197
-0.138946
0.0951365
-0.144202
-0.270993
-0.0502085
-0.195574
-0.157723
-0.143833
-0.141454
-0.130526
-0.132469
-0.0538817
0.0213617
0.001673
-0.0445653
-0.052233
-0.0321625
-0.0587125
-0.0469281
-0.0459608
-0.0525005
-0.141118
0.208469
-0.106223
-0.0568926
-0.122994
-0.0546286
-0.0684154
-0.0627099
-0.064757
-0.0518008
-0.0644303
0.167011
-0.166767
-0.0352755
-0.091276
-0.0913535
-0.0677323
-0.0936225
-0.0891394
-0.0913753
-0.00961908
0.0117237
-0.0172939
-0.0170149
0.0164194
-0.0162801
-0.0032896
-0.0170449
-0.00461782
0.00633891
-0.0549043
-0.0224102
0.0454044
-0.0283145
-0.0443502
-0.0322716
-0.0154373
-0.0253371
-0.0165564
-0.0233257
-0.23923
-0.146102
-0.168159
0.117133
-0.0997207
-0.0903838
-0.118826
-0.12368
-0.120559
-0.110028
-0.105407
0.0912914
0.00344642
-0.0245335
-0.00976271
-0.0174274
-0.018671
-0.0137454
-0.0144055
-0.0117125
0.133062
-0.239825
-0.0791889
-0.140234
-0.167557
-0.214621
-0.137666
-0.125433
-0.141067
-0.142353
0.182929
-0.117253
-0.152102
-0.152988
-0.120375
-0.160879
-0.117763
-0.112673
-0.12104
-0.123911
-0.283403
-0.031648
-0.256475
-0.166722
0.0921867
-0.256747
-0.208018
-0.205051
-0.216543
-0.21439
-0.13935
-0.175368
0.151076
-0.144554
-0.0863599
-0.151282
-0.130867
-0.134506
-0.135058
-0.151311
-0.24042
-0.16403
-0.243668
-0.170862
0.260315
-0.152408
-0.129841
-0.131779
-0.135019
-0.124945
-0.275836
-0.139209
0.188602
-0.177015
-0.0843417
-0.140471
-0.118358
-0.12895
-0.122894
-0.148769
0.00486457
-0.00708626
-0.0123379
7.4207e-05
0.0155095
-0.00193193
-0.00480971
-0.0140605
0.00539613
-0.00312088
-0.134189
-0.105421
0.15375
-0.104064
-0.146291
-0.164455
-0.127304
-0.121104
-0.111694
-0.11295
-0.0093716
0.0117714
-0.0122216
-0.00383023
0.00284749
0.00290157
0.000550357
-0.00235275
0.00587696
-0.021599
-0.0912914
-0.220191
-0.157815
0.11991
-0.173943
-0.114533
-0.165045
-0.142181
-0.146483
-0.14505
0.011305
4.01175e-05
0.00258952
0.00129737
0.0128746
-0.00968468
0.0201191
-0.00386383
-0.00946706
-0.00275216
-0.142658
0.250872
-0.134852
-0.0934172
-0.182775
-0.0614009
-0.0930353
-0.077217
-0.0962549
-0.0955459
-0.0593162
-0.244969
0.130954
-0.192229
-0.154895
-0.204375
-0.140786
-0.144535
-0.144773
-0.14408
-0.00580186
-0.0122039
-0.00380723
-0.0060925
-0.000749791
0.0125904
0.0118326
-0.0146393
-0.0241256
-0.0141034
-0.0132737
0.0354723
0.00191231
-0.0246481
-0.000169026
-0.0199275
0.00317445
-0.000651943
-0.00103648
-0.0206141
-0.258229
-0.121661
-0.121414
0.107451
-0.207221
-0.103082
-0.136304
-0.135861
-0.153325
-0.141888
-0.0167853
-0.0202154
-0.0334722
0.0423703
-0.00992896
0.00157233
-0.00467911
0.00415066
-0.00910947
-0.00411266
-0.252192
-0.142523
0.19284
-0.221865
-0.104045
-0.214552
-0.141848
-0.14955
-0.139477
-0.147364
0.158951
-0.0835601
-0.180802
-0.187842
-0.114497
-0.119495
-0.123949
-0.121246
-0.130487
-0.134285
-0.377501
-0.308977
-0.210266
-0.109387
-0.120484
-0.184827
-0.313689
-0.30978
-0.308987
-0.305422
-0.0286822
0.0661497
-0.0238203
-0.0179422
-0.0322844
-0.0199576
-0.0330075
-0.0204655
-0.0206272
-0.0294862
-0.00457722
0.0237186
-0.0132971
-0.0559073
-0.00778094
-0.00881113
-0.0389939
-0.0291257
-0.01116
-0.0307532
-0.0155859
-0.00816465
0.0131567
-0.0102493
-0.00926744
-0.0118119
0.00264329
-0.0135724
-0.00886355
-0.010648
0.0718357
-0.0245923
-0.0218211
-0.0745996
-0.0389342
-0.0875797
-0.0453866
-0.0432459
-0.0298842
-0.0441008
-0.152557
-0.307758
-0.0992008
-0.293146
-0.2245
0.0153981
-0.27442
-0.275428
-0.268443
-0.267416
-0.0541123
-0.244743
-0.272376
-0.252292
0.110771
-0.128655
-0.161854
-0.155478
-0.14731
-0.158027
0.238593
-0.14843
-0.214798
-0.187194
-0.11882
-0.138675
-0.107916
-0.0956525
-0.107993
-0.110702
-0.477272
-0.371838
-0.507343
-0.172247
-0.213813
-0.0463344
-0.353155
-0.355244
-0.368421
-0.35867
-0.0608179
0.0993311
-0.0120757
-0.00886049
-0.0213249
-0.0135647
-0.0301332
-0.0301172
-0.0183641
-0.017054
-0.097545
0.204453
-0.127231
-0.123281
-0.122165
-0.0531594
-0.0789258
-0.0983536
-0.0746386
-0.0730424
0.00800945
-0.00395661
-0.0178955
0.0102722
-0.00199513
0.00683097
-0.00494168
0.00217809
-0.013762
0.00970396
-0.195122
-0.233114
-0.0585537
-0.0202301
-0.350167
-0.20484
-0.273506
-0.273888
-0.270107
-0.275159
-0.154155
-0.184787
0.19308
-0.188383
-0.0627291
-0.102052
-0.0942122
-0.121297
-0.110514
-0.102006
-0.0272587
0.184781
-0.113298
-0.0610776
-0.136155
-0.0118659
-0.0775141
-0.0721862
-0.0648494
-0.072083
0.0380606
0.145206
-0.260457
-0.164279
-0.15037
-0.0720458
-0.134891
-0.1338
-0.120537
-0.125024
0.00573112
0.0180906
-0.00925288
-0.0111502
-0.0105521
-0.0417351
-0.0247062
-0.0218137
-0.0251494
-0.0204809
0.160318
-0.0290961
-0.122768
-0.0933159
-0.0652693
-0.0786899
-0.040574
-0.0574657
-0.0432272
-0.0421066
-0.0207858
0.0271237
-0.00880512
-0.00338519
-0.00096143
0.00822506
0.000735952
-0.00140387
0.00587275
-0.00976343
-0.0750961
-0.192435
-0.17094
0.139259
-0.118358
-0.0771869
-0.093977
-0.109011
-0.115181
-0.104653
-0.116973
0.204742
-0.117911
-0.0892261
-0.112265
-0.0316665
-0.0828916
-0.0626575
-0.0635806
-0.040648
-0.14371
-0.105198
-0.142725
-0.256082
-0.310719
0.0915003
-0.173983
-0.161245
-0.164156
-0.173929
-0.193508
-0.140854
0.1871
-0.186067
-0.0504579
-0.166117
-0.126584
-0.0906291
-0.103362
-0.117407
-0.0787542
-0.0357962
0.0760497
-0.0820829
-0.0845763
-0.0772566
-0.0986734
-0.0764927
-0.0898024
-0.0928775
0.0160138
-0.0204896
0.0165757
0.0077543
-0.0135368
0.00470745
0.00544375
0.0134714
0.000235906
-0.00938842
-0.109533
-0.171274
-0.17051
0.161901
-0.239563
-0.0956867
-0.139798
-0.132197
-0.137274
-0.133443
0.250648
-0.0990978
-0.278058
-0.129344
-0.0984453
-0.168482
-0.0904613
-0.0964854
-0.0850893
-0.0911239
-0.305686
-0.13933
0.253454
-0.229471
-0.0730459
-0.219962
-0.136419
-0.119546
-0.133364
-0.152801
0.00894699
-0.00185822
0.0023046
-0.00685176
0.00934158
0.00730253
0.00765526
0.00650955
0.00361075
-0.00309408
-0.0068663
0.0668644
-0.00209959
-0.0221761
-0.10862
-0.00349446
-0.0199432
0.0052771
-0.00622553
-0.0096544
0.0966793
-0.175044
-0.0968381
-0.0238818
-0.18506
-0.176202
-0.179481
-0.191015
-0.160191
-0.176692
-0.110036
-0.126289
0.14897
-0.0632078
-0.0497902
-0.156472
-0.0949897
-0.0915783
-0.0649381
-0.0898749
-0.0560279
0.209099
-0.0840805
-0.0901622
-0.203811
-0.037518
-0.0560929
-0.0344768
-0.0603872
-0.0598828
0.0974528
-0.122352
-0.0394399
-0.0940803
-0.0260385
-0.0406013
-0.0650938
-0.0641556
-0.0615545
-0.0591066
-0.273555
-0.185603
0.224463
-0.229662
-0.144443
-0.23619
-0.157696
-0.152992
-0.142313
-0.155583
-0.0740157
-0.0274485
0.0570196
-0.0571506
-0.0483939
-0.057674
-0.0518715
-0.0529993
-0.0282189
-0.0555189
-0.14465
0.244305
-0.126129
-0.134459
-0.139329
-0.104181
-0.107493
-0.103175
-0.10915
-0.126278
-0.0132845
-0.0621752
0.000489779
-0.0831092
-0.0442898
-0.0564595
-0.0347922
-0.0476944
-0.0791719
-0.0606583
-0.153436
-0.15773
0.181017
-0.246468
-0.0739737
-0.119874
-0.138334
-0.126184
-0.129973
-0.129061
-0.275259
-0.1489
0.16524
-0.165475
-0.155684
-0.18711
-0.182839
-0.177636
-0.207625
-0.195331
-0.0463849
0.0651778
-0.00936793
-0.0115432
-0.0160533
-0.0304984
-0.03081
-0.0205221
-0.0291637
-0.000704727
-0.200626
0.0255981
0.0776736
-0.128568
-0.114599
-0.154785
-0.139534
-0.128618
-0.134189
-0.126371
-0.123683
-0.22381
-0.136657
-0.199901
-0.124737
0.165757
-0.167612
-0.169289
-0.156756
-0.174489
-0.0894837
-0.0632686
0.0151599
-0.17138
-0.009718
-0.100554
-0.100325
-0.0976897
-0.126004
-0.101948
-0.292017
-0.154725
-0.0662449
0.0822642
-0.190813
-0.119655
-0.147424
-0.140197
-0.145856
-0.122851
-0.0590738
-0.00489201
0.0155583
-0.138857
0.0187951
-0.0337656
-0.0265652
-0.0349551
-0.0155223
-0.00952662
-0.0469503
0.0788763
-0.0313932
-0.0375935
-0.0305912
-0.0317774
-0.0298541
-0.0392427
-0.0297386
-0.0343717
0.0697338
-0.0453523
-0.0516341
-0.0490881
-0.00839844
-0.051214
-0.025811
-0.025887
-0.0317932
-0.0365388
-0.0320067
0.108523
-0.0304566
-0.0950492
-0.080629
-0.0308475
-0.0354615
-0.0472902
-0.0313962
-0.0270847
-0.207788
-0.0888535
0.173489
-0.184956
-0.109269
-0.128755
-0.139048
-0.113612
-0.129186
-0.135861
0.283101
-0.122167
-0.218555
-0.171967
-0.125659
-0.169785
-0.11423
-0.121317
-0.102084
-0.103643
-0.02078
-0.106598
-0.051028
0.0456058
-0.0925552
-0.0828006
-0.0844062
-0.0838606
-0.08289
-0.0627322
-0.188716
-0.107703
0.202203
-0.228046
-0.0708192
-0.155179
-0.11835
-0.129949
-0.135164
-0.129456
-0.018553
-0.020987
0.0509529
-0.0472001
-0.0502548
-0.02354
-0.0615574
-0.0478653
-0.0617126
-0.0447693
-0.0054706
0.000463823
0.000580823
-0.0006825
0.00878928
-0.00538219
0.0182772
-0.0092051
-0.00377153
0.00571912
0.000805324
0.0190523
0.0242979
-0.0183658
-0.0104409
-0.0360075
-0.0195773
-0.0329256
-0.0240732
-0.00895651
-0.126172
-0.124971
0.174498
-0.174884
-0.0867133
-0.156144
-0.101674
-0.109287
-0.113717
-0.109153
-0.205631
-0.158281
-0.219459
-0.152626
0.248767
-0.200792
-0.142537
-0.157806
-0.15824
-0.15793
-0.0182393
0.0534727
-0.0207638
-0.0247055
-0.0161263
-0.0233769
-0.0229872
-0.0146166
-0.0174949
-0.0237077
0.264363
-0.0857428
-0.228183
-0.131387
-0.0964069
-0.127193
-0.0776698
-0.0851951
-0.0939877
-0.0981302
-0.272975
-0.110338
-0.227082
-0.156949
0.214277
-0.258941
-0.179501
-0.172699
-0.16452
-0.164776
-0.0799892
-0.0259572
0.0479371
-0.0609855
-0.0486155
-0.0520118
-0.0391621
-0.0490444
-0.0577248
-0.0599567
-0.165761
-0.132389
0.167941
-0.140324
-0.109249
-0.228258
-0.125939
-0.116598
-0.108544
-0.115863
-0.0305155
0.00616219
0.0177745
-0.000968209
0.0133108
-0.0273552
-0.000126429
-0.00877329
0.00623477
-0.0159508
-0.00148073
-0.029266
-0.000435177
-0.00716249
-0.00520054
-0.00801086
0.00144291
-0.0215937
0.00478688
-0.00124549
-0.0412824
-0.0208482
0.0263191
-0.00741854
-0.0132933
-0.00976664
-0.00578304
-0.0159794
-0.0163044
-0.0334101
-0.168279
-0.200036
-0.125224
0.049413
-0.303263
-0.194753
-0.226568
-0.213264
-0.220992
-0.215701
-0.0535885
0.0967678
-0.000532111
-0.0295939
-0.0217313
-0.0206503
-0.0140135
-0.0295914
-0.0402935
-0.0226576
0.173039
-0.0395015
-0.17517
-0.0852834
-0.0390972
-0.0814356
-0.047801
-0.0608206
-0.0549907
-0.0541481
0.0124552
0.0136111
-0.00751128
-0.00544972
0.00438155
0.00727761
-0.0214802
0.0058044
-0.00756025
0.00628532
-0.121722
-0.0587967
0.0818337
-0.109838
-0.110948
-0.0914781
-0.104106
-0.109411
-0.0993551
-0.113368
-0.136446
0.240736
-0.0931594
-0.0742488
-0.153945
-0.0761821
-0.0788519
-0.083179
-0.0784208
-0.102512
-0.0594823
0.00222207
0.0402108
-0.0444496
-0.0454706
-0.0536923
-0.0316784
-0.028218
-0.0339394
-0.0403836
-0.239107
-0.123465
0.19384
-0.143673
-0.118908
-0.133618
-0.138931
-0.145011
-0.117735
-0.137609
0.0119294
0.00497429
-0.00599926
-0.0251226
-0.0101945
-0.0115577
-0.0105095
-0.0219124
-0.00128621
0.00274977
0.00622352
0.0164089
-0.00801121
-0.0128444
-0.0202436
-0.0115922
-0.00862848
-0.00209029
-0.00947886
-0.0268116
-0.191461
-0.467563
-0.12471
-0.358453
0.0895005
-0.356595
-0.286601
-0.274108
-0.278705
-0.264067
-0.093964
-0.0648188
0.0955105
-0.0652616
-0.0791439
-0.08607
-0.06364
-0.0574821
-0.048958
-0.0551276
-0.220623
-0.149941
-0.169453
-0.113524
0.179708
-0.159713
-0.142159
-0.12904
-0.149871
-0.145587
0.0557185
-0.0188023
-0.115341
-0.0773148
-0.00623382
-0.0309003
-0.0598294
-0.0357065
-0.023963
-0.0277946
-0.0017254
-0.286048
-0.174916
-0.076446
-0.248389
-0.149501
-0.225702
-0.213157
-0.231862
-0.222549
0.00569195
0.0645539
-0.236152
0.00262407
-0.0915941
-0.0932888
-0.117021
-0.0917059
-0.0934671
-0.087836
-0.167044
-0.0247609
0.119435
-0.103105
-0.0540581
-0.0791506
-0.0714741
-0.0710578
-0.0611129
-0.058952
-0.219511
-0.245178
-0.114081
0.0699075
-0.13681
-0.113494
-0.137984
-0.135396
-0.145595
-0.149788
0.114517
-0.0448362
-0.0918193
-0.107428
-0.0307165
-0.0543039
-0.0369981
-0.0419423
-0.0477511
-0.0537565
-0.0781688
-0.0481284
0.0970358
-0.116516
-0.073593
-0.0781972
-0.069002
-0.0773617
-0.0703876
-0.0692676
-0.0247278
0.0219802
0.00396931
-0.00378199
0.00281317
-0.00624653
0.0018452
-0.0126999
-0.0144259
-0.0148316
-0.1358
-0.083784
0.146005
-0.15214
-0.0598003
-0.0940904
-0.0580446
-0.0735914
-0.0953588
-0.0633758
-0.063004
-0.0476606
0.0950609
-0.0423101
-0.0444099
-0.0449887
-0.0394404
-0.026924
-0.0316654
-0.0204194
-0.0466396
0.0534568
-0.0156052
-0.0222427
-0.0320609
-0.0252266
-0.0332251
-0.0275674
-0.0168959
-0.00611205
0.00420147
-0.0122017
0.00944975
0.00449379
-0.00959053
0.00726949
-0.00205546
-0.00115582
0.0177431
-0.0103243
-0.0224214
-0.0141461
0.00132657
-0.0200673
0.00258248
0.0129669
0.00358559
0.00757709
-0.0136153
-0.00258715
-0.207381
-0.186222
-0.219821
-0.152569
0.256367
-0.221604
-0.132036
-0.125498
-0.124344
-0.113617
-0.116542
0.236494
-0.0737552
-0.00703739
-0.0953616
-0.0427513
-0.0287161
-0.0383983
-0.0337497
-0.0359839
-0.0725728
-0.0184048
0.0538161
-0.0427711
-0.0655325
-0.0758883
-0.0825574
-0.0654222
-0.0731574
-0.0556581
-0.350969
-0.0293706
-0.125017
-0.153976
-0.385177
-0.157424
-0.276389
-0.250725
-0.263787
-0.26362
-0.11078
-0.155946
-0.145527
0.172292
-0.142168
-0.0938946
-0.12417
-0.117422
-0.125836
-0.0982897