0.0314899
0.0950872
-0.0405824
-0.034449
0.0372407
0.0250091
-0.143061
-0.0707251
-0.0127084
0.0253259
-0.0849003
-0.202413
0.0396763
0.0571756
-0.298349
0.013992
-0.108036
-0.138932
-0.177368
-0.0419804
-0.0234775
0.0873286
0.118231
0.0413334
0.0251727
-0.065632
-0.0167293
0.173534
-0.119286
-0.459704
0.00299765
-0.572412
0.0441557
-0.143314
-0.054217
0.1579
-0.187303
-0.0639742
0.0609627
-0.294177
-0.0576377
0.118239
-0.427537
-0.124774
0.0246915
0.0106352
-0.0351526
-0.0275617
-0.00997442
0.0471645
-0.0185017
-0.172088
0.021137
-0.0346489
-0.168416
0.0417876
-0.0436385
-0.0448056
0.180683
-0.0235838
-0.02883
0.123075
-0.1157
-0.193102
-0.0732342
-0.0238248
0.067923
-0.0236112
-0.0862605
0.0412353
-0.0403681
-0.0508427
-0.172982
-0.145321
-0.335301
-0.0816336
-0.0417777
-0.0841256
-0.228683
0.091146
0.00229019
0.000312558
-0.0207958
-0.180927
0.0509893
0.116688
-0.0856192
-0.097827
0.0566702
0.014539
-0.0569361
-0.144646
-0.00301669
-0.132201
-0.0607956
-0.0434213
-0.0404786
-5.3304e-05
-0.0649546
0.118395
0.0277422
0.0111604
-0.0228576
-0.0939826
-0.0727137
-0.683882
-0.00991816
-0.253341
0.000111966
-0.123992
0.0126542
-0.117463
0.0249883
-0.00916211
-0.0432883
0.0689624
0.0659637
0.0881309
-0.263015
-0.497825
0.0521414
0.124435
-0.619897
-0.0146571
-0.209574
0.0205083
-0.219687
0.0125216
0.0373212
-0.27
-0.0931743
0.0842711
0.0615136
-0.260356
-0.0105325
-0.0501034
-0.00811236
-0.0254276
-0.0891818
-0.0267187
-0.00213552
-0.0915342
-0.0402369
-0.0246499
-0.00527362
-0.00823617
-0.0206234
-0.0120992
-0.00070483
-0.0134956
-0.0104314
-0.0106136
-0.006975
-0.535908
-0.290481
-0.186942
-0.218301
-0.0819132
0.137411
-0.143601
-0.0957922
0.125734
0.0643733
0.00141918
-0.334017
0.205972
-0.115365
-0.549214
-0.339651
-0.219094
-0.104326
-0.0110182
-0.0155612
-0.12092
-0.00370837
-0.00520874
-0.000789893
-0.0905872
-0.0108066
-0.0368535
-0.111201
-0.0339713
-0.190357
0.0443816
0.0017412
0.00288509
0.0810928
0.0269978
0.0255491
0.00260904
-0.00865287
-0.377642
-0.115357
0.183854
-0.243654
0.00291165
0.0301576
-0.32274
-0.0189808
-0.030348
-0.708743
0.175231
0.0158325
-0.380883
-0.0413181
-0.0252618
-0.153625
0.0394974
0.0128465
0.110538
-0.0611854
0.0843945
-0.0346262
-0.0550859
-0.144353
-0.0513519
-0.10204
-0.087824
0.0629673
0.0335916
0.128271
-0.0835791
-0.073037
-0.0383036
-0.233334
-0.102835
-0.332167
-0.475385
0.0658704
-0.0130256
0.232435
0.0146122
-0.172824
-0.128708
-0.012562
-0.0197489
-0.152657
-0.067721
-0.00122581
-0.0309256
-0.0691098
-0.0442245
-0.02381
-0.00840743
-0.054469
-0.0718566
-0.028415
-0.000171436
-0.035597
-0.0310663
-0.0781147
-0.0232326
-0.123197
-0.0561924
-0.228865
-0.0414001
-0.065958
-1.26474e-05
-0.0420031
-0.166951
-0.114904
-0.121698
-0.246755
-0.232058
-0.108565
0.1264
0.0261256
0.0784442
0.0409456
0.0699301
-0.193778
-0.167987
0.033984
-0.122641
-0.0773754
0.0827484
-0.125299
0.0268356
0.0163247
-0.0327882
0.0914176
-0.0827678
0.132618
0.0369343
-0.195307
-0.0571692
-0.190886
-0.0134598