-0.00608182
-0.00208291
0.0105447
-0.022767
0.00573076
-0.000667093
-0.0108426
0.00751761
0.0027235
0.0066871
-0.190231
0.354057
-0.210517
-0.344894
-0.188836
-0.27064
-0.197552
-0.154007
-0.314434
-0.168511
0.00406279
-0.105612
-0.186851
-0.247043
-0.269178
-0.27458
-0.262599
-0.271921
-0.286207
-0.257253
0.208131
-0.195427
-0.438784
-0.25229
-0.424162
-0.195414
-0.284973
-0.162906
-0.239656
-0.0128076
-0.259067
-0.173795
0.298212
-0.235698
-0.264832
-0.169679
-0.211493
-0.214631
-0.27966
-0.20603
-0.180248
-0.195477
-0.159787
-0.232739
-0.163633
0.143636
-0.173455
-0.178752
-0.231407
-0.175933
-0.0129856
-0.00132044
0.0105057
-0.0244636
-0.0327064
-0.0159191
-0.0220313
-0.0216078
-0.0202245
-0.00687824
0.354809
-0.166624
-0.30322
-0.211381
-0.260398
-0.220436
-0.213825
-0.191935
-0.294117
-0.299383
0.457949
-0.144351
-0.29575
-0.160467
-0.253877
-0.148371
-0.23211
-0.254037
-0.156627
-0.145303
-0.0846181
0.224387
-0.130956
-0.0515359
-0.138962
-0.0265202
-0.0471669
-0.0482865
-0.0557321
-0.0485329
0.00934864
0.0310749
-0.00325302
-0.0186156
-0.0141347
-0.0286249
-0.0295009
-0.0136837
0.000601046
-0.0433989
0.201805
-0.107259
-0.145281
-0.0863595
-0.0716327
-0.0722992
-0.0732063
-0.0710163
-0.0278438
-0.149704
-0.0506576
-0.243442
0.121442
-0.240926
-0.103691
-0.138671
-0.138747
-0.142528
-0.158465
-0.135672
0.0406809
0.000152251
-0.010038
-0.0229246
-0.0328788
-0.0162935
-0.0415582
-0.0219057
-0.0213439
-0.0330861
-0.0015937
-0.0383647
-0.0323928
-0.0254099
-0.0369527
-0.0194503
0.0201646
-0.0518944
-0.0279793
-0.0354355
-0.0157604
0.0163088
-0.0399309
-0.0352777
-0.0117317
-0.0176717
-0.000861035
-0.0322949
-0.0167685
0.0030775
-0.292514
0.273123
-0.194155
-0.287077
-0.284535
-0.252312
-0.231632
-0.333067
-0.372945
-0.24483
0.0128151
0.0310879
-0.0249403
-0.0228951
-0.0151737
-0.00782466
-0.0146774
-0.0221072
-0.00479002
-0.0205857
-0.184417
0.172726
-0.202469
-0.328097
-0.240199
-0.23011
-0.189631
0.0399262
-0.173995
-0.149741
-0.101877
-0.0189513
0.0523102
-0.071267
-0.083516
-0.0833828
-0.0843233
-0.0755529
-0.0620718
-0.069337
0.343865
-0.200445
-0.354813
-0.302636
-0.305377
-0.189896
-0.251791
-0.211973
-0.304161
-0.24331
0.0263676
0.0220438
-0.00238763
-0.0206428
-0.0081878
-0.0158414
-0.0163535
-0.0343397
-0.0214242
-0.0366915
-0.257874
-0.29818
-0.301138
0.268605
-0.232202
-0.23772
-0.242296
-0.217879
-0.199681
-0.184381
-0.902402
-0.97444
-0.880939
-0.946066
-0.348887
-0.96113
-1.02786
-0.982067
-0.534662
-0.0383664
-0.352311
-0.33897
-0.317468
-0.376504
-0.42818
0.163833
-0.251168
-0.360549
-0.478889
-0.129059
-0.000140076
0.00243847
-0.0113415
-0.00404738
-0.0183573
-0.0100013
-0.00103882
-0.00779544
-0.00921645
0.00276316
-0.218151
-0.216219
-0.137451
0.239387
-0.150704
-0.180621
-0.139027
-0.192552
-0.125989
-0.140842
0.00251606
-0.00029393
-0.0120547
-0.000989773
-0.013881
-0.0152612
-0.00430048
0.00578246
0.00120478
-0.0234688
-0.324469
0.0597135
-0.370774
-0.314798
-0.24835
-0.299875
-0.296629
-0.337319
-0.462954
-0.0442233
-0.0590436
0.203697
-0.128939
-0.102769
-0.0714666
-0.0723456
-0.0837714
-0.0630955
-0.0791342
-0.0531864
-0.117212
-0.248506
-0.084718
0.128437
-0.195161
-0.226823
-0.16674
-0.183239
-0.161199
-0.154514
-0.0437745
-0.00880432
0.0193506
-0.0340478
-0.0295976
-0.0190429
-0.0351929
-0.0150922
-0.0418378
-0.045111
-0.585078
-0.30975
-0.57086
-0.366962
0.326164
-0.416539
-0.439857
-0.460023
-0.562752
-0.489221
-0.0399993
-0.00467864
0.0130117
-0.00889771
-0.0257831
-0.0471606
-0.0325184
-0.0365622
-0.0118019
-0.0267466
0.211118
-0.0689519
-0.146665
-0.251108
-0.0963321
-0.146509
-0.0701551
-0.0997197
-0.104166
-0.0994329
-0.177983
-0.170411
0.192147
-0.114563
-0.111372
-0.109306
-0.111459
-0.142448
-0.13236
-0.181087
0.112595
-0.0741088
-0.15596
-0.201173
-0.0340953
-0.0841345
-0.0922471
-0.0826406
-0.0723667
-0.0770599
-0.076427
-0.0634028
0.0614902
-0.037694
-0.0292623
-0.0348429
-0.0336396
-0.0355289
-0.0436713
-0.03321
-0.553399
-0.273927
0.210548
-0.431741
-0.533687
-0.426319
-0.383909
-0.456107
-0.450419
-0.569437
-0.635621
-0.260653
0.0815879
-0.531944
-0.627151
-0.549413
-0.46665
-0.48843
-0.631713
-0.55817
-0.131023
0.143357
-0.0697523
-0.0509593
-0.0414485
-0.0523185
-0.0698123
-0.110514
-0.103658
-0.0720183
-0.810356
-0.293734
-0.769694
-0.294058
-0.778512
-0.628416
-0.773873
-0.242438
-0.680953
-0.749862
-0.483092
-0.0300853
-0.382366
-0.300879
-0.439684
-0.521965
-0.444917
-0.444906
-0.572751
-0.459388
-0.0203695
0.0137226
0.0087253
-0.0166389
-0.0179724
-0.0136728
-0.00730278
-0.0150459
-0.0128315
-0.0247441
-0.0973195
-0.0357487
0.0744714
-0.0433239
-0.0590335
-0.0578827
-0.0394436
-0.0413951
-0.04952
-0.0507483
0.370125
-0.183021
-0.37568
-0.249838
-0.261101
-0.238041
-0.317341
-0.208315
-0.272992
-0.26419
-0.882028
-0.803336
-0.510873
-0.70312
-0.797853
-0.848364
-0.818876
-0.921901
0.00850979
-0.896143
-0.0908342
0.219482
-0.132186
-0.0894749
-0.157101
-0.0851593
-0.0820507
-0.0865399
-0.0672056
-0.0814822
-0.00250442
-0.0496007
-0.276181
-0.0331313
-0.0733156
-0.0982201
-0.119647
-0.117163
-0.100109
-0.116602
-0.252336
-0.225608
0.161539
-0.18705
-0.0770148
-0.155934
-0.168354
-0.138764
-0.154306
-0.144196
-0.457025
-0.367424
-0.447468
-0.345503
0.341207
-0.369716
-0.459898
-0.423137
-0.47561
-0.356595
-0.191562
-0.63134
-0.173077
-0.578013
-0.805682
-0.678455
-0.725762
-0.533229
-0.66164
-0.749431
0.0418511
-0.0668262
-0.0607819
-0.0704673
-0.0661307
-0.0959167
-0.0470268
-0.0667619
-0.0815789
-0.0433282
-0.381703
-0.486801
-0.39415
-0.464265
-0.374896
0.230891
-0.232128
-0.356182
-0.490344
-0.278733
-0.00443755
0.0120101
0.00297969
0.0134807
0.00195844
0.00435312
0.018464
-0.00719613
-0.00149679
-0.00692825
0.255412
-0.124022
-0.217337
-0.177849
-0.123043
-0.183079
-0.0987153
-0.107638
-0.110087
-0.113089
-0.087301
-0.0447599
0.0785726
-0.0590899
-0.0807666
-0.0528719
-0.0528326
-0.0678935
-0.0634641
-0.0518931
-0.164129
-0.107135
-0.08619
0.133532
-0.0708441
-0.0725378
-0.0722973
-0.108087
-0.057819
-0.08436
-0.50773
-0.36004
-0.501443
-0.388282
0.342248
-0.419487
-0.45461
-0.373015
-0.509149
-0.445718
-0.922361
-1.28316
-1.08112
-1.22722
-0.470019
-1.23702
-1.16209
-1.24758
-0.622774
-0.287523
-0.13464
0.361649
-0.166694
-0.121561
-0.269489
-0.121619
-0.128085
-0.147447
-0.196155
-0.114823
-0.331281
-0.482995
-0.729124
-0.638525
0.0344011
-0.559225
-0.439802
-0.503188
-0.637067
-0.479931
-0.30508
-0.557377
-0.393665
-0.479828
-0.279186
0.107933
-0.274806
-0.408722
-0.407034
-0.348088
0.00645271
-0.0771196
0.0317296
-0.0641017
-0.0742819
-0.0869084
-0.0782113
-0.091482
-0.0871799
-0.082622
0.39073
-0.158561
-0.389833
-0.2603
-0.288217
-0.162786
-0.253966
-0.174182
-0.423186
-0.231677
-0.393944
-0.500279
-0.70646
-0.634827
-0.67522
-0.567493
-0.618198
-0.638132
0.0805332
-0.563766
-0.0258968
-0.0246466
0.0087282
-0.0475954
-0.0672178
-0.0658814
-0.0735808
-0.0673721
-0.0734246
-0.0776123
-0.236742
-0.299234
-0.22283
0.236017
-0.219039
-0.264854
-0.232648
-0.294379
-0.229232
-0.215628
-0.342291
-0.42266
-0.316139
0.120074
-0.135374
-0.255132
-0.33331
-0.302439
-0.404026
-0.31357
-0.0855664
-0.0332248
0.0440402
-0.0343012
-0.0475405
-0.0538778
-0.0228264
-0.0447551
-0.062583
-0.0300404
-0.370773
-0.89263
-0.455606
-0.736944
-0.988508
-0.922722
-0.75673
-0.856072
-0.405963
-0.817991
-0.457129
-0.505549
-0.180369
-0.526323
-0.377105
0.113214
-0.356373
-0.525791
-0.509875
-0.367358
0.00986718
0.0292753
-0.00407067
-0.0109934
-0.0142874
-0.0187995
-0.00840969
-0.00493354
-0.000280087
-0.0092735
-0.370304
-0.288913
0.204638
-0.292025
-0.201582
-0.41319
-0.280609
-0.25844
-0.346025
-0.414678
-0.0220168
-0.0123305
-0.00078008
-0.0352538
-0.0238031
-0.0111417
-0.00805337
-0.0200306
0.00911916
-0.00878522
-0.534501
-0.41994
-0.542116
-0.0256676
-0.250635
-0.329839
-0.502438
-0.471854
-0.492047
-0.416861
-0.0182688
0.0345762
-0.0234285
-0.0219
-0.0317964
-0.028108
-0.0362522
-0.0365948
-0.0364231
-0.015345
-0.0397701
0.190244
-0.0803514
-0.0682511
-0.151698
-0.0452485
-0.0621075
-0.0667644
-0.0563179
-0.0423396
0.00551502
0.0400848
-0.019935
-0.0101851
-0.0229459
-0.03556
-0.0356329
-0.033556
-0.0338706
-0.039813
-0.296548
-0.463109
-0.303299
-0.428423
-0.299446
0.199259
-0.314335
-0.320988
-0.413102
-0.317107
-0.306378
-0.480469
-0.293029
-0.486776
-0.2862
0.271183
-0.289936
-0.325788
-0.380692
-0.242533
0.00181506
0.0415478
-0.0230135
-0.029012
-0.0184031
-0.0258683
-0.0253585
-0.0138583
-0.0112747
-0.0347332
-0.0160102
-0.0136396
-0.0194288
-0.0129639
-0.0236302
-0.016467
-0.00468824
-0.0126171
-0.0129168
0.0218023
0.0050151
0.00226415
0.000936371
-0.0159076
-0.01445
0.0100314
-0.0186717
-0.00390694
0.010699
0.0062135
-0.393507
-0.598608
-0.592749
-0.370665
-0.576002
-0.514134
0.287294
-0.444436
-0.528184
-0.569695
0.329049
-0.198485
-0.397646
-0.238953
-0.244913
-0.242842
-0.150667
-0.244759
-0.253859
-0.302251
0.164238
-0.0929881
-0.20564
-0.103684
-0.0261173
-0.104255
-0.061255
-0.0798969
-0.065032
-0.0795631
-0.536493
-0.139795
0.199879
-0.571777
-0.462411
-0.512718
-0.43607
-0.454198
-0.55294
-0.530023
0.268226
-0.248654
-0.459445
-0.235461
-0.228223
-0.177567
-0.294087
-0.218891
-0.184045
-0.221421
0.308622
-0.268255
-0.409562
-0.383805
-0.389137
-0.337712
-0.248846
-0.321259
-0.24904
-0.361495
-0.0631676
0.137749
-0.0319806
-0.101135
-0.0930543
-0.0758277
-0.0594151
-0.0540767
-0.0527375
-0.0630039
-0.1596
0.0517408
-0.129432
-0.0857752
-0.217378
-0.219945
-0.134138
-0.119393
-0.163541
-0.136624
0.0686576
-0.144486
-0.0172793
-0.0792778
-0.0539095
-0.0748492
-0.0672951
-0.0510684
-0.0685412
-0.0650191
-0.058368
0.0107994
0.0285383
-0.0337675
-0.059301
-0.0617089
-0.0535093
-0.0321314
-0.052687
-0.0300179
-0.0434081
0.0699883
-0.0241116
-0.0157564
0.00867872
-0.0105527
-0.0549301
-0.0139365
-0.0309837
-0.0368043
-0.505973
-0.467998
-0.541167
-0.408835
-0.482688
-0.36264
0.434937
-0.413055
-0.491853
-0.444432
0.417252
-0.176972
-0.378812
-0.223493
-0.298767
-0.27923
-0.230845
-0.260511
-0.374587
-0.322425
-0.238866
0.339346
-0.264807
-0.368408
-0.286427
-0.290063
-0.187913
-0.248743
-0.365329
-0.216609
-0.277028
0.259566
-0.257033
-0.369732
-0.268242
-0.297258
-0.26569
-0.229316
-0.380698
-0.263405
-0.396531
-0.33682
0.184515
-0.351923
-0.399599
-0.566495
-0.314055
-0.157067
-0.358055
-0.3456
-0.683166
-0.979742
-0.728821
-0.317597
-0.772404
-0.298174
-0.697563
-0.683043
-0.74453
-0.622978
-0.0392598
-0.0194442
0.0301
-0.0248148
-0.0320274
-0.0327515
-0.0315805
-0.0366978
-0.0311944
-0.0414713
-0.275146
-0.391224
-0.26342
-0.424061
-0.384825
0.13678
-0.383316
-0.34212
-0.412453
-0.322106
-0.175922
0.353529
-0.218844
-0.254324
-0.243131
-0.203592
-0.238716
-0.148698
-0.278402
-0.200322
0.0108837
-0.202188
-0.00820232
-0.22041
-0.127608
-0.156323
-0.164349
-0.16911
-0.144937
-0.150651
0.00328955
-0.00802756
-0.00548237
-0.00316332
-0.000997956
-0.000679668
-0.014541
0.026054
0.00698629
-0.0132367
-0.80123
-0.722835
-0.330885
-0.612228
-0.706629
-0.750066
-0.742746
-0.634502
0.124349
-0.603893
-0.0988566
-0.191574
-0.170149
0.20905
-0.117466
-0.113649
-0.11224
-0.212411
-0.0764464
-0.116993
-0.4628
-0.27803
-0.40452
-0.439695
-0.425441
0.14937
-0.23337
-0.371969
-0.595497
-0.245777
-0.0178631
-0.00165118
-0.0429913
-0.0205083
-0.0159841
-0.0306408
-0.0215755
-0.0310911
-0.0165885
-0.039304
-0.642049
-0.734846
-0.584908
-0.818563
-0.444843
-0.860274
-0.648064
-0.154267
-0.426187
-0.588269
-0.0378211
0.0582053
-0.00891408
-0.0155956
-0.0261434
-0.0328419
-0.0438308
-0.0360961
-0.0335099
-0.0257493
-0.372928
-0.465679
-0.333111
-0.438567
-0.342899
0.22427
-0.226689
-0.3142
-0.433022
-0.182708
-0.279148
-0.227164
-0.169372
0.253396
-0.202953
-0.290077
-0.18293
-0.187339
-0.205847
-0.161534
-0.203849
-0.138086
0.220279
-0.117164
-0.191634
-0.141467
-0.103819
-0.0999849
-0.106782
-0.109935
0.018591
-0.170642
0.0730625
-0.0768946
-0.0763166
-0.100617
-0.0675796
-0.0793191
-0.0909269
-0.0926098
-0.0598082
-0.310763
0.0509957
-0.345894
-0.260624
-0.264429
-0.315474
-0.301383
-0.195027
-0.366298
0.017746
0.00372876
-7.2502e-05
-0.00172017
-0.00182254
0.00105376
0.00354795
0.00550457
0.0102753
0.0136001
-0.208987
0.185836
-0.108244
-0.206008
-0.150407
-0.142209
-0.137171
-0.149766
-0.170277
-0.153512
-0.289012
-0.659678
-0.3646
-0.55412
-0.764387
-0.620067
-0.768962
-0.711576
-0.552035
-0.740651
-0.332309
-0.333809
-0.166178
0.121025
-0.310364
-0.225074
-0.248645
-0.338593
-0.296743
-0.255655
8.34012e-05
-0.00907371
0.0139539
-0.00525973
0.0130774
-0.00196224
0.00066857
-0.00933188
0.0052507
-0.0048862
-0.400082
-0.398093
-0.36111
-0.534637
-0.271721
0.128
-0.380019
-0.448639
-0.367792
-0.356248
-0.0993055
0.244093
-0.154097
-0.112612
-0.180101
-0.062198
-0.108569
-0.101924
-0.0917129
-0.112979
-0.237601
-0.268126
0.328948
-0.21185
-0.117902
-0.286606
-0.162547
-0.247025
-0.289001
-0.20562
-0.314657
-0.247222
0.22974
-0.243221
-0.254716
-0.303759
-0.140981
-0.305445
-0.273958
-0.25432
-0.0498514
0.0633145
-0.00337624
-0.0378861
-0.0291758
-0.0347407
-0.0212745
-0.0178351
-0.0184517
-0.0263437
-0.63779
-0.389247
-0.528484
-0.39351
0.276194
-0.45386
-0.475394
-0.491486
-0.519986
-0.4693
-0.339011
-0.144737
0.25275
-0.286073
-0.327506
-0.263137
-0.249311
-0.257738
-0.255361
-0.240157
-0.472906
-0.384067
-0.481443
-0.376547
-0.447591
-0.44024
0.43694
-0.378399
-0.464443
-0.49363
0.137655
-0.0827231
-0.178943
-0.0650732
-0.0473507
-0.0802573
-0.083165
-0.0750268
-0.0802667
-0.101785
-0.732427
-0.823073
-0.647105
-0.8267
-0.560882
-0.771581
-0.870926
-0.86446
-0.863639
0.114015
-0.21371
-0.406864
-0.126974
0.0313932
-0.416792
-0.391999
-0.368743
-0.368153
-0.376669
-0.329108
-0.183054
-0.289294
-0.208603
0.0867858
-0.265639
-0.120326
-0.193627
-0.271443
-0.197086
-0.187434
-0.360718
-0.277248
0.257032
-0.283194
-0.371962
-0.317314
-0.350308
-0.274577
-0.310064
-0.435795
-0.00354209
0.0387734
-0.0291341
-0.0246625
-0.0321758
-0.0416046
-0.011604
-0.0171375
-0.0283503
-0.0151926
-0.00397375
0.00486444
0.00869239
-0.00987339
-0.0185998
0.00387945
0.0111845
0.00686115
-0.0301756
0.012261
-0.0266958
-0.0210987
0.0248815
-0.00206157
0.00831413
0.0073515
-0.0181277
0.0107197
0.00067909
0.0193394
-0.217912
0.332786
-0.271974
-0.29333
-0.217449
-0.269282
-0.237088
-0.187909
-0.248477
-0.180597
-1.01172
-0.877031
-1.13502
-1.03831
-0.966361
-0.843022
-1.12804
-0.722325
-1.23159
-0.137742
-0.589764
-0.511312
-0.651727
-0.436821
0.397134
-0.45814
-0.48288
-0.447596
-0.523009
-0.424844
-0.147931
-0.118044
0.217651
-0.19978
-0.0946361
-0.103606
-0.118571
-0.0831527
-0.110099
-0.10756
-0.437431
-0.492051
-0.353824
-0.527768
-0.299938
-0.554064
-0.426684
0.299115
-0.552556
-0.350705
-0.167306
-0.105436
-0.123162
0.118332
-0.0726536
-0.0729063
-0.0964469
-0.0730186
-0.074973
-0.0721783
-0.539394
-0.353912
-0.479728
-0.355918
-0.476519
-0.384087
0.417946
-0.413335
-0.391455
-0.406813
-0.10325
0.203636
-0.118612
-0.0599977
-0.134943
-0.0549082
-0.0894913
-0.0737627
-0.0836246
-0.0962563
-0.265024
-0.452555
-0.294234
-0.43799
-0.218044
0.142937
-0.318816
-0.313966
-0.379614
-0.280106
-0.0702886
-0.0318879
0.0674883
-0.0640756
-0.0619596
-0.0597581
-0.0480551
-0.0804923
-0.062514
-0.059521
-0.00322708
0.0321426
-0.0418964
-0.0414001
-0.022256
-0.0473931
-0.0345528
-0.0483539
-0.0388533
-0.031466
-0.122614
-0.633834
-0.681336
-0.527314
-0.574589
-0.583607
0.0152982
-0.518655
-0.624319
-0.743811
-0.156982
-0.329761
0.21851
-0.351252
-0.338672
-0.327117
-0.435165
-0.35847
-0.411445
-0.428918
-0.0279579
0.051429
-0.0090081
-0.0136835
0.00121593
-0.023046
-0.0147744
-0.0132433
0.00282499
-0.0216273
-0.91719
-0.912114
-1.07194
-1.07771
-0.819622
-0.793036
-0.88765
-1.02368
-0.732863
-0.0752925
-0.266298
-0.714326
-0.740848
-0.50288
-0.774883
-0.651929
-0.0897864
-0.700867
-0.635013
-0.77046
0.041542
-0.0973475
-0.0560053
-0.0735406
-0.0916224
-0.0926879
-0.0911385
-0.0992125
-0.100667
-0.0971859
-0.230862
-0.60518
-0.481019
-0.487644
-0.606642
0.0407257
-0.469257
-0.407988
-0.579847
-0.390866
-0.185318
-0.261415
-0.116194
-0.324408
-0.510608
-0.321811
-0.355218
-0.41985
-0.426121
-0.452806
-0.149155
-0.0259197
0.0524493
-0.10649
-0.0866992
-0.103689
-0.0821832
-0.0831673
-0.102525
-0.0972131
-0.261358
-0.539405
0.124805
-0.530123
-0.579729
-0.515744
-0.661477
-0.510331
-0.574166
-0.674196
-0.0590051
-0.670857
-0.852309
-0.644604
-0.690274
-0.693712
0.0233301
-0.685151
-0.590085
-0.795729
-0.0488311
0.000266644
0.0595821
-0.0378456
-0.040292
-0.0400453
-0.0393115
-0.0316688
-0.0284444
-0.0476791
-0.196967
-0.0556037
-0.0393822
0.0228522
-0.113902
-0.0680759
-0.0722209
-0.0694314
-0.0861075
-0.0838334
-0.157844
0.282028
-0.34913
-0.308656
-0.262467
-0.327707
-0.324998
-0.260493
-0.374384
-0.295123
0.378951
-0.211077
-0.385487
-0.155229
-0.271185
-0.300921
-0.275488
-0.275638
-0.350106
-0.261468
-0.704106
-0.716237
-0.789228
-0.695108
-0.395256
-0.711846
-0.733901
-0.754749
-0.720362
0.185095
-0.360618
-0.422506
-0.207041
0.138157
-0.367017
-0.446406
-0.353682
-0.354501
-0.28778
-0.314908
-0.0999673
0.00993471
0.0111575
-0.0937822
-0.0890035
-0.110811
-0.0772713
-0.0894621
-0.0762357
-0.0971653
-0.261532
0.338126
-0.203683
-0.291961
-0.212459
-0.266159
-0.257688
-0.233675
-0.312138
-0.241588
-0.506544
-0.772463
-0.976333
-0.697531
-0.832349
-0.518781
-0.803265
-0.753718
-0.130703
-0.869028
-0.54242
-0.429332
-0.547143
-0.271695
-0.517533
0.0628759
-0.395128
-0.526102
-0.407218
-0.393993
-0.0274698
-0.0169779
-0.0221442
0.0311502
-0.00677736
-0.0368672
-0.0278273
-0.0230618
-0.0321108
-0.0209695
-1.01879
-0.816727
-0.915982
-0.487905
-0.941629
-0.741399
-1.00949
-0.612983
-0.0291573
-0.911303
-0.0710941
-0.00856553
0.014649
-0.0323025
-0.0500524
-0.038259
-0.0619001
-0.0435712
-0.0231895
-0.049696
0.0798202
-0.341977
-0.23372
-0.0522379
-0.258826
-0.248841
-0.267268
-0.26173
-0.227244
-0.272874
-0.0772621
0.149088
-0.107489
-0.0377416
-0.0531068
-0.047999
-0.0550683
-0.0559963
-0.0454751
-0.0470427
-0.16139
-0.0767665
0.0930419
-0.131007
-0.0977249
-0.106264
-0.107031
-0.0923392
-0.109595
-0.095864
-0.205044
0.278844
-0.258572
-0.375123
-0.275703
-0.300629
-0.188513
-0.222053
-0.394048
-0.209827
0.106375
-0.412375
-0.426654
-0.137613
-0.45057
-0.31454
-0.347975
-0.35734
-0.343589
-0.432191
-0.328609
-0.198143
-0.237668
-0.334181
-0.0695675
-0.367975
-0.31636
0.0180225
-0.417014
-0.31662
-0.0895073
0.0142704
0.0237287
-0.0330656
-0.0611978
-0.0690059
-0.0768332
-0.0591033
-0.0501126
-0.0757083
0.291121
-0.234548
-0.256413
-0.173794
-0.229605
-0.150566
-0.138865
-0.190835
-0.264546
-0.173719
-0.0719156
-0.188998
0.13428
-0.130479
-0.0616975
-0.123703
-0.114137
-0.0927418
-0.101599
-0.105072
0.00686813
-0.00450993
0.00495678
-0.00299189
-0.00597639
0.00254868
-0.00269438
-0.0017745
0.00974516
-0.0112607
-0.332985
-0.754949
-0.489176
-0.837787
-0.610873
-0.890306
-0.669311
0.00247697
-0.737448
-0.606893
-0.457677
-0.0858279
-0.494153
-0.43916
-0.466753
-0.0146805
-0.3884
-0.544544
-0.470578
-0.451635
-0.889351
-0.842802
-0.413824
-0.722132
-0.810216
-0.810568
-0.904548
-0.805799
-0.0195269
-0.806144
0.00893643
0.029756
-0.0387488
-0.0249357
-0.0344532
-0.00612344
-0.0124877
-0.0160827
-0.0227029
-0.0068707
-0.319236
-0.718181
-0.280071
-0.742243
-0.701659
-0.687195
-0.946704
-0.722939
-0.830388
-0.90161
-0.00213453
-0.000863401
-0.00522309
0.00622475
-0.006268
0.00267739
0.00493724
-0.0139898
0.0195335
-0.00465917
-0.0713604
0.0216674
0.00227105
-0.0326051
-0.0157927
-0.0425721
-0.0395417
-0.0500438
-0.0466195
-0.0495725
-0.169275
0.256306
-0.166899
-0.233221
-0.125703
-0.118078
-0.129957
-0.0954985
-0.160479
-0.125436
-0.013114
0.0061886
0.00716663
-0.0092595
0.00415841
-0.00319539
-0.00802215
0.00380376
0.00605923
0.0168577
-0.0270921
0.0152908
0.0161167
-0.0355806
-0.0555835
-0.0554063
-0.0559754
-0.0468902
-0.0528374
-0.0448957
0.00249476
0.0185
-0.0109561
-0.0135276
-0.0114934
-0.0242163
-0.0221682
-0.0181901
-0.0203594
-0.0175359
-0.0259784
-0.025614
-0.0540281
-0.00186215
-0.0391924
-0.0330031
-0.049347
-0.0449231
-0.0314675
-0.0451769
-0.221739
-0.259324
-0.032123
0.0167352
-0.216096
-0.188915
-0.22146
-0.215277
-0.206336
-0.211332
-0.0460592
-0.0966285
0.0299686
-0.176561
-0.132811
-0.148759
-0.191645
-0.160098
-0.14547
-0.156648
-0.354288
-0.614532
-0.400859
-0.51383
-0.399396
0.191115
-0.345862
-0.462354
-0.527591
-0.401635
-0.26229
-0.275538
-0.19004
0.190733
-0.226163
-0.36015
-0.266445
-0.236255
-0.200874
-0.167465
-0.191987
-0.181389
0.208118
-0.183875
-0.0844259
-0.118418
-0.132194
-0.109327
-0.134115
-0.126995
-0.238935
-0.299794
-0.311367
0.204018
-0.300746
-0.370138
-0.285134
-0.38318
-0.331839
-0.245659
0.431923
-0.198384
-0.295876
-0.230142
-0.275086
-0.178018
-0.29508
-0.243965
-0.324871
-0.377566
-0.168694
0.187168
-0.124768
-0.26802
-0.177836
-0.282948
-0.112742
-0.148201
-0.190779
-0.12465
-0.183505
-0.191415
-0.221279
0.205524
-0.223415
-0.195041
-0.189442
-0.228487
-0.221386
-0.154578
-0.401238
-0.485088
-0.528515
-0.29713
0.361062
-0.263092
-0.407898
-0.296424
-0.351211
-0.266321
-0.205805
-0.254205
0.307384
-0.310373
-0.196877
-0.21577
-0.240111
-0.217148
-0.264274
-0.324091
-0.113486
-0.142202
0.138661
-0.11555
-0.0878748
-0.0829554
-0.0878205
-0.0740716
-0.0934256
-0.0874977
-0.996827
-1.05935
-0.979157
-0.517571
-0.883229
-0.42265
-0.892601
-0.611673
-0.866744
-0.857092
-0.0449408
-0.126701
0.0614804
-0.192209
-0.0880199
-0.120156
-0.104312
-0.111908
-0.117991
-0.123128
-0.295979
0.411429
-0.285346
-0.382732
-0.319775
-0.306646
-0.258086
-0.248092
-0.371298
-0.225782
-0.157139
-0.213317
0.225321
-0.155505
-0.118628
-0.127179
-0.115638
-0.140473
-0.133549
-0.134339
-0.0971209
-0.00349288
0.0101049
-0.0500314
-0.0661282
-0.0691668
-0.0563772
-0.065342
-0.0667689
-0.0585076
-0.0238773
-0.147258
-0.0364986
-0.141564
-0.132917
-0.160933
-0.122809
-0.119795
-0.142269
-0.128813
-0.894525
-0.802338
-0.758472
-0.399022
-0.788423
-0.354666
-0.87591
-0.811151
-0.760765
-0.691746
-0.107917
-0.293931
-0.169248
0.0394697
-0.223758
-0.281819
-0.226582
-0.239221
-0.20131
-0.219444
-0.318711
-0.309861
-0.130855
0.163604
-0.274379
-0.357037
-0.260939
-0.310807
-0.259985
-0.244783
-1.05569
-0.8958
-0.945893
-0.493812
-0.999641
-0.608625
-0.908025
-0.755461
-0.015257
-0.952103
-0.0471105
0.00672508
0.013114
-0.0326484
-0.0314498
-0.0221438
-0.0207289
-0.028866
-0.0456289
-0.0432171
0.0749081
-0.04902
-0.0685916
-0.143997
-0.0128605
-0.0551896
-0.0399409
-0.0602184
-0.0355972
-0.0506842
0.16311
-0.0992302
-0.132062
-0.0875013
-0.0656854
-0.0849795
-0.0992095
-0.105228
-0.0924093
-0.0972041
-0.193503
-0.248478
-0.233924
0.280662
-0.249053
-0.236307
-0.188143
-0.23445
-0.26423
-0.144858
-0.837505
-0.84027
-0.822633
-0.842648
-0.372042
-0.846215
-0.872053
-0.885635
-0.523875
0.00884398
-0.610463
-0.446365
-0.614064
-0.414049
0.383825
-0.486092
-0.531502
-0.537439
-0.601906
-0.515505
-0.0350749
0.00623542
0.028032
-0.0329936
-0.0242771
-0.0197921
-0.0266228
-0.0264332
-0.0196568
-0.00649865
-0.0547842
-0.0187576
0.04178
-0.0306599
-0.0410648
-0.0372217
-0.0409482
-0.04153
-0.0333274
-0.0557335
-0.0341266
0.010418
0.0127037
-0.0114488
-0.00222112
0.00485789
-0.0271099
-0.0125135
-0.00825814
-0.0144228
-0.0306973
0.125863
-0.0845639
-0.0538777
-0.0765852
-0.0372672
-0.0498432
-0.0322815
-0.0280953
-0.013053
-0.0413981
0.0774479
-0.0341144
-0.0479318
-0.026478
-0.0267041
-0.046114
-0.0361185
-0.0587906
-0.0366188
-0.0499182
0.0436066
-0.0230943
-0.018629
-0.025474
-0.0186111
-0.0219026
-0.0192995
-0.0179752
-0.0226036
-0.128959
0.22939
-0.0954255
-0.0587194
-0.105216
-0.0816221
-0.0774406
-0.0757018
-0.0672656
-0.0776701
-0.55359
-0.427215
-0.39026
-0.457366
-0.390287
-0.460271
0.365509
-0.387438
-0.515411
-0.475472
-0.132108
-0.335271
-0.199649
0.126971
-0.335143
-0.396633
-0.323568
-0.332475
-0.32094
-0.303709
-0.14072
0.296521
-0.230607
-0.153194
-0.212199
-0.132072
-0.184249
-0.190938
-0.213271
-0.172567
-0.408221
-0.516498
-0.316498
-0.528705
-0.338788
-0.503373
-0.341194
0.317283
-0.548338
-0.381122
-0.109753
-0.202707
0.120561
-0.136653
-0.113491
-0.161048
-0.13425
-0.126148
-0.079199
-0.14633
-0.0762315
0.107453
-0.070219
-0.0333699
-0.0561043
-0.0548992
-0.0529538
-0.0577279
-0.0595937
-0.0585497
-0.46892
-0.235456
-0.400557
-0.458024
-0.309757
-0.441854
-0.411672
-0.426455
-0.53685
-0.0511236
-0.198195
-0.121598
-0.0649599
0.111934
-0.0617794
-0.0742134
-0.0810658
-0.0763315
-0.0915245
-0.0893826
-0.0414922
-0.258537
-0.102211
-0.263999
-0.431064
-0.268612
-0.334949
-0.402885
-0.31963
-0.326492
-0.00169231
-0.012808
-0.0020426
-0.0175803
-0.0231069
0.0113121
9.22567e-05
-0.0306354
0.00212178
-0.00175623
0.150431
-0.0592448
-0.134657
-0.0962505
-0.0467787
-0.0585723
-0.0383526
-0.0476485
-0.0274395
-0.0638805
-0.0940513
0.167567
-0.137109
-0.0195409
-0.0636088
-0.0551364
-0.0771531
-0.0632171
-0.0662629
-0.0900683
-0.625784
-0.916424
-0.93153
-0.992635
-1.0086
-0.950983
-0.792648
-0.854653
-0.0931839
-0.489703
0.0889907
-0.118616
-0.135629
-0.0774358
-0.0667126
-0.0021238
-0.0875454
-0.073622
-0.0842051
-0.0829603
-0.0398605
0.0576349
-0.0191677
-0.0227174
-0.0414165
-0.0231007
-0.0154168
-0.0209947
-0.0286792
-0.018304
0.361353
-0.239402
-0.229073
-0.314525
-0.254323
-0.27048
-0.214491
-0.276715
-0.240075
-0.258845
-0.409663
-0.174696
-0.396446
-0.283438
0.248621
-0.319492
-0.380238
-0.336923
-0.36859
-0.332547
0.411936
-0.239131
-0.415686
-0.311022
-0.305145
-0.266039
-0.321588
-0.199243
-0.376963
-0.281564
-0.0611192
0.001192
0.0224257
-0.0596317
-0.0496615
-0.0362744
-0.0536044
-0.0496317
-0.0363871
-0.0508557
-0.0618572
0.0254869
-0.00173355
-0.015749
-0.0188375
-0.00721461
-0.0276661
-0.0168776
-0.0336593
0.00896299
-0.0843221
0.1371
-0.135167
-0.202982
-0.143208
-0.0981931
-0.0909653
-0.094551
-0.104843
-0.091336
-0.190893
-0.355547
-0.150162
-0.332609
-0.235241
-0.00942241
-0.31959
-0.301074
-0.290232
-0.300269
0.0173191
-0.00416543
0.0096069
-0.0162049
-0.00926784
-0.0179688
-0.013163
-0.0195753
-0.0378999
-0.0211097
-0.629985
-0.659578
-0.639563
-0.275924
-0.5739
-0.031051
-0.573992
-0.426793
-0.556244
-0.488635
-0.22017
-0.059615
0.11333
-0.117207
-0.110498
-0.111088
-0.137413
-0.13623
-0.116369
-0.127298
0.114108
-0.048034
-0.0961232
-0.145113
-0.0508032
-0.0587961
-0.0551414
-0.0678021
-0.0482585
-0.0660149
-1.04846
-1.19751
-1.06383
-1.17946
-0.662112
-1.11392
-0.420435
-1.09959
-0.412204
-1.04182
-0.142266
-0.110361
-0.221441
0.207281
-0.181323
-0.0464533
-0.110752
-0.103854
-0.0773859
-0.0834655
-0.488875
-0.392806
0.303189
-0.288388
-0.228722
-0.369767
-0.315483
-0.307737
-0.317592
-0.437096
-0.414429
-0.0705987
-0.522827
-0.251267
-0.438304
-0.606417
-0.44382
-0.146592
-0.499136
-0.451098
-0.0327241
-0.00450408
0.025353
-0.00979371
-0.000714501
-0.026622
-0.0453697
-0.0303845
-0.0186677
-0.0316102
-0.122378
0.20672
-0.14902
-0.158827
-0.0503934
-0.118101
-0.152398
-0.0996422
-0.140595
-0.124234
0.433287
-0.289438
-0.420459
-0.312012
-0.269501
-0.249707
-0.339618
-0.333291
-0.274434
-0.369783
-0.0939031
0.00532653
0.0279593
-0.0678805
-0.0613933
-0.0878359
-0.0633521
-0.0702286
-0.0630184
-0.0532691
-0.400236
-0.828678
-0.389617
-0.774517
-0.834169
-0.801476
-0.266886
-0.790244
-0.370904
-0.871309
-0.249091
0.142611
-0.303285
-0.44016
-0.292371
-0.279567
-0.276235
-0.0618013
-0.391087
-0.242538
-0.10119
-0.0215193
0.0599615
-0.0574988
-0.064803
-0.0823862
-0.0792445
-0.0659034
-0.0561367
-0.0549885
-0.0604227
-0.00778255
0.0118405
-0.0250829
-0.0336709
-0.033867
-0.0310265
-0.0459643
-0.00365185
-0.0340877
-0.745754
-0.474847
-0.767479
-0.580209
-0.78507
-0.372806
0.170648
-0.708162
-0.731667
-0.767306
-0.028803
0.0561218
-0.0328914
-0.00819709
-0.0354484
-0.0169826
-0.0318059
-0.0375861
-0.0248985
-0.0471387
-0.644299
-0.690675
-0.728675
-0.699454
-0.419562
-0.704747
-0.685566
-0.715846
-0.557155
0.222842
-0.0731926
0.106959
-0.0195659
-0.0692299
-0.0696167
-0.0497472
-0.0071191
-0.0182369
-0.0404762
-0.046195
-0.0841133
0.0181417
0.0365882
-0.0872309
-0.0768109
-0.0876909
-0.109916
-0.0905939
-0.101104
-0.0850694
-0.132212
0.27646
-0.161948
-0.215573
-0.159347
-0.145009
-0.184856
-0.0672137
-0.099903
-0.109341
0.382402
-0.168146
-0.371831
-0.241298
-0.244743
-0.16149
-0.202069
-0.232147
-0.29496
-0.212145
-0.12008
0.139437
-0.116368
-0.0629524
-0.100794
-0.0816109
-0.0979742
-0.0699537
-0.067204
-0.105361
-0.000218006
0.137613
-0.0516791
-0.0898052
-0.135677
-0.0409847
-0.049447
-0.0440197
-0.03918
-0.0379149
0.00845438
0.0253639
-0.00556886
0.005878
0.00195906
0.00121956
-0.00135698
-0.000987393
-0.0184481
-0.0040837
-0.127826
0.199093
-0.0958875
-0.059669
-0.117854
-0.0931228
-0.110428
-0.0920829
-0.110712
-0.113993
-0.0454048
0.0821639
-0.0798682
-0.0540833
-0.060759
-0.0502155
-0.0453366
-0.0538605
-0.051166
-0.0408124
-0.0897917
0.0855177
-0.0188383
-0.0124285
-0.00903532
-0.0185957
-0.0159382
-0.0184026
-0.0370158
-0.0054682
-0.676277
-0.289431
-0.716933
-0.285783
-0.661131
-0.710743
-0.67579
-0.234269
-0.649301
-0.597601
-0.152874
-0.113475
0.152415
-0.24251
-0.0627937
-0.213835
-0.128995
-0.10543
-0.123364
-0.105771
-0.0305287
0.0693672
-0.051906
-0.0180556
-0.0353065
-0.035047
-0.0296602
-0.0447778
-0.0394774
-0.0317785
-0.804118
-0.746694
-0.478193
-0.715627
-0.391893
-0.868334
-0.381627
-0.853823
-0.841354
-0.936284
-0.355472
-0.526459
-0.359703
-0.496027
-0.306907
0.120768
-0.209238
-0.392911
-0.525359
-0.283752
-0.479224
-0.400497
-0.482111
-0.316307
0.459278
-0.367746
-0.406793
-0.390531
-0.425534
-0.345891
-0.140513
0.0239896
0.00439278
-0.102333
-0.116906
-0.0961573
-0.119052
-0.115285
-0.0931918
-0.124921
-0.234317
-0.386474
0.103907
-0.339511
-0.209989
-0.333858
-0.321241
-0.275928
-0.243336
-0.302578
0.00934598
0.0139839
-0.0192883
-0.0163504
-0.0208039
-0.00432804
-0.0084646
-0.016292
-0.0033471
0.00738911
-0.322904
-0.218886
0.291875
-0.219852
-0.32861
-0.269206
-0.261701
-0.280119
-0.267628
-0.272025
-0.351567
-0.435932
0.321505
-0.317803
-0.393513
-0.35229
-0.448502
-0.408929
-0.339489
-0.457247
-0.376482
-0.285896
0.341986
-0.303348
-0.280531
-0.242426
-0.187595
-0.219536
-0.257348
-0.293771
-0.0671902
0.116621
-0.0597857
-0.0936391
-0.101897
-0.0887101
-0.0635805
-0.0689562
-0.0628837
-0.0406323
-0.225094
-0.163648
-0.256156
0.225731
-0.189633
-0.172895
-0.140493
-0.251748
-0.191025
-0.143303
-0.14652
-0.0632098
0.0624248
-0.0967838
-0.0434074
-0.149163
-0.146976
-0.113415
-0.111193
-0.114732
0.0773579
-0.00755231
-0.120802
-0.0933891
-0.0129783
-0.027543
-0.0414131
-0.0186564
-0.0140957
-0.0428499
-0.541021
-0.557655
-0.730321
-0.510284
-0.634843
-0.436287
0.250084
-0.531168
-0.407782
-0.511767
-0.117857
-0.0303947
0.0519141
-0.106961
-0.105129
-0.113104
-0.101526
-0.102315
-0.120787
-0.112634
-0.45593
-0.513952
-0.59411
-0.567541
0.403235
-0.425078
-0.469523
-0.516067
-0.577163
-0.453179
-0.394184
-0.525576
-0.201671
-0.564675
-0.400403
-0.525542
-0.438172
0.250722
-0.598635
-0.367092
-0.0221231
-0.0306569
0.0360697
-0.0298262
-0.0446773
-0.042271
-0.0493877
-0.0287394
-0.0477962
-0.0419018
0.0736059
-0.30531
-0.404155
-0.232373
-0.0306693
-0.243447
-0.19707
-0.15872
-0.191765
-0.184218
-0.490638
-0.0735617
-0.00523085
-0.429863
-0.395944
-0.485296
-0.433366
-0.345553
-0.477785
-0.427538
-0.995156
-0.885031
-0.914522
-0.629128
-1.06897
-0.552867
-0.902757
-0.830039
-1.02675
-0.166131
0.0105775
0.0217215
-0.0338071
-0.0317
-0.00159473
-0.021054
-0.0130705
-0.0275093
-0.0300533
-0.0275495
-0.106264
-0.19789
-0.13939
0.107347
-0.194165
-0.142319
-0.159411
-0.191386
-0.166163
-0.178719
-0.248638
0.121552
-0.3174
-0.499804
-0.298441
-0.300421
-0.243401
-0.0819662
-0.25581
-0.254883
-0.00754515
0.023444
0.000898144
0.00731324
-0.0126195
-0.0148745
0.00681492
-0.00283347
-0.00155195
-0.0130314
-0.329939
-0.346994
-0.235339
0.00779038
-0.210102
-0.420178
-0.347543
-0.338861
-0.333798
-0.265407
0.0319194
-0.126585
0.0734526
-0.0523081
-0.0587019
-0.0524073
-0.0540297
-0.0649316
-0.0670388
-0.0731645
-0.11337
0.202683
-0.123628
-0.0357871
-0.152967
-0.0587781
-0.0742387
-0.0661625
-0.0760933
-0.0524224
0.155006
-0.0919205
-0.246858
-0.174997
-0.144611
-0.190647
-0.148029
-0.191483
-0.218609
-0.191518
-0.493294
-0.323408
-0.30654
-0.366382
0.343044
-0.397551
-0.386643
-0.369012
-0.465648
-0.298423
-0.472864
-0.497203
-0.349501
-0.558517
-0.260116
-0.525209
-0.421194
0.290848
-0.5392
-0.343699
-0.257327
-0.184234
0.248789
-0.193123
-0.175869
-0.149241
-0.160942
-0.145831
-0.135804
-0.155118
-0.527852
-0.348228
-0.452462
-0.370212
-0.437252
-0.398525
0.356209
-0.419367
-0.422477
-0.46428
-0.115292
-0.330924
-0.491559
-0.477856
-0.491744
-0.245503
-0.246666
-0.284403
-0.300765
-0.323792
0.161172
-0.0928014
-0.138208
-0.0991765
-0.116085
-0.113831
-0.0984508
-0.0775207
-0.0982883
-0.102251
-0.478433
-0.617926
-0.768355
-0.886127
-0.682311
-0.771736
-0.719377
-0.568267
0.0400738
-0.648817
-0.183164
-0.18308
-0.148346
0.103814
-0.151292
-0.0847609
-0.175245
-0.188641
-0.168568
-0.129531
-0.547545
-0.523365
-0.664267
-0.453022
0.293613
-0.414496
-0.584947
-0.529768
-0.636046
-0.494253
-0.0652816
-0.0111957
0.0197038
-0.0266944
-0.0324619
-0.0361889
-0.0384474
-0.0303145
-0.0411906
-0.040191
-0.197712
-0.227978
-0.259571
0.250628
-0.14544
-0.103547
-0.200806
-0.233975
-0.184197
-0.138755
-0.479448
-0.305787
-0.462016
-0.413941
-0.495139
-0.474857
0.30218
-0.429333
-0.412875
-0.482783
-0.102023
0.0665372
-0.0548875
-0.124711
-0.0995047
-0.104191
-0.107436
-0.0953713
-0.128269
-0.10724
-0.048005
3.96012e-05
0.0249045
-0.0462179
-0.0215757
-0.011321
-0.0100711
-0.0193399
-0.0234707
-0.0335683
-0.892104
-0.577346
-0.790039
-0.884812
-0.758385
-0.740601
-0.886588
-0.66896
0.044035
-0.95704
-0.0965458
-0.367754
-0.250109
0.222433
-0.268483
-0.411499
-0.270089
-0.255344
-0.228555
-0.245801
-0.00992406
0.00196351
-0.00515169
0.00582732
-0.00313003
0.00813098
0.0138229
-0.0075786
0.0141146
-0.0078905
0.259301
-0.27374
-0.499914
-0.305559
-0.347492
-0.266039
-0.193011
-0.241379
-0.388342
-0.344063
0.0945186
-0.0907457
-0.518901
-0.276587
-0.387464
-0.419934
-0.347441
-0.320266
-0.420501
-0.34228
-0.135636
-0.0638964
0.0648569
-0.0421462
-0.118592
-0.106273
-0.0939802
-0.0951148
-0.104227
-0.103232
-0.0468188
0.0503371
-0.0156058
-0.0143338
-0.0148263
-0.00272708
-0.00827335
-0.00973126
-0.00347209
0.00759659
-0.313203
-0.242541
0.208032
-0.294565
-0.226217
-0.248666
-0.302
-0.279882
-0.270722
-0.269177
-0.442692
-0.419642
-0.0775287
0.101983
-0.369812
-0.360067
-0.382313
-0.400156
-0.470597
-0.344942
-0.0280363
0.0180068
0.00178467
0.0193448
-0.0163136
-0.00773376
-0.00806819
-0.0142715
-0.00564409
-0.0121601
-0.0339984
0.00537738
0.0182047
-0.0404688
-0.0267779
-0.028945
-0.0357699
-0.0309649
-0.0420574
-0.0323242
-0.13056
0.173502
-0.180318
-0.0564478
-0.153334
-0.097899
-0.121629
-0.122402
-0.125064
-0.126464
0.205718
-0.107354
-0.21492
-0.158308
-0.0590183
-0.0751395
-0.0627586
-0.0522041
-0.09224
-0.0737532
0.391
-0.173716
-0.351755
-0.263363
-0.219461
-0.215632
-0.274676
-0.174664
-0.304455
-0.289557
-0.854919
-0.622763
-0.751607
-0.556648
-0.612614
-0.639793
-0.723796
-0.0129107
-0.716737
-0.614882
-0.131985
0.390211
-0.123369
-0.126579
-0.144753
-0.156896
-0.168619
-0.131259
-0.155534
-0.0886244
-0.188916
0.251897
-0.247844
-0.44793
-0.312068
-0.268748
-0.237764
-0.361713
-0.401282
-0.283179
0.0448519
-0.218537
-0.334459
-0.329913
-0.211636
-0.0571053
-0.20201
-0.229676
-0.234176
-0.241192
0.24105
-0.279745
-0.487471
-0.306757
-0.304655
-0.303347
-0.141753
-0.285671
-0.440786
-0.320816
-0.59126
-0.473751
-0.519497
-0.137992
-0.645249
-0.545894
-0.532047
-0.155874
-0.633305
-0.526946
-0.0970471
-0.0123762
0.0324918
-0.0359356
-0.0663954
-0.0429409
-0.0540078
-0.0340826
-0.0322185
-0.0352296
-1.07448
-0.782568
-0.987751
-0.633141
-1.04845
-0.638027
-0.918166
-0.712984
-0.0270327
-1.06367
-0.186439
-0.288194
0.216813
-0.223678
-0.201488
-0.193568
-0.378264
-0.24615
-0.224456
-0.290841
-0.416146
0.245872
-0.239432
-0.606521
-0.398915
-0.489958
-0.428442
-0.379578
-0.51364
-0.410873
-0.0545513
0.081893
-0.040955
-0.00471383
-0.016311
-0.0109451
-0.019718
-0.00278854
-0.00627339
-0.0143413
-0.558019
-0.532791
-0.386759
-0.389397
-0.426599
-0.557506
-0.511629
0.247198
-0.558256
-0.350903
0.454524
-0.20353
-0.337299
-0.215251
-0.307464
-0.162936
-0.318489
-0.326345
-0.322406
-0.298404
-0.739126
-0.933649
-0.627163
-0.910736
-0.453013
-0.815099
-0.322404
-0.38694
-0.963959
-0.821791
-0.288955
-0.215895
-0.118524
0.192545
-0.222831
-0.150217
-0.126536
-0.183226
-0.139905
-0.148422
-0.0307856
-0.106699
0.100279
-0.0970669
-0.0781011
-0.127233
-0.127348
-0.0919453
-0.114454
-0.111941
0.00137159
0.00766162
-0.00245747
-0.00244261
0.0155451
0.000348482
-0.0160805
-0.00487116
0.0104001
-0.00367376
-0.233144
-0.267089
-0.217476
0.225359
-0.187765
-0.253786
-0.192075
-0.232703
-0.169535
-0.177909
-0.0655612
0.226192
-0.152049
-0.149687
-0.138529
-0.139692
-0.106435
-0.100682
-0.166887
-0.12718
0.0701336
-0.0600987
-0.0261111
-0.0752861
-0.0122411
-0.0190839
-0.00859776
-0.00338158
-0.0201907
-0.00319078
-0.0197914
0.0140687
0.0117715
-0.00994468
-0.00724345
-0.0124432
-0.000628022
-0.0104037
0.0020016
0.000770282
0.0305159
-0.186034
0.00317505
-0.200825
-0.105483
-0.148212
-0.142344
-0.152849
-0.0841702
-0.118282
-0.106911
0.229876
-0.163741
-0.120176
-0.138225
-0.122421
-0.183431
-0.114574
-0.125787
-0.124478
-0.252497
-0.26004
-0.241414
0.121234
-0.24033
-0.140319
-0.224179
-0.15016
-0.171211
-0.176802
0.245737
-0.240687
-0.419104
-0.310371
-0.274613
-0.224721
-0.25018
-0.287262
-0.343545
-0.207052
-0.801111
-0.50613
-0.813958
-0.533761
-0.683241
-0.602415
-0.786861
-0.586582
0.0430205
-0.801352
0.175122
-0.0988165
-0.159307
-0.0579108
-0.0642713
-0.0703144
-0.055824
-0.0674201
-0.0675619
-0.057112
-0.242652
-0.471377
-0.441237
-0.570576
0.00901677
-0.4494
-0.494215
-0.465878
-0.492337
-0.422103
-0.429353
-0.251712
0.270099
-0.321465
-0.278839
-0.299792
-0.272731
-0.228279
-0.318148
-0.402914
-0.408422
-0.30944
-0.358888
-0.274085
0.399287
-0.295228
-0.323513
-0.31905
-0.275335
-0.288957
-1.05754
-0.623515
-0.913016
-0.955933
-0.200034
-0.896991
-0.83512
-0.879509
-0.768037
-0.876355
-0.333574
-0.101087
-0.471971
-0.405681
-0.401592
-0.289545
-0.307643
0.309824
-0.330001
-0.233144
0.417684
-0.303248
-0.35006
-0.260811
-0.224538
-0.254885
-0.280563
-0.296832
-0.372147
-0.285148
0.00257142
0.0375006
-0.0185817
-0.00672924
-0.0194957
-0.0170057
-0.0154648
-0.014888
-0.0178324
-0.00405477
-0.372768
-0.280544
0.329161
-0.161699
-0.346454
-0.30784
-0.387707
-0.322695
-0.234326
-0.381387
-0.185169
-0.0740289
0.089192
-0.21517
-0.103325
-0.219391
-0.156719
-0.153694
-0.158
-0.146219
-0.0542893
0.10759
-0.0968992
-0.102654
-0.123403
-0.153224
-0.143955
-0.0810428
-0.08888
-0.0935527
-0.659484
-0.423284
-0.516173
-0.475037
0.223149
-0.454295
-0.466394
-0.525512
-0.666227
-0.513745
-0.695995
-0.748339
-0.430904
-0.715046
-0.936558
-0.750004
-0.857199
-0.755665
-0.250345
-0.713055
-0.0321621
-0.0211339
0.0385181
-0.0405512
-0.0308657
-0.0413402
-0.0379871
-0.0515134
-0.039306
-0.0402911
-0.463427
-0.344053
-0.306654
-0.10498
-0.447845
-0.652164
-0.4797
-0.55266
-0.585829
-0.542956
0.0832136
-0.102151
-0.167412
-0.0894023
-0.0071254
-0.040187
-0.0562144
-0.0642887
-0.0483909
-0.0579038
-0.393762
-0.409725
0.196237
-0.350475
-0.452487
-0.468845
-0.424995
-0.455766
-0.400487
-0.605218
-0.199782
-0.202204
-0.202101
0.277688
-0.188718
-0.190425
-0.130354
-0.164596
-0.168821
-0.113756
-0.0381351
0.0345125
-0.00240262
-0.00191114
-0.0141036
0.0090001
0.0178412
0.0038091
0.00453502
0.00113781
-0.0336009
0.0264982
-0.0221455
-0.0235009
-0.00793492
-0.0206517
-0.0275936
-0.020134
-0.0213084
-0.0143711
-0.873384
-0.856498
-0.902044
-0.963803
-0.673139
-0.555267
-0.927289
-0.918103
-0.0935009
-0.79317
-0.452513
-0.538002
-0.493197
-0.215173
-0.386562
-0.56907
-0.526714
0.172119
-0.494875
-0.331228
-0.183765
-0.202654
-0.159855
0.177519
-0.169348
-0.0377943
-0.128478
-0.0992647
-0.132117
-0.104663
-0.147284
0.158759
-0.146284
-0.0441416
-0.136369
-0.146647
-0.132761
-0.11911
-0.122692
-0.114956
0.0459908
-0.167436
-0.0316243
-0.214719
-0.118125
-0.170296
-0.173377
-0.149948
-0.157634
-0.151514
-0.442734
-0.299532
-0.447554
-0.3163
0.282684
-0.364311
-0.354276
-0.322548
-0.380942
-0.203409
-0.0275446
0.0469803
-0.00828584
-0.00743316
-0.0317323
-0.0124347
-0.0120434
-0.01409
-0.0159764
-0.0217045
-0.0622367
-0.0100344
0.0415004
-0.0254148
-0.0395439
-0.0460291
-0.0277906
-0.0190565
-0.0425308
-0.0208792
-0.228765
0.356624
-0.176809
-0.307732
-0.19362
-0.261169
-0.154619
-0.206008
-0.300262
-0.197999
0.233756
-0.151511
-0.391108
-0.281913
-0.231695
-0.159994
-0.273916
-0.234553
-0.23367
-0.212656
-0.772685
-0.462921
-0.718523
-0.663951
-0.7608
-0.612349
-0.832459
-0.591065
0.108208
-0.761969
-0.00622004
0.00388208
0.0206474
0.0056539
-0.014286
-0.0204678
-0.0185173
0.0119223
-0.00978975
-0.0130124
-0.190962
-0.182593
-0.0854406
0.0817571
-0.177918
-0.0657851
-0.118624
-0.115985
-0.114282
-0.1179
-0.113706
-0.00693715
0.0199017
-0.0808863
-0.0690106
-0.085718
-0.0766861
-0.0605023
-0.0650173
-0.0670582
-0.669146
-0.83351
-0.836598
-0.692622
-0.943644
-0.647441
-0.610194
-0.840177
-0.455664
-0.977952
-0.0971423
0.198449
-0.0607678
-0.0442811
-0.125742
-0.0187747
-0.0553265
-0.0477408
-0.056923
-0.0589269
-0.0711935
0.15533
-0.0601431
-0.131012
-0.0855025
-0.0688022
-0.0432955
-0.0370007
-0.0668777
-0.0279455
-0.369413
-0.476317
-0.727548
-0.608504
-0.476859
-0.575567
0.293771
-0.504891
-0.607884
-0.564711
-0.116008
0.271437
-0.163435
-0.109187
-0.17227
-0.0913371
-0.0927585
-0.0900802
-0.0859201
-0.0905341
-0.0661401
0.21584
-0.136529
-0.0909559
-0.215468
-0.0685123
-0.115379
-0.113598
-0.111978
-0.0855147
-0.32736
0.0247461
0.0238804
-0.280195
-0.13727
-0.28473
-0.267865
-0.195791
-0.232792
-0.2314
0.365192
-0.256943
-0.550096
-0.344042
-0.496347
-0.380174
-0.495023
-0.311252
-0.556274
-0.48119
-0.226993
-0.311399
-0.142803
0.121568
-0.236147
-0.13812
-0.187352
-0.276039
-0.198185
-0.198256
-0.000200687
0.0404289
-0.0046304
-0.0271192
-0.0164857
-0.0238043
-0.022448
-0.0210422
-0.0358679
-0.0375636
-0.0763413
0.0367424
0.00628948
0.00430082
0.00593114
0.000932942
-0.0103087
-0.000891395
-0.00763282
-0.0236297
-0.331333
-0.285674
-0.144068
0.0951212
-0.2299
-0.339867
-0.240581
-0.239498
-0.200077
-0.21533
-0.840432
-0.71556
-0.518351
-0.64689
-0.713836
-0.645458
-0.670354
-0.76025
0.052608
-0.621365
-0.492458
-0.405723
-0.515869
-0.302977
0.401226
-0.344177
-0.396943
-0.416464
-0.438132
-0.435317
0.00952395
-0.111914
0.0726075
-0.0598283
-0.0866246
-0.0733862
-0.085403
-0.0647373
-0.0909479
-0.0825305
-0.323047
0.187575
-0.310274
-0.309244
-0.387568
-0.399462
-0.334726
-0.298674
-0.456211
-0.311863
-0.0491321
-0.223304
-0.189974
-0.0263876
-0.220325
-0.162171
-0.19874
-0.220635
-0.184717
-0.21567
-0.0404368
0.055962
-0.000333808
-0.0096935
-0.00302729
0.00384227
0.000598256
-0.00694347
0.0269466
0.00703605
-0.0138826
0.0555194
-0.016564
-0.0479086
-0.0395888
-0.0397651
-0.0304284
-0.0317103
-0.0330776
-0.0219866
-0.526964
-0.365412
0.44992
-0.292013
-0.275346
-0.327945
-0.323438
-0.287952
-0.318861
-0.324903
-0.0751234
0.0819846
-0.0263563
-0.0221724
-0.033212
-0.0239759
-0.0158091
-0.0186342
-0.0336753
-0.0322609
-0.0439288
-0.00501921
-0.00441439
-0.077747
-0.0918462
-0.089809
-0.0732382
-0.0824717
-0.0445223
-0.125856
-0.406336
-0.224998
0.299793
-0.219385
-0.387292
-0.250704
-0.294613
-0.277716
-0.257189
-0.282481
-0.702806
-0.667814
-0.532594
-0.686778
0.0643869
-0.667958
-0.566024
-0.688922
-0.74557
-0.630782
0.220126
-0.153062
-0.522982
-0.181798
-0.35701
-0.23658
-0.262567
-0.288181
-0.330616
-0.339964
-0.047293
0.0515282
-0.0191642
-0.0110959
-0.00756373
-0.0394772
-0.0235331
-0.0146434
-0.0251892
-0.0276826
-0.00446287
-0.00180339
-0.0102637
-0.013427
-0.0271732
-0.0146081
-0.0173341
-0.0156973
-0.0238902
0.0064872
-0.16061
0.363815
-0.18395
-0.257322
-0.240654
-0.256493
-0.233978
-0.157301
-0.224893
-0.172918
-0.37372
-0.345085
0.241509
-0.252137
-0.300222
-0.294667
-0.273217
-0.290253
-0.27844
-0.286798
-0.0141298
0.0432098
-0.00595209
-0.0147309
-0.0213626
-0.00912246
-0.00923483
-0.0117461
0.00062129
-0.0313467
-0.0760963
-0.0116336
0.0408743
-0.0385469
-0.0396054
-0.0566476
-0.0440029
-0.0608831
-0.0404515
-0.0479596
-0.644103
-0.766455
-0.963131
-1.01374
-0.948088
-0.990559
-0.902182
-0.977662
-0.134032
-0.827304
0.396353
-0.165473
-0.35134
-0.17363
-0.197591
-0.179676
-0.212646
-0.204351
-0.241154
-0.239999
-0.320087
-0.182398
0.0496396
-0.181882
-0.267343
-0.284055
-0.22499
-0.197528
-0.197008
-0.11575
-0.379749
-0.665323
-0.47825
-0.51164
0.258659
-0.455166
-0.537544
-0.514254
-0.58719
-0.500198
-0.0283462
0.0911359
-0.0375587
-0.0565576
-0.0689255
-0.0724361
-0.0366155
-0.0405208
-0.0555809
-0.0374704
-1.07245
-0.990069
-0.564538
-1.00123
-0.745728
-0.999983
-1.17105
-0.637146
-1.16157
-0.35165
-0.223729
0.29161
-0.21907
-0.265405
-0.195953
-0.2837
-0.191159
-0.232325
-0.321093
-0.220807
-0.27519
-0.481049
-0.340365
-0.488983
-0.349569
0.199711
-0.354257
-0.369539
-0.491998
-0.319194
-0.294758
-0.274435
-0.25153
-0.136863
0.321169
-0.133126
-0.144996
-0.211434
-0.134216
-0.119498
-0.309216
-0.214204
-0.18147
0.143987
-0.289761
-0.191327
-0.200815
-0.22335
-0.26276
-0.199315
0.390308
-0.303318
-0.409199
-0.370246
-0.407307
-0.212586
-0.264617
-0.277761
-0.397039
-0.386726
-0.304659
-0.322476
-0.0392278
-0.31487
0.0881692
-0.259195
-0.269423
-0.243994
-0.377197
-0.304698
-0.0300109
-0.00106424
-0.00186975
-0.0123049
-0.046016
-0.0391207
-0.0499164
-0.0314632
-0.0328832
-0.0522999
-0.410262
-0.834625
-0.947096
-0.902903
-0.89772
-0.868229
-0.863033
-0.498666
-0.812684
-0.0624538
0.0085929
0.0130101
-0.0561132
-0.0563347
-0.0499222
-0.0463964
-0.0310487
-0.0389827
-0.0661057
-0.0635088
-0.807258
-0.679573
-0.697917
-0.381728
-0.548396
-0.668751
-0.714878
-0.724439
-0.689765
0.072151
-0.913051
-0.764833
-0.959911
-0.818345
-0.381823
-0.8601
-0.10063
-0.869062
-0.865542
-0.85452
-0.195924
-0.417501
0.0428123
-0.31564
-0.475315
-0.388906
-0.424242
-0.379549
-0.377789
-0.411228
-0.00714507
-0.00643745
0.0149151
-0.00503651
-0.0121962
-0.00648044
-0.014883
0.0131874
-0.00124593
-0.00931112
-0.10339
-0.112982
0.142393
-0.0910505
-0.174332
-0.0753735
-0.0691614
-0.171803
-0.109721
-0.116713
-0.00109341
-0.0014365
-0.00427203
0.00814393
0.00445941
0.0170596
0.00135002
-0.0120122
0.0234547
-0.00433419
-0.139973
-0.451997
-0.0148216
-0.349094
-0.489767
-0.357216
-0.430308
-0.38151
-0.449347
-0.464255
-0.858994
-0.763069
-0.399809
-0.760639
-0.735305
-0.826124
-0.930853
-0.800963
-0.494761
-0.0817519
-0.000869019
0.0076088
-0.0597162
-0.0121864
-0.0168411
-0.0152954
-0.0348651
-0.00585463
-0.019798
-0.0349671
-0.025284
-0.093407
0.0355185
-0.136835
-0.146818
-0.156974
-0.145334
-0.160524
-0.117547
-0.121968
0.199775
-0.0836823
-0.261168
-0.112293
-0.123625
-0.158948
-0.082684
-0.112715
-0.115401
-0.11107
-0.862984
-0.948656
-0.885842
-0.9218
-0.247634
-0.928532
-0.93478
-0.940304
-0.619167
-0.04114
-0.341343
-0.259762
0.243196
-0.293859
-0.190288
-0.246391
-0.288659
-0.214273
-0.366553
-0.37676
-0.0389343
0.0109599
0.0155993
-0.0267065
-0.0112329
-0.0268599
-0.0198171
-0.0148282
-0.0214662
-0.0230641
-0.288338
-0.245318
0.215538
-0.184087
-0.16549
-0.18546
-0.207928
-0.168505
-0.265386
-0.264108
0.12264
-0.236837
-0.212925
-0.0188156
-0.143358
-0.159738
-0.185825
-0.180501
-0.217629
-0.164065
-0.155163
0.387081
-0.218674
-0.273439
-0.258041
-0.243074
-0.189284
-0.143306
-0.341559
-0.190658
-0.120679
-0.036725
0.0383724
-0.0702689
-0.0854489
-0.0704843
-0.0678711
-0.08156
-0.0726652
-0.0886548
-0.190593
-0.586587
-0.411482
-0.231913
-0.575158
-0.175932
-0.485201
-0.429338
-0.382869
-0.438719
-0.0735363
-0.00915174
0.0335733
-0.0552502
-0.0545182
-0.0553705
-0.0596968
-0.0540154
-0.0500322
-0.043308
-0.126144
0.182445
-0.12536
-0.114224
-0.180983
-0.103799
-0.106805
-0.106418
-0.113025
-0.115131
-0.150492
-0.233105
-0.269633
0.222093
-0.151644
-0.142207
-0.134455
-0.149923
-0.192281
-0.114498
-0.39503
-0.375257
-0.324194
-0.414229
-0.241825
-0.42266
-0.231014
-0.418499
-0.137012
-0.132551
-0.161654
-0.100118
-0.0876083
0.120093
-0.0538227
-0.0440417
-0.0730268
-0.05843
-0.0655748
-0.0741101
-0.00552172
-0.0047952
0.0118625
-0.00927819
-0.0154828
0.00811139
-0.0115017
-0.010364
-0.0148259
-0.0187017
-0.346118
-0.495967
-0.665149
-0.578785
-0.646815
-0.474434
0.265851
-0.501468
-0.580345
-0.641991
-0.0772155
0.182698
-0.0469727
-0.0784739
-0.140104
-0.00841959
-0.0725399
-0.0482616
-0.0798613
-0.0319953
-0.27544
-0.168148
0.298602
-0.179233
-0.18411
-0.228025
-0.162019
-0.140765
-0.1932
-0.228749
0.0171684
-0.00557294
0.00101955
-0.00490419
0.00782428
-0.0207606
0.0217241
-0.0151644
0.000624688
-0.00868346
-0.0940955
-0.00468655
0.0440308
-0.0690721
-0.0825114
-0.0757373
-0.0741933
-0.0769682
-0.0771032
-0.082164
-0.351255
-0.244963
0.329091
-0.206723
-0.304278
-0.270234
-0.286848
-0.24164
-0.297474
-0.31775
-0.131289
-0.0625172
-0.376056
-0.000433238
-0.273717
-0.101895
-0.209306
-0.185255
-0.202744
-0.191752
-0.301668
-0.274153
-0.149356
0.104591
-0.21063
-0.111707
-0.157315
-0.249111
-0.240524
-0.168672
-0.0530624
-0.0392683
0.0307938
-0.0107696
-0.0171344
-0.024489
-0.013326
-0.00749911
-0.0393008
0.00183447
-0.114901
-0.149689
-0.154725
0.152755
-0.144755
-0.0374689
-0.123478
-0.100809
-0.0817641
-0.0795621
-0.143151
0.125858
-0.195035
-0.221185
-0.161817
-0.294517
-0.159969
-0.11141
-0.313934
-0.18043
-0.518583
-0.172655
0.133135
-0.512691
-0.416857
-0.431625
-0.387823
-0.444128
-0.373598
-0.419749
-0.282265
-0.2816
-0.26362
0.230429
-0.245278
-0.301005
-0.209689
-0.263436
-0.300206
-0.155681
0.386005
-0.222912
-0.37023
-0.220341
-0.213093
-0.264272
-0.262673
-0.235961
-0.29707
-0.28357
0.0687013
-0.376739
-0.246508
-0.512933
-0.465305
-0.406599
-0.563961
-0.39426
-0.529439
-0.470193
-0.661564
-0.774195
-0.713855
-0.767856
-0.661184
-0.830145
-0.918758
-0.862047
-0.624424
0.0951766
0.000307784
-0.0113924
0.00302944
-0.00583389
0.0239471
-0.0063307
-0.00292235
-0.0243498
-0.00384473
-0.00786687
-0.257356
-0.390751
-0.394812
0.123686
-0.321563
-0.255065
-0.308857
-0.360659
-0.316235
-0.325214
-0.826538
-1.21165
-1.10861
-1.22898
-1.13439
-1.15339
-0.478511
-1.19424
-0.337412
-1.1486
-0.0750722
0.0770861
-0.0602377
-0.192888
-0.0885091
-0.207513
-0.143746
-0.13103
-0.15893
-0.105969
-0.440433
-0.359002
0.275346
-0.286392
-0.399369
-0.570296
-0.441604
-0.415645
-0.427808
-0.475629
-0.384546
-0.708719
-0.763704
-0.733175
-0.614027
-0.724592
-0.706787
-0.747983
-0.615674
0.124488
-0.473582
-0.338264
-0.549033
-0.267431
-0.483078
-0.0148282
-0.488075
-0.378193
-0.43006
-0.372516
0.160158
-0.340928
-0.238129
-0.345071
-0.419451
-0.336172
-0.412347
-0.355097
-0.405392
-0.362596
-0.202869
-0.363885
-0.256165
0.269779
-0.273153
-0.384405
-0.262457
-0.28792
-0.275153
-0.226645
0.319646
-0.194025
-0.371723
-0.232117
-0.145038
-0.201548
-0.30836
-0.213505
-0.242836
-0.26038
-0.234025
-0.290556
-0.256997
0.232668
-0.2388
-0.330344
-0.243228
-0.268407
-0.402825
-0.207346
-0.278576
0.0668232
-0.261797
0.0974997
-0.155491
-0.105917
-0.169007
-0.137713
-0.143585
-0.13324
-0.227883
-0.173098
0.217381
-0.20485
-0.277413
-0.212173
-0.238645
-0.266673
-0.203567
-0.221729
0.291705
-0.283296
-0.521561
-0.213603
-0.407615
-0.304532
-0.414335
-0.352107
-0.38013
-0.397442
-0.142345
-0.11388
-0.0210619
-0.164237
-0.135537
-0.000313131
-0.144656
-0.14866
-0.0631412
-0.142833
-0.14113
0.205555
-0.10622
-0.0568967
-0.122998
-0.0546469
-0.0711426
-0.0595333
-0.0622977
-0.0518084
-0.100741
0.159835
-0.207435
-0.0685964
-0.120915
-0.150096
-0.09947
-0.113632
-0.122889
-0.124672
-0.857905
-0.669109
-0.880137
-0.755812
-0.827577
-0.565457
-0.849736
-0.728921
0.154772
-0.813754
-0.0549043
-0.0224102
0.0454056
-0.0283145
-0.0443502
-0.0322716
-0.0154373
-0.0253382
-0.0165563
-0.0233257
-0.342903
-0.304893
-0.296654
0.232485
-0.208547
-0.332985
-0.301594
-0.22185
-0.335842
-0.137778
-0.105407
0.0914465
0.00344638
-0.0246896
-0.00976274
-0.0174279
-0.0186715
-0.0137431
-0.0144056
-0.0117125
0.185904
-0.342609
-0.220197
-0.26812
-0.404881
-0.338769
-0.365815
-0.32541
-0.251415
-0.286599
0.287179
-0.298295
-0.385843
-0.284883
-0.418473
-0.2977
-0.265947
-0.297039
-0.216559
-0.37146
-0.716146
-0.181879
-0.650306
-0.763048
-0.05314
-0.741838
-0.661882
-0.640424
-0.728908
-0.717499
-0.422517
-0.388653
0.245419
-0.258156
-0.289824
-0.256734
-0.227912
-0.26773
-0.303169
-0.319362
-0.541226
-0.449664
-0.568859
-0.403542
0.450583
-0.393617
-0.446354
-0.388591
-0.546482
-0.36654
-0.275836
-0.139218
0.186839
-0.177015
-0.0825671
-0.140471
-0.118358
-0.128952
-0.122894
-0.148769
0.00364933
-0.00875938
-0.0133796
0.00257879
0.00965837
-0.00216044
-0.00142219
-0.0147945
0.00839483
-0.00401981
-0.201505
-0.177744
0.2346
-0.158459
-0.178732
-0.188516
-0.158159
-0.150605
-0.148756
-0.212126
-0.00935697
0.011669
-0.00872208
-0.00387443
0.00129292
0.00288257
0.000546121
-0.00415303
0.00588666
-0.0216034
-0.0918504
-0.220419
-0.161095
0.121332
-0.174038
-0.112375
-0.162067
-0.143196
-0.1485
-0.145179
0.0110001
-0.000208685
-0.00216865
0.00863575
0.0102036
-0.0121297
0.0207783
-0.00514333
-0.0119928
3.31559e-05
-0.294318
0.346275
-0.268396
-0.353548
-0.290554
-0.30666
-0.262637
-0.173692
-0.320193
-0.233419
-0.0673901
-0.246668
0.117502
-0.167468
-0.163242
-0.219072
-0.149237
-0.139776
-0.141307
-0.157051
0.00143075
-0.02221
0.002271
-0.0138998
-0.0138869
0.00356288
-0.00451362
-0.0205542
-0.0493568
-0.0104657
-0.0132737
0.0323466
0.00191231
-0.0246481
-0.000169026
-0.0168018
0.00317445
-0.000651943
-0.00103648
-0.0206141
-0.343571
-0.257566
-0.25443
0.201797
-0.271456
-0.274853
-0.240871
-0.279523
-0.264596
-0.22729
-0.56377
-0.381099
-0.499432
-0.276966
-0.494403
-0.285217
0.39498
-0.421693
-0.466773
-0.467001
-1.02883
-0.901975
-0.382315
-0.888818
-0.972073
-0.929195
-0.74401
-0.913044
-0.0781798
-0.889442
0.345215
-0.18991
-0.315522
-0.276941
-0.205723
-0.214994
-0.306106
-0.210676
-0.388476
-0.324061
-0.387518
-0.321478
-0.237361
-0.119464
-0.134943
-0.19157
-0.338368
-0.284663
-0.313793
-0.312881
-0.0287543
0.0662593
-0.0238378
-0.019709
-0.029557
-0.0183698
-0.0330343
-0.0205004
-0.0206538
-0.0321757
-0.00886968
0.0247915
-0.0181989
-0.0576828
-0.0116471
-0.0252814
-0.0459264
-0.0278049
-0.0130341
-0.0325823
-0.0156674
-0.00824509
0.0128212
-0.00860836
-0.00934954
-0.012324
-0.000340712
-0.0114489
-0.00890512
-0.0106842
-0.331229
-0.451791
-0.473895
-0.435406
-0.423584
-0.293325
0.198067
-0.423342
-0.337508
-0.363662
-0.387716
-0.608608
-0.29692
-0.655795
-0.404392
0.15521
-0.391444
-0.498964
-0.581047
-0.450078
-0.48781
-0.551931
-0.639336
-0.506212
0.152493
-0.466646
-0.403536
-0.392216
-0.516115
-0.346067
0.452193
-0.247448
-0.427772
-0.271067
-0.234065
-0.239734
-0.324732
-0.21003
-0.299507
-0.301253
-0.73975
-0.764387
-0.794786
-0.45285
-0.440384
-0.146011
-0.638934
-0.660073
-0.686666
-0.562993
-0.0608179
0.0993311
-0.0120757
-0.00886049
-0.0213249
-0.0135647
-0.0301332
-0.0301172
-0.0183641
-0.017054
-0.0976012
0.201858
-0.127234
-0.123285
-0.12217
-0.0503994
-0.0790072
-0.0983588
-0.0746446
-0.0730467
-0.436798
-0.436106
-0.394051
-0.485645
-0.303632
-0.52076
-0.416477
0.305638
-0.470511
-0.298131
-0.21364
-0.240654
-0.156453
0.0120316
-0.369578
-0.309917
-0.363906
-0.250251
-0.273359
-0.295204
-0.403508
-0.372782
0.386599
-0.317622
-0.292864
-0.222993
-0.257958
-0.314837
-0.33723
-0.398652
-0.449099
-0.153277
-0.47892
-0.603899
-0.455326
-0.468347
-0.461194
0.0949787
-0.585447
-0.405691
-0.0587094
0.266703
-0.314589
-0.329953
-0.23927
-0.227305
-0.206394
-0.193333
-0.266328
-0.19633
0.00568487
0.0157872
-0.00940178
-0.0103192
-0.0105533
-0.0418542
-0.0224586
-0.0218228
-0.0256732
-0.0204874
0.320625
-0.106001
-0.301828
-0.18233
-0.259926
-0.209943
-0.19402
-0.177527
-0.273942
-0.132578
-0.0207845
0.0250266
-0.00880317
-0.0011788
-0.000922966
0.00516886
0.00366696
-0.00141637
0.00585806
-0.00977462
-0.170435
-0.264442
-0.26307
0.175809
-0.20446
-0.184299
-0.185234
-0.253974
-0.212159
-0.184706
-0.159084
0.331503
-0.168392
-0.19505
-0.160022
-0.12877
-0.206478
-0.136646
-0.260399
-0.104503
-0.294265
-0.322863
-0.267923
-0.430975
-0.416106
0.187327
-0.316554
-0.373278
-0.45447
-0.286284
-0.34712
-0.263743
0.256761
-0.266258
-0.158999
-0.223051
-0.255573
-0.161987
-0.275787
-0.318473
-0.0765642
-0.0357963
0.0727766
-0.0820885
-0.0845779
-0.0772569
-0.0986763
-0.0754511
-0.0898064
-0.0928785
-0.473631
-0.441041
-0.33156
-0.534474
-0.280225
-0.535219
-0.47877
0.303522
-0.529281
-0.389443
-0.528357
-0.517937
-0.525857
-0.184359
-0.513349
-0.649135
-0.493161
0.11724
-0.553279
-0.384951
0.457274
-0.269487
-0.49001
-0.25682
-0.283316
-0.296216
-0.316298
-0.278724
-0.443952
-0.331151
-0.511097
-0.32802
0.457088
-0.331705
-0.291893
-0.301865
-0.34507
-0.271256
-0.350632
-0.380614
0.00837132
-0.00207295
0.00226782
-0.00421446
0.0102948
0.00610746
0.00602257
0.00656698
0.00358826
-0.00407495
-0.00690029
0.0620724
-0.00233202
-0.0136572
-0.108646
-0.00985023
-0.0233631
0.00512001
-0.00642105
-0.00981929
-0.0703274
-0.403009
-0.203271
0.0203438
-0.30893
-0.401923
-0.192103
-0.376767
-0.24759
-0.297714
-0.226159
-0.185221
0.206636
-0.132507
-0.160369
-0.206735
-0.151597
-0.140324
-0.108536
-0.211502
-0.0842964
0.22768
-0.105359
-0.12794
-0.210343
-0.0673781
-0.109383
-0.0183555
-0.0701186
-0.069412
0.171483
-0.216292
-0.185278
-0.15898
-0.106754
-0.107716
-0.130626
-0.101063
-0.17425
-0.148303
-0.307463
-0.202465
0.287728
-0.230471
-0.225841
-0.255963
-0.199309
-0.223067
-0.167875
-0.172353
-0.0740978
-0.0279925
0.05702
-0.0571841
-0.0513769
-0.0579688
-0.0516228
-0.0500231
-0.0282562
-0.0555453
-0.147697
0.232447
-0.126185
-0.139101
-0.139423
-0.0919235
-0.109626
-0.0980572
-0.105558
-0.126291
-0.0144956
-0.0599805
0.000452237
-0.0831707
-0.0486021
-0.0567893
-0.0365873
-0.0483874
-0.0777191
-0.0564512
-0.154956
-0.163657
0.182984
-0.251177
-0.0823875
-0.120992
-0.141664
-0.115513
-0.133027
-0.131703
-0.442307
-0.302605
0.328465
-0.274044
-0.298815
-0.271272
-0.312357
-0.30952
-0.49559
-0.417329
-0.0463849
0.0651779
-0.00936793
-0.0115432
-0.0160533
-0.0304984
-0.03081
-0.0205221
-0.0291637
-0.000704728
-0.386172
-0.179579
0.277099
-0.28497
-0.330154
-0.284108
-0.380237
-0.324547
-0.375726
-0.354452
-0.240393
-0.418201
-0.238197
-0.423116
-0.247115
0.248165
-0.288739
-0.292814
-0.335289
-0.230258
-0.148036
-0.143455
0.00265248
-0.224934
-0.0476188
-0.175614
-0.175568
-0.160068
-0.16524
-0.1771
-0.393006
-0.319465
-0.237845
0.177961
-0.285064
-0.32681
-0.350474
-0.377525
-0.319884
-0.244918
-0.698693
-0.520586
-0.736729
-0.68001
-0.654047
-0.425508
0.154098
-0.629905
-0.451119
-0.673401
-0.0469633
0.0769656
-0.0314498
-0.0377378
-0.0307189
-0.0346183
-0.0257371
-0.0392846
-0.0297877
-0.0344189
-0.39065
-0.518749
-0.546639
-0.480333
-0.560293
-0.327391
0.290938
-0.492607
-0.540336
-0.543557
-0.05952
0.20507
-0.110396
-0.193048
-0.104521
-0.101618
-0.0910595
-0.100718
-0.104426
-0.057845
-0.208077
-0.0893484
0.167318
-0.182059
-0.110505
-0.129146
-0.139378
-0.110536
-0.129349
-0.136027
0.261309
-0.125642
-0.221331
-0.173893
-0.128444
-0.172874
-0.0963625
-0.116892
-0.104433
-0.105993
-0.0208999
-0.107327
-0.0517938
0.0492356
-0.0926488
-0.0850311
-0.0899755
-0.0842069
-0.0831792
-0.0630443
-0.296614
-0.260842
0.332671
-0.291375
-0.285374
-0.234754
-0.254426
-0.316739
-0.268244
-0.316347
0.0143293
-0.0623055
0.018206
-0.0974585
-0.0823477
-0.0598353
-0.0731548
-0.0437291
-0.090704
-0.0740251
-0.329175
-0.535911
-0.316441
-0.507633
-0.152849
-0.512603
-0.241475
-0.525428
-0.18681
-0.0638715
0.000764418
0.0161186
0.023826
-0.0184986
-0.00769978
-0.0355189
-0.0162609
-0.0341863
-0.0225455
-0.0123993
-0.374608
-0.338816
0.244548
-0.276312
-0.198933
-0.249455
-0.305872
-0.284678
-0.341964
-0.269142
-0.544934
-0.409845
-0.463402
-0.318203
0.371404
-0.363933
-0.349393
-0.420714
-0.538401
-0.373726
-0.0182403
0.0521097
-0.0207749
-0.0248516
-0.015263
-0.0233808
-0.0230007
-0.0139317
-0.017504
-0.0237088
0.433287
-0.337113
-0.579625
-0.341387
-0.410872
-0.327395
-0.400474
-0.187987
-0.429047
-0.378023
-0.481681
-0.324182
-0.447469
-0.298664
0.30179
-0.398191
-0.328308
-0.384795
-0.43845
-0.305388
-0.080023
-0.025984
0.0471455
-0.0609888
-0.0477162
-0.0520154
-0.0391794
-0.0490533
-0.0577383
-0.0599697
-0.343982
-0.272096
0.215651
-0.231113
-0.301387
-0.348852
-0.354667
-0.282821
-0.255456
-0.363444
-0.454108
-0.529228
-0.263482
-0.478854
-0.174897
-0.542728
-0.497394
0.121824
-0.51788
-0.391361
-0.706211
-0.603989
-0.703336
-0.571012
-0.602735
-0.557517
-0.668881
-0.586497
0.144731
-0.619722
-0.042448
-0.0321503
0.0121245
-0.0141526
-0.0315917
-0.0206336
-0.016258
-0.0107127
-0.0261649
-0.0426049
-0.193824
-0.236721
-0.1716
0.0990399
-0.335395
-0.247194
-0.271533
-0.326003
-0.293702
-0.223075
-0.0535886
0.0933688
0.00256057
-0.0319723
-0.0217329
-0.0175097
-0.0144571
-0.0296005
-0.0402952
-0.0226594
0.360834
-0.138643
-0.402937
-0.171984
-0.211152
-0.179218
-0.230452
-0.163858
-0.298401
-0.229846
0.0103177
0.0129037
-0.0061056
-0.00770502
0.000326147
0.00568891
-0.019334
0.00516533
-0.00710268
0.00780752
-0.129817
-0.059495
0.0800384
-0.110071
-0.108061
-0.0917415
-0.110595
-0.100963
-0.0999993
-0.113992
-0.238902
0.374783
-0.15668
-0.23728
-0.20522
-0.218062
-0.190713
-0.174874
-0.286354
-0.191814
-0.0566704
0.00217796
0.0391866
-0.0445207
-0.0456443
-0.0543442
-0.0317074
-0.029514
-0.0339876
-0.0404338
-0.239107
-0.123541
0.190781
-0.143674
-0.118908
-0.133618
-0.138931
-0.141874
-0.117736
-0.137609
0.0119247
0.00497268
-0.00600096
-0.0251295
-0.0101957
-0.0115623
-0.010516
-0.0219158
-0.00124651
0.00274069
-0.484497
-0.398068
-0.53355
-0.418964
-0.501284
-0.190937
0.0868023
-0.477704
-0.385171
-0.437538
-0.29345
-0.524003
-0.282922
-0.419264
0.154723
-0.415688
-0.405402
-0.386505
-0.370656
-0.29525
-0.424751
-0.500859
-0.0521482
-0.519668
-0.346608
-0.497945
-0.386053
-0.0303227
-0.470417
-0.469098
-0.418013
-0.347138
-0.395652
-0.266251
0.410475
-0.316294
-0.402711
-0.337771
-0.406115
-0.392731
0.0535039
-0.0188527
-0.11541
-0.0773702
-0.00725351
-0.0311892
-0.0570395
-0.0357532
-0.0239756
-0.0278065
0.108901
-0.302883
-0.238437
-0.100213
-0.273231
-0.195326
-0.285081
-0.233633
-0.258899
-0.285499
0.00329959
0.0659511
-0.237622
0.00113257
-0.0924544
-0.0968554
-0.118475
-0.0931668
-0.0949462
-0.0893518
-0.238684
-0.0558719
0.0894148
-0.186277
-0.0894405
-0.162581
-0.16857
-0.10505
-0.127289
-0.113239
-0.518986
-0.527751
-0.367983
-0.216739
-0.426216
-0.451191
-0.344885
0.194911
-0.460918
-0.33777
0.113003
-0.0448592
-0.091822
-0.107433
-0.0307328
-0.0551471
-0.0312742
-0.0420413
-0.0510864
-0.0537603
-0.0985832
-0.0576179
0.10464
-0.109691
-0.0735287
-0.0860626
-0.087783
-0.117097
-0.0800126
-0.0825804
-0.0247936
0.0209441
0.00389879
-0.0048927
0.00270151
-0.0036531
0.00172406
-0.0129492
-0.0145074
-0.014952
-0.271604
-0.240786
0.285071
-0.281542
-0.249268
-0.176315
-0.209208
-0.124759
-0.349238
-0.330173
-0.10594
-0.0944427
0.152489
-0.0833161
-0.116661
-0.0910048
-0.109939
-0.0486239
-0.0913688
-0.10021
-0.0466396
0.0534569
-0.0156052
-0.0222427
-0.0320609
-0.0252266
-0.0332251
-0.0275674
-0.0168959
-0.00611206
-0.774779
-0.55634
-0.81601
-0.592433
-0.721091
-0.556502
-0.74693
-0.552169
0.151569
-0.722529
-0.0193726
-0.0155152
0.00126894
-0.0138896
0.00252546
0.0100058
-0.00152746
0.00750912
-0.0132999
-0.00265116
-0.500466
-0.408147
-0.486486
-0.338186
0.44703
-0.390712
-0.420389
-0.415196
-0.449358
-0.30695
-0.119816
0.246861
-0.0802764
-0.0155315
-0.0992026
-0.0505997
-0.0508158
-0.0445593
-0.0398725
-0.0415395
-0.0725728
-0.0184048
0.0538169
-0.0427711
-0.0655325
-0.0758883
-0.0825574
-0.065423
-0.0731574
-0.0556581
-0.972445
-0.734744
-0.756822
-0.665026
-0.816058
-0.759366
-0.927808
-0.191468
-0.942818
-0.763038
-0.804338
-0.675178
-0.740868
-0.441019
-0.655928
-0.708152
-0.764161
-0.761748
-0.74905
0.229615