0.148096
0.17529
0.178938
0.0412736
0.0306896
0.0532576
-0.216407
-0.315112
-0.132255
0.0513644
0.0919987
0.0520105
0.0632977
0.0976041
0.00758011
-0.0125876
0.0222373
0.0369445
-0.170275
-0.315765
-0.327365
0.161885
0.119947
0.0667948
0.128238
0.145932
0.134444
0.078352
0.167367
0.0850791
0.100646
0.147036
0.101515
-0.209852
-0.174322
-0.0665468
0.0293356
0.0634158
0.0199782
0.0058944
0.130568
0.036389
-0.0543384
0.0743253
0.0589257
0.0487885
0.0750205
0.00427786
-0.000406964
0.149684
0.194675
-0.324816
-0.0842342
0.0708916
0.0531751
0.0872598
0.0201271
0.10426
0.136567
0.0189477
0.0569553
0.114178
0.0669929
0.0490932
0.132132
0.0821826
0.0359775
0.116631
0.0968717
-0.16683
-0.0515662
0.0259789
0.0623138
0.0942836
0.0138147
0.0988958
0.138578
0.0836307
-0.0729912
0.0908381
0.117437
0.0248318
0.0178591
-0.0358264
0.0971807
0.158715
0.0113223
-0.0440541
0.0492642
0.0354231
0.100293
0.037129
-0.0824054
0.163381
0.112311
0.0172463
0.0652274
0.0669087
0.0095026
0.041203
0.100866
0.0458581
-0.0371325
0.133596
0.145966
-0.18516
0.0156662
0.0681326
-0.0350879
0.0118775
-0.0641776
0.0507682
0.143075
0.12335
0.0205685
0.104061
0.115511
0.175448
0.154983
-0.022101
0.169168
0.0619984
-0.26202
0.106285
-0.148258
-0.388382
0.0697876
0.157214
0.106644
-0.170502
0.0770813
0.197115
-0.3415
-0.139846
0.0948468
0.0225922
0.122935
0.103263
0.0418489
0.133653
0.00438252
0.0395304
0.0652374
0.0817462
0.0691053
0.0912327
0.0325822
0.11189
0.103786
-0.0264233
0.0360634
0.0539551
-0.0957958
-0.00903698
0.00875039
-0.0168612
-0.00942832
0.0170101
-0.0260099
-0.0333938
0.0127562
-0.00864018
0.0180772
0.0419854
0.032826
0.0658291
0.0905374
0.113432
-0.0122552
0.0720554
0.0616482
0.12333
0.031761
-0.039627
0.0903743
0.100915
-0.00875044
0.0259732
0.084287
0.0528513
0.010867
-0.0333435
-0.0464917
0.0856971
0.140885
0.0210471
-0.0543691
0.0431086
0.016231
-0.102831
-0.276878
-0.313927
0.14667
0.106782
-0.0558779
0.120565
0.162458
0.0923325
-0.0724467
0.0652603
0.0815542
0.0335861
0.149715
0.0651128
0.0748068
0.0924187
0.0117418
0.0637023
0.0558322
0.0250716
0.0753568
0.151403
0.0476499
0.0159728
0.060654
0.0530496
-0.0287262
-0.0558206
-0.0996367
0.0614387
0.1156
0.0879118
0.0687807
0.15285
0.113863
-0.0321669
0.0477869
0.0481775
0.0355406
0.126611
0.0757561
-0.00612164
0.0854456
0.0299394
0.0809986
0.145356
0.0345807
-0.0697424
0.155559
0.163326
-0.337383
-0.145495
0.0427003
0.0366184
0.060539
-0.0138069
0.0966208
0.116402
0.011799
0.0185171
0.0315469
0.0315446
0.0250899
0.103024
0.122259
0.02727
0.117659
0.0563135
0.0168621
0.0819373
0.0463727
-0.0388043
-0.0335661
-0.127506
0.0450823
0.115998
0.0338567
0.0564069
0.1116
0.097685
0.0352612
0.0638281
0.055211
0.0729875
0.149818
0.0429483
-0.0115325
0.102265
0.0557734
0.159831
0.190541
0.177494
0.0237982
0.0135411
0.0633523
-0.197133
-0.314682
-0.141399