0.0816992
0.00469628
-0.0478551
0.0539601
0.0745152
-0.0257322
0.00139709
0.0682198
0.0281255
0.0441463
0.031159
-0.165427
0.0554355
0.123608
0.00599601
-0.059921
0.114874
0.0586775
-0.140773
-0.0380748
-0.236856
0.0709905
0.194903
0.190424
-0.125163
0.105962
0.142568
-0.00626431
0.0410723
-0.0352815
0.0619795
0.156936
0.0624379
-0.10414
0.0361613
0.0358591
0.0731272
0.0949078
-0.0656737
-0.050978
0.225719
0.113891
-0.34131
-0.0805786
0.0510649
0.0237127
0.0846424
0.00997349
-0.00083272
0.15657
0.0480529
-0.18478
0.00306209
0.0164211
0.0444879
0.0369271
0.0242376
0.0703417
0.106294
-0.00890571
-0.0225061
-0.0014002
0.0217501
0.225448
0.291396
0.0441988
0.179884
-0.0696562
-0.42689
-0.166309
-0.401111
-0.00965207
-0.00464741
-0.0113012
-0.0157381
0.00732623
-0.00386616
-0.0186396
-0.0221104
0.0049411
-0.0324031
0.0382748
-0.0149663
-0.0357822
0.081467
0.08111
-0.0227205
-0.00540231
0.06479
-0.019037
-0.0260549
-0.0571784
-0.0740806
0.0392615
0.116093
0.114438
0.00909421
0.0626228
0.02515
0.00838733
-0.07636
-0.185912
0.113888
0.176728
0.0660303
-0.0240776
0.0183451
0.0403881
0.163534
0.178686
-0.15001
0.235039
0.0850707
-0.427643
0.0756663
-0.241863
-0.237732
-0.0363083
-0.356179
-0.207443
-0.202143
-0.0613755
0.166179
0.102293
0.267541
0.255214
0.0607942
0.194899
0.136439
-0.208476
0.0310002
0.198758
-0.298422
-0.221028
0.0209211
0.0471934
0.0602322
0.00208854
0.0489032
0.0934446
-0.00800316
-0.012782
0.0069043
-0.00594761
0.0134584
0.119759
0.0177515
-0.130865
0.154749
0.165212
-0.359072
-0.0761468
0.0769582
0.0471255
0.117572
0.0650537
0.026644
0.131649
0.018408
-0.107682
-0.0805152
-0.0152871
0.0104273
0.08662
0.0997494
0.175546
0.179629
0.0126715
0.00903763
-0.11198
-0.294549
0.0383276
0.0263431
-0.00120547
0.0877999
0.13153
0.0248081
0.0137393
0.0679089
0.0165258
0.171871
0.181108
0.1807
0.0328399
-0.00297464
0.0342137
-0.216729
-0.334652
-0.0790051
0.0219869
0.10219
-0.00221395
0.0324951
0.123671
0.0446402
-0.0463665
0.013995
0.057131
0.0359155
0.00318771
-0.162247
0.0720313
0.113517
0.0649774
-0.111772
0.0682138
0.055214
-0.0524337
-0.289765
-0.44238
0.194905
0.137661
-0.0450845
0.0984148
0.184912
0.0659457
0.0335432
0.0627867
-0.0284189
0.0304716
0.0941148
-0.00222934
0.0116275
0.0456632
0.0391105
0.0102484
0.0922494
0.0567049
0.0973569
0.146292
0.0599666
-0.0568079
-0.141672
-0.074771
-0.00515803
0.0132801
0.0441164
0.00645893
0.0848791
0.0479946
0.0322389
0.0187787
0.0271285
0.073132
0.0524478
-0.0300655
0.0524476
0.0843152
0.0123844
0.00850347
0.0684521
0.0306555
0.174669
0.189548
0.20347
0.00243443
-0.0123473
0.024734
-0.227951
-0.350952
-0.0817427
0.034304
0.0953022
0.0256829
0.0351627
0.159186
-0.00857766
-0.110025
0.0773195
0.0450864
0.185249
0.186431
0.15639
0.0163526
-0.0776979
-0.0196712
-0.216546
-0.205971
0.00172575
0.102894
0.0349243
0.017631
0.0476747
0.0425229
0.00134212
-0.0129006
0.0091555
0.00630369