-0.22137
0.0206677
-0.0257034
-0.0987258
-0.050174
-0.43565
-0.301223
0.0266332
-0.0984558
-0.148164
-0.038038
0.044001
-0.316825
-0.17405
0.083505
-0.245334
-0.00259132
0.0504245
-0.149586
-0.30243
-0.1677
0.0126177
-0.171954
-0.106459
0.0275725
0.0789904
0.0746991
-0.170764
-0.155264
-0.0944346
-0.0218929
0.00393087
-0.00292233
-0.0177172
-0.00845054
0.00619132
-0.0154253
-0.0230566
-0.00378566
-0.000555802
-0.138745
0.0864604
-0.215607
-0.217637
0.040516
-0.306226
-0.132442
-0.271771
-0.00136474
0.0150926
-0.0478132
-0.273303
-0.138951
-0.0324697
-0.316482
-0.0455852
-0.249509
0.0176493
-0.0787719
0.0392677
-0.236099
-0.176741
-0.288166
-0.139992
0.0236709
-0.0306423
-0.0750656
0.0531834
0.0429555
-0.134744
-0.225274
-0.0733571
-0.171615
-0.20152
0.01835
0.0253818
-0.16258
-0.123274
-0.0101399
0.0369467
-0.0535192
-0.0249837
-0.10354
0.0565909
-0.00619953
-0.0158184
-0.0843857
-0.0724269
-0.115683
0.0412864
-0.0893465
-0.208108
-0.0283585
-0.140227
-0.318895
-0.411781
-0.301718
-0.0224861
0.0311484
-0.00362411
-0.0046522
-0.0156687
0.0428185
0.00147228
-0.00902886
-0.0211964
0.00943429
0.023243
0.0174016
-0.0716409
-0.150656
-0.132397
-0.281941
-0.238534
0.019218
-0.247152
-0.0692166
0.0751147
-0.280255
0.0925161
-0.39148
-0.0219795
-0.337922
-0.194121
-0.129418
-0.0882415
-0.186634
0.0047614
0.00277019
0.0153213
-0.00797513
-0.0129437
0.0103442
0.0426525
-0.0514909
-0.0368942
-0.0213219
-0.0269698
0.00638352
0.0110653
-0.0245346
-0.103822
-0.169984
0.0764952
-0.0888285
-0.155136
-0.153684
-0.0235092
0.155568
-0.130846
0.129857
-0.0702148
-0.155465
-0.12418
0.075024
-0.137463
0.0447534
-0.15217
-0.212093
-0.162157
-0.0698081
-0.016749
-0.156222
-0.0414659
-0.108638
-0.155056
-0.0853823
-0.131616
-0.131811
0.194376
-0.115938
-0.0481477
-0.0601223
-0.153972
0.0629238
0.18715
-0.0459822
-0.10856
-0.192837
-0.134469
-0.126385
-0.149723
-0.0624004
0.121585
-0.240657
-0.076098
-0.0596935
-0.218092
0.0256828
0.011575
-0.209265
0.0801587
-0.322834
-0.077654
-0.0913104
0.00963672
0.0816014
-0.0670693
-0.0403176
-0.261743
0.138865
-0.0146507
-0.0184979
-0.19944
-0.307135
-0.131712
-0.247996
-0.0132787
-0.259313
-0.0356871
-0.266234
-0.0491526
-0.205905
-0.185375
0.0137988
-0.249604
-0.0505665
0.126154
-0.271895
0.0422987
-0.00746982
-0.20516
0.194875
-0.196047
-0.0442425
-0.0266865
-0.00112452
-0.176553
-0.174444
-0.0538792
-0.30332
0.0313545
-0.30428
-0.0116958
-0.0736211
-0.00663757
-0.349443
-0.0484945
-0.256854
0.0270821
-0.0017627
-0.0140233
-0.23921
-0.032905
-0.324211
0.0304558
0.0302662
-0.298434
-0.0964551
-0.343588
-0.0255992
0.258922
-0.0932502
-0.0792318
-0.232957
-0.0692626
-0.0717237
-0.160285
-0.152177
-0.0920785
-0.148454
0.0590759
-0.233037
-0.373877
-0.0114859
-0.207437
-0.105101
-0.109894
0.0298632
-0.020527
-0.00541381
0.0374946
-0.0225454
-0.0161529
-0.00817791
0.00414905
0.00198181
0.00782212
0.00375079
-0.00289769
0.0680303
-0.0275334
0.0431296
-0.00215305
-0.0828845
-0.0231196
0.0532592
-0.0708749
-0.0686908
-0.047478
-0.0152683
-0.167592
-0.148361
0.0564866
-0.132908
0.0395771
-0.262912
-0.177907
-0.0194549
-0.297993
-0.0928341
0.028626
0.020526
-0.357468
-0.0649992
-0.256419
-0.193932
-0.0123964
-0.105285
-0.275782
0.0423209
0.0326621
-0.310436
-0.000540607
-0.240338
-0.184132
-0.235748
-0.141325
0.0369294
-0.0889473
-0.189161
-0.159714
-0.238049
0.0241002
-0.241391
0.0224042
-0.157505
-0.315158
-0.0217219
0.0478272
-0.133234
0.155653
0.0877286
-0.15793
-0.164216
-0.0412329
-0.0256487
-0.148788
-0.174071
-0.145136
-0.222415
-0.132388
0.0646507
0.0425034
-0.21238
-0.299084
-0.0868028
0.0016919
-0.282999
-0.148773
-0.00608108
-0.00649713
-0.00932813
0.0224634
0.0187413
0.0253171
-0.0561329
-0.0486778
0.0157409
-0.0723604
-0.030758
-0.378231
0.031784
-0.253425
-0.195043
-0.239855
-0.241538
-0.0197684
0.0395921
-0.0378447
-0.0376962
-0.0202317
0.0156726
-0.00327489
-0.012203
0.00310755
0.0073765
-0.0746331
-0.0768299
0.0583248
-0.0212265
-0.0809697
-0.180755
-0.194158
0.0260544
-0.193884
-0.231768
-0.0520619
0.170663
-0.187469
-0.174664
-0.138437
-0.171477
-0.189334
0.0757621
-0.184391
-0.153411
-0.143304
-0.227001
0.0699521
-0.0976772
-0.18709
0.0902344
-0.134781
-0.245398
-0.00854459
0.00143839
-0.157634
-0.0297046
-0.16378
-0.0111772
0.0158499
-0.00202698
0.00415217
0.00713272
-0.0172592
-0.00717921
-0.00182217
-0.000862225
-0.00564022
-0.0490453
0.0703397
-0.244531
0.0751514
-0.197216
0.0292812
-0.110411
-0.0639987
-0.170318
-0.14291
-0.18078
-0.129543
-0.21083
0.0270043
-0.242858
0.0716493
-0.122479
-0.258412
-0.0312156
-0.113938
-0.238123
0.00623148
0.0296075
-0.0264943
-0.145143
-0.349388
-0.20071
-0.111327
-0.226028
-0.00685756
0.0659743
0.0233289
-0.00966456
-0.122776
-0.268302
-0.155213
-0.285478
-0.0420874
-0.0729509
-0.286634
-0.0520033
0.219974
-0.130752
-0.106614
-0.148949
0.128004
-0.124883
-0.133062
-0.132201
-0.108337
-0.0386986
-0.308729
-0.0455538
0.0548605
-0.15368
-0.200754
-0.233325
0.0142687
-0.0556023
-0.273152
-0.0563284
-0.159449
-0.174682
0.0789288
0.0153387
-0.197988
-0.153834
-0.0320818
0.149139
-0.141722
-0.101733
0.278743
-0.0714023
-0.0814489
-0.229958
-0.0380236
-0.0360163
-0.089228
-0.0827074
-0.10098
-0.0235899
-0.15841
-0.208934
-0.180009
0.0711048
0.0933182
0.00467556
-0.20226
-0.0633228
-0.19135
-0.186057
-0.175853
-0.195987
-0.0515155
0.133109
-0.089063
0.0891262
-0.0390163
-0.0469502
-0.198553
-0.00851187
-0.00408465
-0.0247713
0.011803
0.00380037
-0.0062658
-0.0111153
0.0142958
-0.0063108
0.010489
0.160572
-0.0955633
-0.0375347
-0.0658906
-0.0494579
-0.105289
-0.0057936
-0.0875809
-0.181602
-0.171711
-0.0941995
0.0660398
-0.0629187
-0.140709
0.103535
-0.150562
0.0755948
-0.213326
-0.20315
-0.197829
-0.349982
-0.0110961
-0.274806
-0.0738908
-0.188164
0.0519978
-0.172833
0.0763465
-0.0674189
-0.130657
0.00479119
0.0499755
0.00544372
0.0108863
-0.0298597
-0.00844386
0.00350363
-0.00945191
-0.0201534
0.00258288
-0.254644
-0.222655
0.036897
-0.151226
-0.205434
-0.116943
-0.114481
0.124132
-0.00806076
-0.158239
0.0142558
-0.237356
0.0430858
-0.295674
-0.192001
-0.219639
-0.229811
0.0587384
-0.179954
0.000479759
-0.0824069
-0.0793985
-0.111729
0.11825
-0.10265
-0.133224
-0.0188057
-0.0865707
-0.270627
0.00658103
-0.204569
-0.178567
-0.286918
0.0651104
-0.269781
-0.169627
-0.0773838
0.00506111
-0.205684
0.100371
0.0316764
0.129635
-0.225956
-0.132801
-0.0801615
-0.337123
0.0821206
-0.229721
-0.243441
-0.193809
-0.106482
-0.19422
-0.00568975
0.0518563
-0.163179
-0.0947281
-0.139129
-0.222705
0.0169382
-0.0622903
-0.0035425
-0.0214255
0.0115009
0.0015834
0.0169594
0.00395033
-0.00423994
-0.0141773
-0.00835637
-0.0107464
-0.184836
0.086484
-0.000142758
0.0428529
-0.276224
-0.316891
-0.110199
0.0392949
-0.327204
-0.284408
-0.0331
-0.144762
-0.0498534
0.00308105
0.186782
-0.0648726
-0.021831
-0.0914272
-0.101153
-0.272098
-0.0519349
-0.0109924
0.0105906
-0.0197684
-0.0318567
-0.0159377
0.0614286
0.00104106
-0.00342152
0.0249505
-0.260154
-0.13715
0.0954616
-0.0421531
-0.349072
-0.129681
-0.0174574
-0.262201
0.00168219
-0.279089
0.0650634
-0.0190649
0.0691653
-0.0497989
-0.0336305
-0.00037548
-0.025776
-0.0545686
-0.0101535
-0.0722104
-0.243555
0.0307225
-0.130645
-0.250042
-0.0184992
0.0148044
-0.0195148
-0.265489
-0.032367
-0.0121927
-0.0671124
0.000338102
-0.0681762
-0.0688259
0.0685534
0.0708966
-0.0533875
0.0253204
0.0122319
-0.043668
-0.00704463
-0.193574
-0.192199
-0.12212
-0.0937774
-0.222123
-0.188279
-0.0235942
-0.0223884
0.0528259
-0.295634
0.0344459
-0.0718039
0.0332174
-0.332349
0.0481067
-0.169841
-0.291848
-0.126903
-0.0979514
-0.0672881
0.111538
-0.161037
-0.173658
-0.18059
0.090376
0.0762653
-0.170685
-0.203435
-0.0515231
0.0989853
-0.160854
0.142866
-0.122367
-0.0547141
-0.116455
-0.10799
-0.0528689
-0.0166052
-0.227869
0.0235336
-0.162907
-0.180921
-0.249993
0.0463299
0.0376341
-0.245589
0.00273555
-0.0157848
-0.0892207
-0.041888
-0.100841
0.00366339
-0.0489198
0.200742
0.000818534
-0.0869407
-0.153927
-0.180558
-0.0607014
-0.117072
-0.0707045
-0.260227
0.00589949
-0.259867
0.132321
-0.11706
-0.141309
0.0489342
-0.13257
-0.107868
-0.12458
-0.168638
0.146999
-0.137349
-0.171505
-0.082738
0.101777
-0.22447
-0.0536268
0.0168053
-0.253785
-0.217201
-0.0383822
-0.294155
-0.0311221
-0.163865
-0.0375159
0.0048252
-0.371358
-0.162435
-0.217454
0.129099
-0.122447
0.127561
-0.0932274
-0.0717489
-0.128228
-0.257134
-0.0210653
-0.0160296
-0.156861
0.00232338
-0.0754375
-0.000667346
-0.255189
-0.20542
0.0929837
-0.392474
-0.0685153
0.0093718
0.00271949
0.00966201
-0.0156455
0.0120578
0.00321899
0.0120659
-0.00190594
0.00693891
-0.00448616
-0.206767
-0.0597344
-0.232619
-0.250567
-0.0151178
-0.0404588
-0.0105405
-0.224464
-0.0326195
-0.0202171
-0.269933
-0.243766
-0.215405
-0.044013
-0.0494616
-0.083094
-0.252701
-0.0140058
0.0467806
-0.00165754
-0.0188488
-0.00629523
0.0050937
0.0281805
-0.0364622
-0.00613546
-0.031366
-0.0266455
-0.0556649
0.0501501
-0.23776
-0.106317
-0.28228
-0.236563
-0.0427764
-0.237478
-0.17449
0.129427
-0.104948
0.0826712
-0.190762
0.0347288
0.0884643
-0.26224
-0.150656
-0.0826629
-0.12019
-0.0471221
-0.224379
-0.0956878
-0.0144629
-0.0306666
-0.240152
-0.231243
-0.120629
0.0318079
0.102255
-0.127844
-0.292156
-0.0819561
0.00280181
-0.206569
0.0912209
-0.0159666
-0.161874
-0.216161
-0.0368221
-0.243663
-0.248808
-0.153731
-0.0395372
-0.255409
0.134839
-0.205539
0.0267253
-0.113782
-0.129515
-0.180528
-0.18723
0.0526555
-0.0749583
-0.13829
-0.208583
0.150684
-0.19117
-0.232329
-0.0242289
0.149847
-0.130911
-0.292397
-0.0883423
0.126314
-0.136221
-0.165295
0.104811
-0.0818679
-0.144234
-0.206546
-0.24585
-0.00879713
-0.00899383
-0.0568863
0.0110787
-0.016252
-0.13417
0.203558
-0.123004
-0.149373
-0.205764
-0.14618
-0.234377
-0.149738
0.0724794
0.00806894
-0.21028
-0.243249
-0.102573
-0.0664839
-0.132926
-0.27077
0.0358359
0.0745473
-0.169315
-0.241191
-0.236117
-0.223198
-0.0650026
-0.0394141
-0.0371128
-0.137496
-0.0987368
-0.112438
-0.15442
0.00218419
-0.126957
-0.126509
-0.163298
0.127588
0.0168861
-0.0775895
0.00467249
0.0325058
-0.194118
0.0188063
-0.187568
-0.237882
-0.0870859
0.0791374
-0.106821
-0.326478
0.00513824
0.0160292
0.0092685
0.00639923
0.00111649
-0.0143681
0.0114487
-0.0175689
0.00828571
-0.0119585
-0.178654
-0.157325
0.0461974
0.0582529
-0.182638
-0.125821
-0.128391
0.0324073
-0.285236
-0.321462
0.00373049
-0.206483
0.0919731
-0.116852
-0.209495
-0.263081
-0.163376
-0.177435
-0.011634
0.0235637
-0.0444777
-0.169237
-0.312519
-0.150875
0.0406324
0.00695686
-0.172855
0.090951
-0.0130543
-0.267625
-0.210842
-0.289953
-0.185312
-0.155495
0.0152019
-0.0173443
-0.278303
0.0297429
-0.0476954
0.0456091
-0.291637
-0.223187
0.018655
0.0351091
-0.106372
-0.211803
-0.0604474
-0.176324
0.115118
-0.266
-0.0954642
-0.0930843
-0.137786
-0.0969011
-0.0596659
0.117883
-0.0764137
-0.101826
-0.207044
0.0461202
-0.0747397
-0.122782
-0.0608068
-0.125118
-0.00788131
-0.185714
-0.0905823
0.128919
0.000115859
-0.0636491
-0.156599
-0.140338
0.0404842
-0.248328
0.02893
-0.338377
-0.220886
0.00950216
0.0155896
-0.188959
0.00391011
-0.00698335
0.0246887
0.00826247
-0.0457349
-0.0352089
-0.0422499
-0.023206
0.0347105
-0.0235014
-0.275171
-0.0133551
0.00105503
-0.229989
-0.323988
-0.0748422
-0.0547626
0.00218616
-0.0845202
-0.195626
-0.0791287
-0.0299777
-0.0324808
-0.268149
-0.028779
-0.185809
-0.351676
-0.0013179
-0.00839671
-0.274499
-0.179015
-0.0798219
0.117228
-0.0601991
-0.156499
-0.204369
-0.144436
-0.169199
0.0640437
-0.213812
-0.231073
-0.185489
-0.0441469
-0.191301
-0.230939
-0.0167344
-0.0259148
-0.250768
-0.00159516
-0.0350655
-0.300144
0.000848244
-0.362658
-0.193148
0.0486263
-0.262885
-0.210002
0.047642
-0.20615
0.0717029
-0.185515
-0.248583
-0.0773793
-0.253505
-0.0446264
0.00393116
-0.0617594
-0.335783
-0.0228895
-0.0209038
-0.0538955
-0.00170889
-0.0279817
-0.337483
-0.0334514
-0.0826543
-0.0993759
0.0645621
-0.24172
-0.134582
-0.0175218
-0.332466
-0.0647969
-0.41863
-0.0693234
-0.102219
0.016928
-0.124359
-0.0292906
-0.108647
-0.0124028
-0.0253266
-0.0291413
-0.0495084
-0.0207529
-0.0127111
0.000450386
0.0190994
-0.0446356
0.0835788
-0.0662329
0.00490251
-0.163918
-0.0868791
0.166221
-0.10061
-0.0604994
-0.16196
0.0268717
-0.0900475
0.108159
0.0701792
-0.285279
-0.31931
-0.260115
-0.0668843
-0.259617
0.105091
-0.0683779
-0.221421
-0.0179769
-0.158424
0.0460043
-0.169487
-0.0412594
-0.288696
-0.317907
-0.0168458
-0.281204
0.0436487
-0.0320688
-0.00974072
-0.168984
-0.000688747
-0.0871933
-0.0406172
-0.0329224
0.248237
-0.114001
-0.155439
-0.0473397
0.0125514
-0.0721467
-0.0892683
0.073024
-0.0837839
-0.0487727
-0.0021126
-0.0349198
0.0160555
-0.127485
0.0772919
-0.0676663
-0.23147
0.0640863
-0.237904
-0.204143
-0.205737
-0.209833
0.147758
-0.000560436
0.0687855
-0.135068
-0.191586
-0.0543755
0.125213
-0.0413079
-0.175115
-0.15618
-0.0830881
0.00663889
-0.0270062
-0.126583
-0.120715
0.149152
-0.131802
-0.00750453
-0.269841
-0.196561
-0.0970483
-0.17339
-0.11701
-0.176796
-0.155544
0.0683315
-0.012761
-0.0756619
-0.095484
0.0957034
-0.263881
0.00187491
-0.137458
-0.0471581
-0.130761
0.122986
0.0895254
-0.17023
-0.00505209
-0.147383
-0.229204
-0.0612172
-0.138443
-0.142365
-0.18626
-0.109474
0.01592
-0.159402
-0.0142475
0.150414
-0.264637
-0.055067
0.183771
-0.15176
-0.0851313
0.0681578
-0.0667038
-0.100285
-0.218815
-0.18328
-0.111661
-0.068899
-0.0480258
-0.176741
0.121807
-0.178457
-0.163292
-0.101623
0.0958142
-0.25925
-0.187005
0.0152618
0.064419
-0.0365392
-0.0218291
-0.0359127
0.012168
-0.0149944
-0.0203011
-0.0590414
0.0160508
-0.224171
0.0614119
-0.0426043
-0.272469
-0.21132
-0.156957
-0.0284687
-0.144361
0.0178745
-0.363324
-0.119525
-0.124931
-0.101317
-0.0841237
-0.157836
-0.109206
-0.0676046
-0.143605
-0.0235282
0.16543
-0.0146037
0.0356635
-0.112664
0.223887
-0.0208918
-0.0406218
-0.0247144
-0.0720243
-0.144575
-0.0833703
-0.0471957
-0.123358
-0.100974
-0.110704
-0.130335
0.0967938
0.0478361
0.061879
-0.305411
-0.137155
-0.110238
-0.146585
0.0146422
-0.108151
0.0386003
-0.00660133
-0.165579
-0.208033
-0.293869
0.0473513
-0.0647563
-0.119166
0.109997
-0.00816426
-0.0694497
0.0826179
-0.109971
-0.116931
-0.132626
-0.106428
-0.0211785
-0.0817518
-0.0352626
-0.143956
-0.00106115
-0.0562055
-0.0562429
-0.0450755
-0.124235
0.114001
0.060335
0.121389
-0.284735
-0.318999
-0.254994
-0.105274
-0.0973733
-0.161301
-0.0277135
-0.263114
-0.172669
0.0454251
-0.153019
-0.142695
-0.151081
-0.0601734
-0.0504769
0.158883
-0.11596
-0.0423265
-0.109326
0.0286897
-0.141109
-0.248145
-0.212724
-0.0573327
-0.058952
0.246612
-0.0984329
-0.157036
-0.117912
-0.0454993
-0.0521639
-0.123791
-0.266236
0.0482079
-0.0199413
-0.275125
-0.0250962
-0.241882
-0.0307365
-0.00462384
0.0951723
-0.0857949
-0.012744
0.00824835
0.00320768
-0.00595222
-0.0533434
-0.0272571
-0.13547
-0.0605541
0.00154463
-0.112215
0.0511037
-0.20673
-0.0568634
-0.0781027
0.0535366
-0.354196
-0.186669
-0.0779735
-0.0812978
0.0720536
-0.0918699
0.00596132
-0.212631
-0.216886
-0.360258
-0.00920096
-0.160168
-0.073529
-0.113676
0.0486371
-0.177054
-0.21399
-0.141098
-0.12606
0.209151
-0.0871016
0.127352
0.0890662
-0.113396
-0.0832997
-0.045279
-0.173404
0.00985036
-0.0780672
-0.183384
-0.0808595
-0.187775
-0.0611011
0.137949
0.0440497
-0.0534001
-0.0539208
-0.0818626
-0.141781
-0.257568
-0.120587
-0.0222712
-0.133974
-0.0195395
-0.0637093
-0.093994
-0.235633
0.203113
-0.109509
-0.30312
-0.0993509
-0.0551392
0.0822146
-0.213991
-0.17233
-0.184569
-0.107467
-0.0561096
-0.034131
-0.121837
0.0255807
-0.158854
-0.254453
-0.156916
-0.0329874
-0.00204292
-0.261753
-0.195094
-0.00973246
0.00112399
0.0384134
-0.0515003
-0.258618
0.0236519
0.00959362
-0.300163
-0.218434
-0.28778
-0.0396571
-0.0629006
-0.278357
-0.00576432
-0.0136991
-0.00848102
-0.0661951
-0.0207467
0.117716
-0.0191377
-0.0239708
-0.15462
-0.0205013
-0.0325899
-0.287111
0.020301
-0.0841631
-0.246306
0.0254563
-0.086241
-0.352124
-0.0751696
-0.0055638
0.167556
-0.0594725
-0.226902
-0.18446
-0.0773335
-0.198016
0.0392925
-0.0538426
-0.134882
-0.0546747
-0.115922
-0.191604
-0.208185
-0.259657
-0.0203816
-0.0480305
-0.0428996
-0.281798
0.0994479
-0.0144796
0.0386668
-0.0282659
-0.0184688
-0.0496476
-0.0717382
-0.108564
-0.0116143
-0.0448335
-0.0914283
0.121565
-0.129473
-0.0625534
-0.0949215
0.139902
-0.107481
-0.158665
-0.0875706
0.0277798
-0.244371
-0.146888
-0.14522
0.192176
-0.048901
-0.0605845
-0.130872
-0.112307
-0.0398796
-0.177877
-0.208305
-0.169649
-0.0630997
0.101029
-0.185682
-0.215405
-0.268683
-0.0558952
-0.227476
0.0793622
-0.0179764
-0.12706
0.0630591
-0.261827
0.000758124
-0.18726
-0.347398
-0.26843
-0.108723
-0.00592206
-0.152827
0.021508
-0.151988
0.128673
-0.279385
0.141569
-0.0821132
-0.0264569
-0.0133171
-0.125659
-0.154128
-0.203574
-0.0780522
-0.21136
0.057138
-0.313284
0.0574924
-0.314755
-0.259477
0.0196404
-0.0978182
0.0121417
0.00593341
0.00428973
0.00399346
0.0143917
-0.0420176
0.0281251
0.0225561
-0.00239929
-0.0218236
-0.00191157
-0.272888
-0.305506
-0.0929016
-0.0203118
-0.0391847
-0.0336052
-0.288735
-0.0903588
-0.024237
0.0349569
-0.153688
-0.225113
0.0769369
-0.218575
0.0866782
-0.164103
-0.109888
0.0564692
-0.264691
-0.14501
-0.206615
0.0522212
0.0723471
-0.16177
-0.100486
-0.267085
0.000905119
-0.284266
-0.129401
-0.329308
0.0247844
-0.013716
-0.0040711
0.0244579
0.00925593
-0.00493671
-0.0106032
0.000983658
4.89556e-06
-0.00493304
-0.0161738
-0.223194
-0.0316839
-0.0327423
0.0474701
0.0205943
-0.253845
-0.233357
0.0198345
-0.227609
-0.138387
-0.0996422
-0.0813723
-0.22735
-0.0784423
0.137026
-0.1632
-0.0542294
-0.177144
0.151612
-0.310368
0.0370086
-0.00945433
-0.225817
-0.04077
-0.391622
-0.197722
-0.127477
-0.0528398
-0.0620556
0.00482866
-0.00952739
-0.00222188
-0.000775735
-0.000338293
-0.0120953
-0.000538479
0.00297612
-0.0143506
-0.00893017
-0.173863
-0.243396
-0.00512333
-0.194866
0.0533589
-0.149131
-0.132439
-0.209528
-0.235776
0.0162135
-0.167601
-0.243984
-0.197526
-0.251071
-0.0778539
0.0327338
0.0133685
-0.156303
-0.0533389
0.0552745
0.0102993
-0.0467926
-0.0651992
-0.202151
-0.300598
-0.334151
-0.219816
0.00438118
-0.0972242
0.0318138
0.0195019
-0.00461965
0.00784133
-0.0278627
0.00348391
0.0138623
-0.00481403
0.00863781
-0.0254154
0.00713957
-0.102775
-0.191405
0.00495748
-0.0794412
0.116893
-0.106706
0.0527639
-0.126394
-0.256992
-0.263787
-0.117613
-0.143315
-0.287054
0.121277
-0.140904
0.00667812
-0.224499
-0.130571
-0.116626
-0.0138485
-0.00904415
0.217947
-0.131533
-0.156811
-0.137844
-0.115459
-0.0613799
0.00403938
-0.0613666
-0.0576539
-0.0857735
-0.072281
-0.0187923
-0.119517
0.0616703
-0.0839028
0.0661727
-0.124962
-0.185974
-0.306163
-0.031898
0.000286761
-0.00113311
0.00492251
0.00225726
0.00171106
-0.0153464
-0.0134732
-0.0064913
0.019077
0.0834369
-0.168687
-0.167352
-0.125212
-0.0652591
-0.253484
0.126708
-0.152046
-0.296132
-0.151326
-0.0464008
-0.0775442
0.0457239
-0.0656061
0.141104
-0.0789609
-0.0779749
-0.129286
-0.117974
-0.212639
-0.108052
-0.237384
-0.0754868
-0.113572
0.107218
-0.11908
-0.0527623
-0.166746
-0.304386
0.0641361
-0.0418039
-0.254398
0.0056358
0.0310148
-0.314705
-0.273704
-0.374193
-0.168455
-0.00700782
-0.0600039
0.00920796
0.00998225
0.00112167
0.0162326
-0.000959204
-0.00543375
0.000419873
-0.0126458
-0.011318
-0.0095368
0.23014
0.0343163
-0.18827
-0.0435011
-0.0594452
-0.0921351
-0.0549272
-0.0738093
-0.14329
-0.0866146
-0.0684284
-0.0961084
0.203682
-0.116284
-0.017054
-0.0263956
-0.118063
-0.0859984
-0.11326
-0.11563
-0.129252
0.145794
-0.33414
0.089029
-0.100745
-0.0574896
-0.0919171
-0.185221
-0.211184
-0.1104
-0.00211275
-0.0784386
-0.265992
-0.244919
-0.0661432
-0.069192
0.0534276
-0.231306
0.0214492
-0.159973
0.02199
0.00923025
0.0200344
0.00218389
0.0185005
0.00307691
0.0032339
-0.00398631
-0.00803911
-0.0158142
-0.0243036
-0.222073
-0.238108
-0.164452
-0.122457
-0.240036
-0.12719
0.040503
0.0438878
0.0159498
0.00111938
-0.0383849
-0.303977
-0.0310769
-0.0549785
-0.27644
-0.0654303
-0.281887
0.065911
-0.139386
0.017866
-0.238748
-0.116055
-0.139389
0.0056346
-0.241837
0.135573
-0.168018
-0.198654
-0.211148
-0.190503
-0.0560114
-0.110142
-0.224169
0.0156141
-0.190433
-0.115983
0.166575
-0.211219
-0.137319
0.137432
0.0659644
-0.290774
-0.244405
-0.282907
-0.129819
-0.243209
0.0659362
-0.181512
0.0627783
-0.140108
-0.114156
-0.0873655
-0.154075
-0.191038
0.129861
-0.0746971
-0.0775629
-0.141269
0.160645
-0.183101
-0.238955
-0.164475
0.0546068
-0.172677
0.0850684
-0.116518
-0.168599
-0.175577
0.150335
0.0390365
-0.088008
0.0719911
-0.0811109
-0.0483845
-0.0744505
0.068853
-0.0482165
-0.115313
-0.128308
-0.00718817
-0.148363
0.148336
-0.29039
-0.0461963
-0.135912
-0.0179499
-0.0862425
-0.227639
-0.0665579
-0.102731
-0.15693
-0.242641
-0.0391087
0.00191136
-0.107667
0.00605045
-0.198942
0.0614126
-0.354106
-0.0430706
-0.00448005
-0.00607261
0.0849231
-0.0328232
-0.0173665
-0.0256215
0.00114197
-0.0676257
-0.000864935
-0.158683
0.0514013
-0.144648
-0.0780865
0.149644
-0.193688
0.0392431
-0.314912
-0.210348
-0.118861
-0.249921
-0.101845
-0.270511
-0.077981
-0.0638985
0.0116733
-0.285846
-0.0210672
0.030129
0.0663028
-0.114109
-0.29124
-0.25431
-0.23729
0.0324588
-0.0107194
0.064693
-0.118186
-0.180387
-0.254014
0.189547
-0.0405501
-0.144391
-0.158045
-0.27016
-0.148486
-0.133164
-0.0504671
0.0372159
-0.0974329
-0.0133935
-0.349074
-0.016463
-0.181261
-0.240165
-0.315972
-0.303358
0.0143082
-0.0712031
0.0313927
-0.239997
0.0346802
-0.241675
-0.296947
0.0619501
-0.222644
-0.0963069
0.0614722
-0.35119
-0.0662564
-0.244842
0.00806682
0.0750654
-0.0873646
-0.152423
-0.118331
0.119785
-0.162724
-0.0817385
-0.182686
-0.188747
-0.0487603
0.102514
-0.225169
-0.0724744
-0.109747
0.139949
-0.197149
-0.21742
-0.211217
-0.253721
-0.156504
-0.0129053
0.0733025
-0.0976854
-0.277237
-0.118569
-0.118794
0.072294
-0.122921
-0.300297
-0.111201
-0.205833
-0.304032
-0.0176478
-0.0228541
0.0546091
-0.205845
-0.043929
-0.134079
0.0284635
-0.00769119
0.122767
-0.0904981
-0.145207
-0.0294415
-0.00343716
-0.111088
-0.0731058
-0.132919
-0.274962
-0.0737159
-0.26947
-0.129843
0.0724824
0.0183031
-0.185103
-0.113839
0.0489293
-0.23977
-0.159455
-0.138426
-0.288023
-0.135811
-0.0921767
-0.0181378
0.0427209
-0.300227
-0.00952385
0.0469533
-0.00808764
-0.00541674
-0.0138315
0.00379796
-0.0128138
0.00683878
-0.00950589
0.00740362
0.0388693
-0.0214512
-0.323804
0.031345
-0.0321313
0.0340253
-0.294686
-0.143748
-0.181292
-0.0601564
-0.225125
-0.15343
0.00923937
0.00409704
-0.0062738
-0.324388
-0.0285555
-0.186234
-0.253769
-0.275442
0.0156705
-0.156465
-0.0259528
0.0328909
-0.084785
-0.0368653
0.0652364
-0.0733467
-0.0431168
-0.0927601
0.019226
-0.0464715
-0.177016
-0.175546
-0.214664
-0.219808
0.0681589
-0.280015
-0.0548732
0.0617642
-0.282149
0.00337079
-0.115255
-0.11527
-0.0757869
-0.107882
-0.128365
-0.173473
-0.115236
-0.128812
-0.134369
0.198461
-0.0465328
0.0353521
-0.00857629
-0.0916824
0.16107
-0.06805
-0.0654087
-0.14132
-0.221831
-0.214939
-0.312318
-0.26365
0.0172876
1.12361e-05
-0.110525
-0.0838442
-0.00893972
-0.154288
0.087072
-0.291118
-0.175401
-0.0137656
-0.302495
-0.379317
-0.0505079
-0.229852
-0.277423
0.00370398
-0.0520215
0.0390454
-0.117635
-0.158027
0.0368568
-0.255504
-0.0947682
-0.167283
0.0623212
-0.107706
0.0291298
-0.259875
-0.0746678
0.230218
-0.151758
-0.117338
-0.188339
-0.095361
-0.062625
-0.0667518
-0.142244
-0.0719842
-0.102946
-0.109368
-0.112023
0.0955357
-0.12789
0.0952472
-0.202285
-0.111766
-0.245088
-0.0109968
-0.302505
0.0344975
-0.000140245
-0.0304492
-0.253728
-0.296736
-0.155326
-0.00535275
-0.365374
-0.181337
0.0275487
-0.188117
-0.224951
-0.106222
-0.20957
0.0810033
0.040606
-0.150062
-0.18114
-0.13138
-0.0498483
-0.174786
-0.117621
0.0208346
-0.310308
-0.227272
-0.293033
-0.0997412
-0.0344979
0.0124205
-0.0475644
0.115884
-0.156059
-0.175114
0.0489719
-0.177331
-0.17377
-0.377665
-0.173453
0.0281786
-0.133626
-0.134003
-0.108922
0.0173846
-0.131612
-0.13432
-0.0445991
-0.121081
0.203407
-0.229614
-0.212133
0.0262614
-0.352087
-0.0230702
-0.0538202
0.0440055
-0.301678
-0.175362
0.00242003
-0.0380825
0.0207201
0.064206
-0.00656322
-0.0386896
-0.0472547
0.00797914
-0.0074129
0.0192474
-0.0176724
-0.0664665
-0.224539
-0.179647
-0.226085
-0.249032
0.0487213
-0.156795
-0.172873
0.129318
-0.244978
0.0328765
-0.0820885
-0.0841976
-0.0875096
0.236636
-0.0767926
-0.0338831
-0.0781335
-0.210003
-0.129639
-0.163306
0.0542537
-0.210072
-0.223265
-0.0809405
0.0209084
-0.208579
-0.0782683
-0.209444
-0.27115
0.0869105
-0.101804
-0.220288
-0.103524
-0.0725963
-0.15518
0.075503
-0.0445843
-0.212892
-0.143785
0.074766
-0.000391626
-0.00788826
-0.00996159
-0.00191189
0.00537827
0.0151788
0.00878411
-4.21234e-05
-0.00314095
-0.00646723
-0.0138769
-0.0134537
-0.0118959
-0.00456785
-0.00259662
0.00231431
0.00320004
-0.0233681
0.00719234
-0.00131635
-0.164802
-0.132448
-0.0891868
0.0540535
-0.170349
-0.199927
-0.0805099
0.0250141
0.0200776
-0.298641
-0.011441
-0.011058
-0.0235204
-0.00500489
-0.0297617
-0.0758646
-0.0295393
0.133698
-0.019974
-0.0313485
-0.215872
-0.230791
0.103639
-0.256328
0.0199651
-0.104948
0.0683321
-0.0411043
-0.282286
-0.079349
0.0037806
-0.0159954
0.0246214
0.00793432
-0.0109119
0.00269397
-0.0058345
-0.00741789
0.0175446
-0.0187443
-0.0997874
-0.209237
-0.262727
-0.189165
-0.0412958
-0.0170313
-0.0832527
-0.172006
0.145744
-0.113999
-0.299508
-0.151057
-0.0083268
-0.0389675
-0.427187
-0.0645379
-0.00384495
-0.31008
-0.040251
-0.279833
-0.0156191
0.0308039
-0.00439091
0.00562883
-0.0325608
-0.00447467
-0.0407377
-0.00979807
-0.0118445
-0.0037973
-0.0905369
0.0215833
-0.22519
-0.0934053
0.0564386
-0.196041
-0.0237985
-0.252321
-0.238836
0.0919323
-0.160806
-0.275246
0.0790254
-0.131547
0.0707023
-0.205808
-0.119282
-0.21556
-0.18595
0.0194654
-0.0169389
-0.0497373
0.113838
-0.00910484
-0.0442334
0.0177054
-0.0637177
-0.0285347
-0.114439
-0.0716684
-0.120703
-0.133311
-0.198307
0.0159953
-0.357642
0.0192337
-0.0436248
-0.288749
0.00718011
-0.0151097
-0.0171323
-0.00191184
0.00801142
-0.0106969
-0.00201609
0.0228889
0.0112391
0.00508597
-0.0128779
0.00423877
-0.00817411
0.0189617
-0.0109607
-0.00240893
0.0176027
-0.0105744
0.00521111
-0.0210354
0.00725029
0.0292365
-0.0664386
-0.100752
-0.142772
-0.23047
-0.0683465
0.144947
-0.146735
0.114188
-0.158793
-0.0305036
-0.192423
-0.0116038
-0.19098
0.0279076
-0.180112
-0.0242409
-0.263158
-0.285859
0.0514149
-0.0405872
-0.124837
-0.0568715
-0.048139
0.0283814
-0.237325
-0.00246686
-0.380674
-0.0596872
-0.0754124
-0.309699
-0.00500553
-0.039552
-0.0356915
-0.0863703
-0.169927
0.0809045
-0.0273587
-0.139087
-0.0802399
-0.0542708
-0.166534
0.0707944
0.0487211
-0.132756
0.0212751
-0.247262
-0.162246
-0.192062
-0.264437
-0.0740231
-0.0965475
0.203869
-0.0597316
0.0167341
-0.163976
-0.174038
-0.0819168
-0.0836226
-0.222328
-0.135633
-0.273742
-0.114974
-0.0161317
0.0203695
-0.0304578
0.0195732
0.00213291
-0.164587
0.0108208
-0.218669
-0.0429302
-0.125835
0.00973951
0.124633
-0.150999
-0.131765
0.0488493
-0.1886
-0.134278
-0.205801
-0.219073
-0.154617
-0.34292
0.0329887
-0.0548822
-0.134389
-0.107731
0.0533732
-0.298394
-0.00827975
0.0188302
-0.0931836
0.206656
-0.0308475
-0.0784478
-0.071706
-0.0506498
-0.173277
-0.225582
-0.135034
-0.15659
-0.196502
0.129098
-0.19611
-0.141486
-0.0325284
-0.172173
-4.45082e-05
-0.207328
-0.0625992
-0.0555866
0.2101
-0.116892
-0.079316
0.111583
-0.0719877
-0.114438
-0.248691
-0.170244
-0.181254
0.00751047
0.0127209
0.00405354
0.00254344
0.0171641
0.0192158
0.00623047
0.0140456
-0.00310173
-0.00779979
0.126842
-0.0719139
0.0706894
-0.0648924
-0.0619052
-0.222379
-0.181565
-0.070049
-0.0736478
-0.186683
0.0339668
-0.10122
-0.143681
-0.115723
-0.151913
0.113509
-0.0511284
-0.168254
-0.208724
0.0752776
-0.0337733
-0.0230589
-0.0107967
-0.0230414
0.0384405
0.018797
-0.027583
-0.00323915
-0.00847713
-0.049182
0.0179469
-0.0322501
-0.0528543
-0.0403922
0.110549
-0.0232068
-0.0701769
-0.0924172
-0.0103728
-0.0371719
-0.0789874
-0.0334646
-0.0011785
0.0211436
-0.17183
0.141512
-0.132494
-0.255178
-0.0493667
-0.16337
-2.15145e-05
-0.00935137
-0.00965772
-0.0162886
0.0135218
0.00801146
-0.00227086
0.00743005
0.0106054
-0.00409369
-0.0426644
0.0194077
-0.136416
-0.124231
0.109346
-0.10843
-0.14156
-0.187979
0.110586
-0.127349
-0.180568
-0.20062
-0.238081
-0.22256
-0.0276319
-0.082078
-0.187703
0.0895395
-0.0210794
0.0530835
0.18302
-0.0669935
-0.052994
-0.107908
-0.00657236
-0.0607125
-0.116944
-0.167957
-0.0402616
-0.0634348
-0.145319
-0.173215
-0.215179
-0.150527
0.0321892
0.119331
-0.226343
0.0557903
-0.32618
0.0254705
0.00357555
-0.210919
-0.0809056
-0.269878
-0.000830915
-0.34189
0.00969039
-0.236789
-0.38258
-0.0287273
-0.00747734
-0.369636
-0.30063
-0.0407756
-0.280993
0.00871742
-0.044254
-0.322667
0.00874415
-0.0130313
-0.223003
-0.127717
0.0959247
0.115884
-0.106427
-0.190869
-0.0671188
-0.143831
-0.183802
-0.131527
-0.109651
-0.110476
-0.0582388
-0.0609374
-0.290354
-0.0344662
0.00478301
-0.299441
-0.0202511
-0.253418
0.000131703
0.00427233
0.00937204
0.00730051
-0.0116833
-0.00631962
-0.0233084
0.00529589
0.0207253
0.00340055
0.0312819
0.0390983
-0.0999416
-0.269696
-0.294932
-0.0268434
-0.0619904
-0.0254726
-0.0270251
-0.350136
-0.0276634
-0.0341066
0.029451
-0.164945
0.00210743
0.133826
-0.0687965
-0.0437932
-0.12478
-0.199007
-0.0170262
-0.237357
-0.0280987
-0.0610386
-0.428758
-0.00267773
-0.176315
-0.0714683
-0.155074
-0.0654549
-0.201363
0.0205812
0.0816984
-0.25512
-0.175004
-0.114429
-0.0233498
0.00838942
-0.182609
-0.199609
-0.164265
-0.197276
-0.285866
-0.0793748
-0.247107
-0.00899236
0.0839558
-0.182736
0.0104198
-0.261687
-0.197718
-0.31025
0.0657859
0.0113167
-0.12915
-0.149983
-0.124501
0.0263903
-0.21277
-0.192382
-0.120067
-0.204609
-0.0362781
-0.143207
0.0930783
-0.255806
-0.0519235
-0.205028
-0.275114
0.0966974
-0.223118
-0.170503
-0.17713
0.0674665
-0.0977006
0.0551186
-0.245513
0.0333469
-0.375644
-0.0593715
0.121421
-0.0424895
0.0896435
-0.153354
-0.180793
0.0729302
-0.155314
-0.16752
-0.137179
-0.204019
-0.190433
0.00658588
0.11843
-0.0589346
-0.160918
-0.237837
-0.0133354
-0.0772628
0.0441322
-0.145645
-0.24701
-0.240382
-0.294496
-0.209241
0.0549886
-0.243803
-0.0473722
0.0876333
-0.292007
0.0414191
-0.205678
-0.169371
-0.153614
0.0428474
-0.155921
-0.126743
-0.0943558
0.0545391
-0.21911
0.081948
-0.0216474
-0.135091
-0.147127
-0.0938509
-0.135963
-0.162318
0.0918146
-0.242456
0.0270057
0.0703179
0.0467895
-0.217406
0.0488336
0.00312765
-0.267228
-0.193878
-0.0238204
-0.144724
-0.203379
-0.16832
0.135824
-0.0892338
0.112358
-0.117188
-0.0673447
-0.0623845
-0.10724
-0.115165
-0.2209
-0.10889
-0.18907
-0.226588
-0.259577
-0.15994
-0.221812
-0.159152
-0.0954624
0.108834
-0.151883
0.0432941
0.0126623
-0.00619536
0.00171011
0.00507947
-0.00250717
-0.0164717
0.0264387
-0.025425
0.00453017
0.0339121
-0.0375816
0.00885773
-0.119576
-0.0892611
-0.0446312
-0.130545
-0.0881451
-0.0429552
0.129342
0.00633179
-0.132173
-0.0224129
-0.0535163
-0.11387
-0.0421898
-0.076171
0.0164103
-0.0433693
0.0809173
0.0176082
0.00425571
-0.13384
-0.0101731
-0.100535
-0.0173656
-0.191785
0.0992435
-0.0999347
-0.287134
-0.0421098
-0.119641
-0.081635
-0.312251
-0.134578
-0.168222
0.138134
-0.234052
0.01794
0.098646
-0.119424
-0.150698
-0.0766736
0.11305
0.0871369
-0.0833651
-0.0890085
-0.0719482
-0.112147
-0.266266
-0.237812
-0.152329
-0.225007
-0.178559
0.0889952
-0.293852
-0.0378809
-0.222747
-0.248389
0.0418844
-0.0194372
0.0127705
0.00761574
-0.00150273
0.00242903
0.0233085
-0.0128714
0.00122048
0.0106348
0.0107391
-0.0105282
0.0866178
-0.123813
0.00110213
-0.11372
-0.270859
0.0439539
-0.0969173
-0.201424
-0.0276141
-0.169061
-0.0290016
-0.319241
-0.177535
0.0420395
-0.394691
0.0115248
-0.108575
0.00825901
-0.018265
-0.149312
-0.321902
-0.320347
-0.0163047
0.0169143
-0.341377
-0.0167089
-0.0170794
-0.0859076
-0.0109755
-0.182855
-0.0468573
0.103483
-0.256509
0.0493296
-0.239649
0.045566
-0.238472
-0.188887
-0.115429
-0.0271713
-0.0829004
0.0204208
-0.0610963
-0.20239
0.124062
0.00346536
-0.181576
-0.190549
-0.121941
-0.0610225
0.0222928
0.0898567
0.0503854
-0.181998
-0.216309
-0.130743
-0.154945
-0.189161
-0.0332988
-0.264779
-0.122586
0.080755
-0.0150188
-0.149372
0.0391889
-0.220803
0.0785251
-0.238204
-0.279257
-0.183965
-0.175498
0.134325
-0.166718
-0.187054
-0.152965
0.0751121
-0.0860175
0.105016
-0.121748
-0.198399
-0.0279201
0.000851821
0.00771722
-0.00719416
0.00465513
0.0188285
-0.00955178
-0.00658524
-0.00590411
0.0159165
-0.11741
-0.199109
0.19738
-0.162904
0.0578287
-0.0901345
-0.116714
-0.0900569
-0.151498
-0.162148
-0.0198003
-0.0146214
-0.0112835
0.0139221
0.00842664
-8.70793e-05
0.00472019
-0.00890582
0.0148136
0.0153513
-0.17115
-0.159319
0.210351
-0.112401
0.079381
-0.046645
-0.0944348
-0.173966
-0.180912
-0.166334
-0.239817
0.0407391
-0.0809332
-0.217171
0.0426273
-0.198517
0.165789
-0.154082
-0.136609
-0.209818
0.0145146
-0.201481
-0.24641
-0.32617
-0.0476238
-0.00764439
-0.0389809
0.00406772
-0.246307
0.0585434
-0.135952
0.0793111
-0.160356
-0.220797
0.0594435
-0.184692
-0.127675
-0.191924
-0.223273
0.0968415
0.114379
0.00432664
-0.0083542
-0.0867682
-0.111085
-0.23751
0.0678765
-0.113223
-0.207674
-0.124671
-0.1184
0.172025
-0.296738
-0.110927
-0.169015
0.108558
-0.0832711
-0.0867945
-0.0706888
-0.0542389
-0.167634
-0.288103
-0.206426
0.00593498
-0.0130656
0.05707
-0.197779
-0.267131
0.00290573
-0.0321768
-0.114787
-0.0700262
-0.149393
0.06488
-0.10221
0.049395
-0.197854
-0.134091
-0.276007
0.0216259
0.0395061
-0.0353815
-0.00175179
-0.0276407
-0.00705509
0.0326066
-0.0810649
-0.076513
-0.0265369
0.0492689
0.062195
-0.00130249
-0.120994
-0.16132
-0.0793002
-0.0270883
-0.0633197
0.163573
-0.167931
-0.226045
-0.0373754
-0.120908
-0.0699986
-0.0272192
-0.0921159
-0.0070919
-0.0399392
-0.0138201
0.064559
-0.165147
-0.289399
0.00153747
-0.00424397
-0.118435
-0.0053082
-0.38963
-0.180153
-0.0444191
-0.199963
0.0044677
-0.291422
-0.19689
-0.191397
0.0275332
-0.16408
0.00769295
-0.152586
-0.257086
0.0090016
0.047679
-0.155024
-0.0371436
-0.0379528
-0.0511543
-0.371199
-0.139953
-0.377806
-0.00678252
-0.0467184
-0.0356754
-0.130975
0.161972
-0.0722644
-0.227145
-0.184383
-0.0678118
-0.144884
-0.138971
0.0644641
-0.299816
-0.0411341
-0.0507144
-0.0551311
0.0796549
-0.067763
-0.0914672
-0.0548578
-0.0841292
0.091802
-0.0665113
-0.0400122
-0.0178392
-0.097922
0.0320121
-0.122788
0.191818
-0.100264
-0.126123
-0.247784
-0.0687892
0.00175573
0.0288838
-0.00447367
0.0206417
-0.00634709
0.0126523
-0.00532829
-0.00682107
-0.0119903
0.000634343
-0.0261294
-0.0699074
-0.126401
-0.128658
-0.169213
-0.24115
0.0428377
-0.145253
0.0624781
-0.328148
-0.301866
-0.0258145
0.011018
-0.14275
0.0291262
-0.406362
-0.193553
-0.152762
0.0278752
-0.0139375
0.105668
-0.0872322
-0.067011
-0.129103
-0.0293928
-0.127503
-0.160802
-0.0435559
0.149257
-0.152874
-0.0350455
-0.0276355
-0.0657618
-0.120056
-0.025186
-0.100397
-0.051493
-0.0433376
0.0717104
0.104487
-0.137674
-0.232937
0.0991791
-0.215849
-0.0178147
-0.36539
-0.153025
-0.209076
0.0304741
-0.0387874
-0.0471131
-0.0130426
-0.0266626
0.0109209
0.0163535
-0.0110705
0.0510505
-0.0405924
-0.003503
-0.0357947
-0.0170533
0.0150361
0.000930269
0.013869
0.0111529
-0.015087
-0.0256894
-0.0109758
0.0305405
-0.00654198
-0.0305228
-0.0216499
0.0111577
-0.0643015
0.0119201
0.0273011
-0.0274941
0.0739959
0.000821848
-0.0395491
-0.157964
-0.267234
-0.216893
-0.337616
-0.0137968
0.0271764
0.00343983
-0.143234
0.0305085
-0.0245601
-0.173013
0.0761633
-0.240303
0.0442465
-0.276431
0.0523495
-0.156247
-0.328225
-0.0765099
-0.223945
0.0112166
-0.000274849
0.00397043
-0.00850463
0.00276684
0.00436097
-0.0177897
0.0128233
-0.00736115
-0.00673814
0.056857
-0.238143
-0.280031
-0.0412551
0.00580515
-0.22713
0.0202371
-0.185333
-0.300985
-0.0501436
-0.196352
0.0400175
0.064968
-0.0622514
-0.207488
-0.259465
-0.158656
-0.0467307
-0.339172
-0.279101
-0.189205
0.0241871
-0.00397137
-0.114066
-0.137188
-0.286826
-0.119032
-0.0289073
-0.367302
-0.221619
-0.25238
0.0229268
-0.255322
-0.279848
0.0353628
-0.199667
-0.0268696
-0.34899
-0.0254499
-0.0178013
-0.321054
-0.289449
-0.247532
0.00983921
-0.175611
0.0253802
-0.245843
-0.124843
0.0315584
-0.0044351
-0.224273
0.0468077
-0.184506
0.0359447
-0.111808
-0.134948
-0.0922316
-0.147024
0.153253
-0.11483
0.0680286
0.0802109
-0.223251
-0.121433
-0.244344
-0.13389
0.00537259
0.0653992
-0.276295
-0.0795082
-0.0196173
-0.00376176
-0.0207804
0.0179867
-0.00918321
0.00646719
0.00432805
-0.0276897
-0.0134763
-0.0150981
0.0999521
-0.152187
-0.257881
-0.0650814
-0.243792
-0.128349
0.0484408
-0.121705
-0.08616
-0.27823
-0.344774
-0.158777
-0.0121335
0.0137858
-0.0246779
-0.0648626
-0.172189
-0.0543698
0.0318613
-0.274847
0.0861506
-0.171079
-0.110986
-0.0239406
-0.236869
-0.15955
-0.0394489
-0.264452
-0.0205527
-0.16083
-0.00611697
-0.0118713
-0.00866878
-0.0159797
0.0109602
-0.00643056
-0.0307907
0.049966
0.0560618
-0.031049
-0.270596
-0.092754
-0.176492
-0.22899
-0.152076
-0.0190407
0.00120643
-0.249517
0.0408085
-0.254785
-0.0881187
0.13047
-0.0932936
-0.0298945
-0.148868
-0.146478
0.150058
-0.110301
-0.0775696
-0.0366807
-0.240668
0.0210572
-0.172141
-0.220208
-0.112562
-0.0705382
0.0442471
-0.204107
0.0719659
-0.158205
-0.0582607
0.184281
-0.0438411
-0.108752
0.00117147
0.0431548
-0.0929986
-0.212772
-0.111549
-0.0162838
-0.0967541
-0.119699
0.0776793
0.0578479
-0.186661
-0.19919
-0.0916274
-0.0585077
-0.158186
-0.269948
-0.237521
-0.176404
-0.0706958
0.00334054
-0.12886
-0.0285187
-0.053627
-0.0691415
0.0330865
-0.326064
-0.203836
-0.211279
0.0328694
-0.118632
0.0672973
-0.184869
-0.245616
0.0708375
-0.208685
-0.251695
0.250886
-0.0923761
-0.0172553
-0.0836983
-0.068872
-0.170088
-0.28447
-0.20906
-0.162388
-0.219431
-0.180177
0.133452
-0.207693
-0.210926
0.00574368
-0.175484
-0.0324775
-0.236988
-0.0423162
0.0778207
-0.170125
-0.12402
-0.252629
0.00309663
-0.03124
-0.15337
-0.149606
-0.153396
-0.0113158
0.0510834
-0.097461
-0.0882428
-0.217946
-0.235227
-0.187561
0.0490868
0.0445025
-0.158491
-0.0512537
-0.254933
-0.0310338
-0.0148175
-0.0528994
0.126203
-0.0287192
-0.0306279
-0.049181
-0.0120967
-0.0740811
-0.0868488
0.0333051
-0.12339
0.0198558
-0.370332
-0.017309
-0.289036
-0.222482
0.0134567
-0.248027
-0.005021
-0.111931
-0.169176
-0.118564
-0.147373
-0.0714014
-0.140906
-0.156395
-0.259626
0.139739
0.0458038
-0.273589
-0.00680509
0.178589
-0.176632
-0.178207
-0.179637
0.112718
-0.154337
-0.248167
-0.119664
-0.217908
-0.207759
-0.312931
0.0252953
-0.168757
-0.0447037
-0.213581
-0.243402
0.0615378
0.0202179
0.101065
-0.111937
-0.250577
-0.267606
0.0378534
-0.169443
-0.278918
-0.0470174
-0.0610676
0.0624701
-0.050797
0.0372275
-0.0749232
0.0159103
-0.0129715
-0.0343923
-0.031301
0.048862
0.0364378
-0.0206316
-0.186483
-0.0340488
-0.194277
-0.318763
-0.00434071
-0.19012
-0.0419794
-0.259378
0.00489284
0.00810319
0.0417517
-0.145661
0.123737
-0.165521
-0.11844
-0.21404
0.0806176
-0.248852
-0.15285
-0.223534
0.0592113
-0.16681
-0.0417082
0.0619406
-0.165891
-0.105036
0.034488
-0.269144
-0.253625
-0.137437
-0.0138732
-0.165004
-0.164529
-0.0661876
-0.107835
0.0135005
-0.132244
0.0726485
0.0689789
-0.174833
-0.0660187
-0.0923814
0.0112426
-0.110299
0.101601
-0.135701
0.0393441
-0.215863
-0.240711
-0.274859
0.0857055
-0.246603
0.0208988
-0.0762797
-0.0411695
-0.174993
-0.217004
-0.0112489
-0.250361
-0.171995
0.0208951
-0.107352
-0.205537
-0.225754
-0.228416
-0.0599569
0.000132961
-0.169135
0.0240573
-0.0567817
-0.0278418
-0.0295263
0.093064
-0.0196235
-0.0250236
0.0244901
-0.00668983
0.0148522
-0.0279751
-0.0109231
0.116543
0.0711448
-0.290459
-0.143863
-0.189572
-0.230572
0.0670385
-0.13466
-0.280349
-0.0928954
-0.166003
-0.0815062
-0.00566936
-0.136363
0.0493006
-0.380384
-0.300228
-0.261253
-0.0409675
0.0196495
0.0730408
-0.241297
-0.0133163
-0.24728
-0.205778
-0.0710139
-0.149811
-0.125388
-0.099803
0.0858977
-0.0230082
-0.000783555
-0.0577485
0.0306638
0.00874816
-0.00809425
-0.00547166
0.0251158
-0.0191819
-0.0101779
0.0261537
-0.00159727
-0.278421
-0.149783
-0.192625
-0.206662
-0.315502
-0.00410575
0.0319586
-0.0472588
-0.00302621
0.0126551
-0.0458386
-0.0316762
-0.0070634
-0.0134529
0.0224198
0.043291
-0.0259958
-0.0353263
-0.00279978
-0.00751359
0.0104207
0.00740321
0.00506698
-0.0140287
-0.00471037
-0.0139979
-0.00488303
-0.027977
-0.121313
-0.0328346
-0.358425
-0.13866
0.0398547
-0.241668
-0.0242352
-0.225212
-0.0226835
0.0583774
-0.175615
-0.15072
-0.127985
-0.210163
-0.168922
-0.0331546
-0.172413
-0.255988
0.0653
0.0271335
-0.156568
0.0389831
-0.205284
-0.212168
0.100507
-0.205156
-0.116196
0.0939593
-0.163722
-0.123993
-0.0317997
-0.163989
-0.282774
-0.260315
-0.154278
-0.0162426
-0.0255738
-0.240146
0.0142051
0.0136043
-0.129169
-0.0611328
-0.106608
0.106296
-0.00588349
-0.0121142
-0.0280827
-0.254782
-0.0573886
-0.183307
0.0509305
-0.028158
-0.24338
-0.199339
-0.276258
0.0205539
0.0410407
0.0747595
-0.329701
-0.257701
-0.0513185
-0.269347
-0.43916
-0.26492
-0.0231348
-0.0453383
0.0110705
-0.179738
-0.0302495
-0.101637
-0.0846839
0.116427
0.0902671
-0.140361
-0.120363
-0.131735
-0.0466753
-0.135788
-0.264867
-0.0108042
-0.0268893
-0.0322774
-0.129447
-0.113915
0.106974
-0.0517789
-0.0924413
0.196911
-0.0515175
-0.0804345
-0.0773528
0.128573
-0.0263416
-0.116386
0.150995
-0.0624966
-0.169436
-0.205999
-0.293799
-0.218284
-0.00592331
-0.0011963
-0.0217037
0.00906104
-0.0182007
-0.0139457
0.0034725
0.0031272
-0.005698
0.0220176
-0.257978
-0.17029
-0.331362
0.0105518
0.0398283
-0.193006
-0.133871
0.046556
-0.187466
0.0356541
-0.0330172
-0.0591093
-0.239731
0.0506643
-0.212801
-0.0193202
-0.162164
-0.0890558
-0.246457
0.0229247
-0.0206977
-0.0867093
-0.00402608
-0.108235
-0.0996118
-0.114167
-0.0478097
-0.122613
0.251403
-0.157219
0.107712
-0.0575501
-0.0787501
0.0271895
-0.0126787
-0.00820065
-0.0832845
-0.0625075
-0.0511797
-0.00286164
-0.366516
-0.0579136
-0.00125057
-0.0150214
-0.349287
-0.164466
-0.221169
-0.0240726
-0.119895
-0.259739
-0.0737594
-0.158298
0.00650565
-0.0780431
0.11622
-0.0783609
0.0560675
-0.136558
-0.230869
-0.28669
0.00488388
-0.265821
-0.0950417
-0.281856
0.0182643
-0.264066
-0.321202
0.0206068
-0.13486
0.0343556
-0.0731196
-0.159452
-0.255924
-0.109075
-0.0168516
-0.241728
-0.162783
-0.0213022
0.0313299
0.0797307
-0.0649826
-0.111405
-0.0967642
0.0566852
-0.213854
0.145171
-0.144422
-0.213824
-0.28903
0.0824008
-0.205744
0.0956151
0.0802404
-0.250874
-0.230422
-0.120167
-0.00659311
-0.210657
-0.194545
-0.122814
-0.149344
-0.149433
0.248212
-0.193526
-0.0998176
-0.0864847
0.167051
-0.117476
-0.260475
-0.0509287
-0.0896934
-0.192534
-0.189757
0.0702166
-0.200354
0.0482257
-0.264947
-0.0220785
-0.042226
-0.0685367
-0.0148102
-0.282753
-0.0080776
-0.060296
-0.0828391
-0.244655
-0.184754
-0.329699
0.0014132
0.0246669
-0.0310041
-0.134198
-0.106077
-0.251624
-0.256423
0.0760608
-0.0741594
0.058544
-0.311614
0.0444663
-0.0719474
-0.138851
-0.0857672
-0.0126409
-0.172506
0.0718305
-0.179833
-0.155691
-0.250577
0.103136
-0.261544
-0.192411
-0.218854
-0.305323
-0.00803306
-0.00672476
0.119603
-0.12108
-0.105498
-0.092221
-0.165442
-0.185064
-0.0169848
-0.204247
-0.0278965
-0.11931
-0.201949
-0.0297113
0.237454
-0.185118
-0.0598271
-0.156006
-0.124067
0.0168378
-0.342851
-0.0637726
0.0236008
-0.38501
-0.00474124
-0.17634
0.00410386
-0.000436491
0.0113299
0.0017888
-0.00369691
0.00711794
0.0147977
-0.0071598
0.00486502
0.00697062
0.0500855
-0.246161
-0.226919
-0.0698295
-0.0213614
-0.119134
-0.346508
-0.0844108
-0.0861934
0.0559833
0.126178
-0.0170857
-0.245295
-0.232358
-0.299886
-0.197706
-0.170681
-0.0634131
0.0418655
-0.0108448
-0.0613513
-0.170141
-0.183183
-0.296643
-0.132666
0.0134334
-0.00953033
-0.353177
-0.0240808
-0.241015
-0.0665687
-0.0370516
0.11727
-0.0205114
-0.0751241
-0.100949
-0.0498784
-0.0895566
-0.0941954
0.11085
-0.131849
-0.151357
-0.0737754
-0.0806861
-0.104765
-0.189816
-0.0317788
-0.0743338
0.141893
-0.188406
0.167957
0.0198218
-0.26698
-0.232066
-0.249171
-0.123292
-0.179637
-0.0560632
-0.202375
0.111499
0.103218
-0.12425
-0.00793018
-0.042628
-0.119295
-0.202524
-0.028374
-0.126298
-0.134597
-0.0740914
-0.115638
0.125214
0.0450868
0.0403955
-0.264488
-0.0895532
-0.173729
-0.191566
-0.277387
-0.20863
-0.0635351
-0.0979533
-0.0248907
-0.166735
-0.0957077
0.158672
-0.0383257
0.0419807
-0.128176
-0.152173
0.0331617
0.0218225
0.0187512
0.00117516
-0.009609
-0.00811024
-0.0124107
-0.0214868
-0.0331613
-0.00589831
-0.130064
-0.196864
-0.00757312
-0.0352159
-0.211558
-0.096912
-0.0279415
0.0749032
-0.135005
-0.264124
0.00630452
-0.067111
-0.0577487
-0.220668
0.0460555
0.0122394
-0.190704
-0.0568639
0.0354255
-0.308077
-0.114341
-0.152754
0.15257
-0.0664697
-0.158246
-0.229553
0.108548
-0.129939
-0.068355
-0.191832
-0.00714378
-0.192985
-0.110439
-0.0410229
0.179915
-0.114258
0.0552261
-0.0943437
-0.142759
-0.175577
-0.10379
-0.0357342
-0.0562028
-0.173102
-0.185667
-0.0661782
-0.0138106
0.205024
-0.161793
-0.198213
-0.0253831
-0.0158918
-0.0324946
0.102217
-0.0400192
-0.007419
-0.00338671
-0.0162952
-0.0686906
-0.0772869
-0.197911
-0.13572
0.0278056
-0.119972
-0.248162
0.0541514
0.118653
-0.18879
-0.0909545
-0.241122
4.13333e-05
0.0012638
-0.00199673
-0.00118464
-0.00933373
0.00500177
-0.0125353
0.00988577
0.00311992
0.00277263
-0.0210757
-0.0823153
0.198406
-0.113688
-0.11667
-0.0644031
-0.0381692
-0.052922
-0.0889383
-0.086762
-0.260883
-0.0293209
-0.0385307
-0.0260664
-0.142676
-0.334054
-0.199758
-0.0691677
-0.0778063
-0.229913
-0.0601696
-0.0379955
-0.105096
0.176135
-0.019569
-0.136478
-0.0666224
-0.0525923
-0.18965
-0.0274294
-0.0517919
0.0453276
-0.0319158
-0.0603525
-0.0582982
-0.0803902
-0.0123724
0.0325431
0.0759203
-0.0167822
0.108226
-0.102785
-0.010165
-0.117875
-0.158304
-0.0430684
-0.189899
-0.210155
-0.00562081
-0.019444
-0.135778
-0.057868
-0.15288
-0.0957109
-0.133691
0.161803
-0.186241
-0.0858828
-0.229495
0.183418
0.156142
-0.0682094
-0.168259
-0.115705
-0.0351074
-0.137986
-0.0665696
-0.0736827
-0.0865768
0.0459765
-0.314188
-0.0327916
-0.0970194
-0.241482
-0.13361
-0.0952961
0.083604
-0.193804
0.0545205
-0.161089
0.0156218
-0.117987
0.0362664
-0.150184
-0.320311
-0.181732
-0.380299
0.0203909
0.030153
-0.294271
-0.159336
0.179991
-0.071579
-0.198562
-0.178257
0.0204419
-0.116656
-0.075369
-0.0632368
-0.132845
0.0101842
-0.00602383
0.00056555
0.00527407
0.000499817
-0.0109318
0.0118815
0.0218966
-0.0096344
-0.0115321
-0.211324
0.137737
-0.151018
-0.189092
-0.0696537
-0.0970187
0.121873
-0.0928911
-0.108402
-0.187212
-0.0253015
-0.00527292
-0.0627407
-0.0894304
0.118597
-0.00498374
-0.0605462
-0.100433
-0.075493
-0.016125
0.0156476
-0.0965508
-0.00590264
-0.145113
-0.211131
-0.0931409
0.0143365
-0.222354
0.103241
-0.0566836
0.125678
-0.146042
-0.152105
-0.0818708
-0.157392
-0.22943
0.0684203
-0.213534
-0.218316
-0.230777
-0.335106
0.027444
-0.187068
-0.218498
-0.172091
0.064708
0.0662411
-0.17847
-0.0318218
-0.166072
-0.256451
-0.234107
-0.275059
-0.0220298
0.0502378
-0.0269168
-0.187986
0.0210748
-0.251524
0.00301231
-0.00894345
-0.294441
0.00605867
0.115394
-0.190295
-0.21029
-0.153767
-0.213557
-0.0262454
-0.099777
0.125385
-0.065432
-0.200938
-0.224828
-0.172465
-0.0665591
-0.219282
0.117214
0.0396327
-0.352395
0.00312821
0.0196148
-0.0143346
-0.00763658
0.00132707
0.0109568
0.00991036
0.00129934
0.0036179
-0.0220168
-0.16171
0.0554073
-0.242076
-0.10122
0.115185
-0.216305
-0.224547
-0.263516
0.048073
-0.0134897
-0.279654
-0.266401
0.0138348
0.00746701
-0.135173
-0.264673
-0.192146
-0.0363468
0.0310878
-0.217321
-0.183527
0.0708412
-0.344905
-0.0867979
0.0873139
0.0946181
-0.191875
0.00461381
-8.69548e-05
-0.165302
-0.126035
-0.0299913
-0.0670933
-0.0374473
-0.0966684
-0.148251
0.254539
-0.0136397
-0.0274894
-0.0727594
-0.209762
0.0213796
0.0112157
0.0848742
-0.1983
-0.228792
-0.0882569
-0.0725739
-0.188072
-0.178217
0.0237503
-0.0926543
-0.0207866
-0.348317
-0.0399569
-0.231616
-0.237213
0.0333669
-0.282454
-0.0470783
0.149873
-0.0140013
-0.07764
-0.0155815
-0.0210364
-0.0931857
-0.0380159
-0.0667559
-0.0825253
-0.0544411
0.00656638
-0.203945
-0.246162
-0.181582
-0.0908458
0.0444442
0.0605091
-0.0830039
-0.141414
-0.186509
-0.13417
-0.0135931
-0.00787219
-0.327601
-0.142638
-0.179234
-0.0846273
0.00311461
-0.0468666
-0.227623
0.0239563
-0.212419
0.0303362
-0.220697
-0.055958
-0.17332
-0.00114308
-0.29016
-0.332634
0.0223722
-0.18294
-0.189438
-0.0709745
-0.0903569
0.103389
-0.121978
0.167209
-0.149752
-0.0627707
-0.333186
-0.21464
0.0287619
0.00405113
-0.139367
-0.264829
-0.0977933
-0.203903
0.083156
-0.095073
-0.313275
-0.102217
0.158824
-0.0269677
-0.157778
0.0756339
-0.145289
-0.105565
-0.143566
-0.218556
-0.233186
0.000143676
-0.269769
0.159174
-0.0740863
-0.0443713
-0.139107
-0.210545
-0.189325
-0.21738
-0.092857
-0.0581099
-0.34983
-0.280889
0.00504861
-0.342225
0.0169599
-0.0120161
-0.298193
-0.0155967
-0.0827892
0.0507399
-0.187468
-0.198288
-0.208704
-0.255378
-0.220202
-0.140106
0.0612677
-0.101711
0.0589558
0.19774
0.13451
-0.238779
-0.0947915
-0.227996
-0.0824695
-0.112259
-0.158591
-0.162576
-0.106037
-0.0383281
0.0481117
-0.162498
-0.153459
-0.0999164
-0.0840119
-0.142066
0.0913158
0.171858
-0.0694989
0.00180742
0.004012
-0.0121434
-0.0236454
-0.00199452
0.0174272
0.00660585
0.00795268
0.00307877
0.0044024
-0.139215
-0.208181
0.0810729
-0.0849829
-0.131972
-0.0119084
-0.0734929
0.0379389
-0.237662
-0.141739
0.109226
-0.161976
0.0179866
-0.029403
0.0244671
-0.106616
-0.202027
-0.181113
-0.302674
-0.163765
0.017124
-0.00199963
-0.0218712
0.00557021
-0.0091088
0.0172617
-0.00764519
-0.00823591
0.0207465
0.00505055
-0.194824
0.0495094
0.0419467
0.136126
-0.140755
-0.238531
-0.134078
-0.124481
-0.141556
-0.116192
-0.00655781
0.269453
-0.165348
-0.0417915
-0.203801
-0.0732508
-0.0753655
-0.143085
-0.103809
-0.0839489
-0.320733
-0.0851655
-0.0129429
-0.00247765
-0.218304
0.00289332
-0.434455
-0.107862
-0.0614004
-0.0201972
0.0100509
0.0304321
-0.0926656
-0.0398811
-0.0249597
0.0116003
0.0120918
-0.0366091
0.00218297
-0.0391387
-0.22267
-0.228546
-0.205363
0.0699618
-0.291714
0.0150436
0.0197335
-0.244927
0.0728812
-0.270203
0.0987791
-0.176013
-0.176503
-0.188849
-0.24693
0.0676484
-0.156952
0.0185606
-0.292619
0.0273368
0.0723666
-0.167166
-0.211895
-0.149338
0.145194
0.0511048
-0.11437
-0.0573414
-0.184867
-0.242764
0.00559276
-0.0887735
-0.206424
-0.183313
-0.116871
-0.0188863
-0.155279
0.00590902
0.200796
-0.1356
-0.00441999
0.00444661
-0.0085345
0.00495228
-0.00561773
-0.000434033
-0.00453093
-0.00539222
0.00317713
0.0102798
-0.17668
-0.208259
-0.180445
-0.274623
-0.0213167
0.0687529
-0.0296707
0.04743
-0.167164
0.00692788
-0.0687903
-0.183017
0.0095772
-0.0893939
-0.0316481
0.0226271
-0.0733052
-0.127823
-0.227908
0.189043
-0.0794629
-0.148547
-0.0272638
-0.0232136
0.18991
-0.0282357
-0.0846244
-0.045996
-0.10418
-0.264382
-0.102697
-0.0724388
-0.114687
0.0983818
-0.219631
-0.24265
-0.181321
-0.0885409
0.111387
-0.16366
-0.121258
-0.124803
0.0664887
-0.278186
-0.0199675
-0.34891
-0.194532
-0.232089
0.0429794
0.00257467
-0.203189
0.00995591
-0.123401
0.0329333
-0.212411
-0.202593
-0.147257
0.0180462
-0.288618
-0.0139759
-0.170148
0.0984687
-0.300456
-0.270126
-0.293025
-0.0421437
-0.0455964
-0.0583238
0.0302013
-0.21476
0.120011
-0.104132
-0.289364
-0.082936
-0.0899222
-0.173511
0.11574
-0.112983
-0.216568
-0.0765491
-0.280359
-0.285937
0.0705645
-0.0118544
-0.111798
-0.0169595
-0.304528
-0.240855
-0.00312896
-0.117845
-0.0630504
-0.0989119
-0.133234
-0.171451
-0.128569
-0.155193
-0.0562434
-0.314335
0.120482
0.0112555
-0.171257
0.0407208
0.0281496
-0.154468
-0.202949
-0.218907
-0.153008
0.0462206
-0.237273
-0.223817
-0.291172
-0.212411
0.0553994
-0.118845
0.0471161
-0.0835794
-0.11852
0.102116
-0.0886404
-0.326114
-0.00311458
-0.000119764
-0.121785
0.0158225
-0.0366002
0.0536123
-0.072315
-0.179283
-0.241695
-0.256664
-0.25906
-0.0188179
-0.302748
-0.244131
0.0373075
-0.12271
-0.218762
0.134502
-0.259222
0.0191864
-0.243907
-0.0760318
-0.0472781
-0.0581224
0.00932181
-0.405611
-0.304798
-0.0504417
-0.0385926
0.0068663
-0.0754697
0.00479028
0.0684014
0.032788
-0.0678739
-0.0536774
-0.0603177
-0.185712
-0.258827
-0.0994145
-0.244695
-0.159691
-0.277261
-0.0501258
-0.282063
-0.250078
-0.114362
0.0581769
-0.211287
0.0643101
-0.0349148
-0.0353498
-0.0530338
0.0729083
-0.0553441
0.0236666
0.00189557
-0.0718298
0.0487243
-0.016434
-0.0988106
0.0432166
-0.228188
-0.139316
-0.276965
-0.183705
-0.271076
0.0158469
0.100796
-0.015536
-0.00760495
-0.0122664
-0.0185759
-0.00239468
0.00913538
0.0168155
-0.00176164
-0.000466048
0.0114722
0.0249165
-0.270522
0.0413804
0.0054156
-0.0472897
-0.16592
-0.0761973
-0.333127
-0.0234665
-0.170921
-0.126692
-0.00970853
-0.0700405
0.0393064
-0.117168
-0.0167848
-0.0346108
-0.0222469
0.126815
-0.0602961
-0.00315877
-0.0869299
-0.0442088
-0.137074
-0.0138721
-0.173053
-0.114859
-0.0303214
0.187952
-0.113617
-0.15062
0.0559926
-0.0791827
-0.0566693
0.156978
-0.0780029
-0.1554
-0.0948216
-0.0911041
-0.0700762
-0.0974489
-0.0421469
-0.0202112
-0.172327
0.173549
-0.0577708
-0.0546872
-0.0301109
-0.0377462
-0.050407
-0.0653196
-0.0628975
-0.296864
-0.117235
0.0408823
-0.248673
-0.0308142
-0.018808
-0.190824
-0.275092
0.0342701
-0.12706
-0.0804106
0.111249
-0.188336
-0.257316
-0.0339342
-0.0969282
0.0785887
-0.148093
-0.250755
-0.000828994
0.00541819
-0.0102821
0.00606332
0.0218497
-0.0107543
0.0102584
-0.00464356
-0.00168982
-0.00152396
-0.0205874
-0.0555616
-0.0632348
-0.0941493
-0.0719496
0.0650227
-0.0674532
0.00502952
0.0393889
-0.0150841
-0.119795
-0.050781
-0.0791294
0.113552
-0.106028
-0.276114
-0.0968074
-0.147674
-0.0721114
-0.017056
-0.16781
-0.153631
-0.1401
0.0354133
-0.136311
-0.184904
-0.084105
0.014762
-0.300829
0.0971244
0.0146776
0.0086026
0.0120214
-0.00318438
0.0130454
-0.0113857
-0.0123994
0.00973822
-0.00115841
0.00377029
0.0177297
-0.0330937
0.06218
-0.343667
-0.151285
-0.0876936
-0.0850319
-0.0712049
-0.154004
-0.347171
0.00342633
-0.0333202
-0.0960012
0.0227877
-0.0719767
0.129592
-0.0986237
-0.0847911
-0.264844
-0.175387
-0.0650476
0.0296844
-0.0117157
-0.0724712
-0.0209575
0.0665737
-0.0532157
-0.0672045
-0.143215
0.0437547
-0.0792144
-0.185208
0.0635915
-0.166143
-0.0920332
0.0439331
-0.199279
-0.259237
-0.0804108
-0.00685339
-0.109396
-0.271202
-0.0895528
-0.0135504
0.00252362
0.0143283
-0.173887
-0.285903
-0.271851
0.0646934
-0.0839232
-0.152921
-0.359275
-0.321871
-0.0966506
-0.0647917
0.0204665
-0.270995
0.024131
-0.258904
0.0166417
0.00675207
0.00956998
-0.0196126
-0.00142695
-0.00851746
-0.00771495
0.00642748
-0.00582756
-0.00745796
-0.0900475
-0.208441
-0.195236
-0.085581
0.087242
-0.167192
0.0338713
-0.231933
-0.270485
0.112889
0.00647374
-0.22489
-0.239927
-0.184325
-0.166213
-0.1466
-0.204533
0.114989
-0.170415
0.0634909
-0.111397
-0.0647878
-0.0877751
-0.125832
-0.079902
-0.111411
-0.0864484
0.271956
-0.133756
-0.159081
0.11913
-0.0700995
0.0651943
-0.137427
0.0386211
-0.0646636
-0.0521585
-0.116079
-0.0963797
-0.050625
-0.250962
-0.0263222
0.0220351
-0.0899573
-0.0492141
-0.02431
-0.0618432
-0.0391238
-0.0642199
-0.323195
-0.0807327
-0.192549
-0.163384
-0.0586536
0.147379
-0.059234
0.0721509
-0.091669
-0.19526
-0.0972386
0.16817
-0.0316054
-0.0509519
0.0205677
-0.0411163
-0.0158379
-0.142436
-0.125664
-0.139969
-0.0742739
-0.0498959
-0.403198
-0.116885
-0.0643393
-0.320914
-0.0245299
0.00177559
-0.423284
-0.0358084
-0.0494176
-0.0129968
0.00328228
0.015702
0.00916792
-0.00721472
0.0153133
0.000665301
-0.020343
0.00506179
0.00165488
-0.225573
-0.0458875
-0.222062
-0.206241
-0.134473
0.0685515
0.0573279
-0.0892571
-0.194953
-0.0653084
0.0789542
-0.136189
-0.227878
-0.277773
-0.171003
0.0875962
0.00445926
-0.0382457
-0.206854
-0.144561
-0.0715098
-0.0923819
-0.0916471
-0.255753
-0.00930953
-0.128007
-0.0157089
-0.272848
0.0214656
-0.229127
-0.00672303
-0.191472
-0.0182721
-0.00733269
-0.190837
0.0855625
-0.160616
-0.0356788
-0.291659
-0.177293
-0.136948
0.119302
-0.202496
-0.100894
-0.304115
0.0101567
-0.0978709
0.077771
-0.0910114
-0.177914
0.0363278
-0.322915
-0.0318833
-0.0159338
-0.222609
-0.139456
-0.187732
-0.307888
0.0680057
-0.311374
-0.0475831
-0.172463
-0.0993029
0.0411321
-0.306602
-0.335569
-0.19705
-0.114001
0.0245013
-0.00820377
-0.117103
-0.160076
0.132827
-0.28209
0.0371531
-0.0976989
-0.151752
-0.199947
-0.264407
0.0321868
0.00314262
-0.00335057
-0.00289914
-0.0218256
-0.000771957
-0.00388541
-0.00110353
0.00409934
-0.00915849
0.00534295
0.0122604
0.00394656
0.00218283
0.0087309
0.0102891
0.00959238
0.00887291
0.0080227
-0.00405156
-0.000829856
-0.205496
-0.267243
0.0158008
-0.0258709
-0.28629
-0.153534
-0.347919
-0.0940868
0.0527601
-0.0695158
0.0135734
-0.026414
-0.00311714
0.00667505
0.2013
-0.133831
-0.197365
-0.147388
-0.118044
-0.156682
0.0817155
-0.172126
-0.159887
-0.207795
0.0419481
-0.0066446
-0.188174
-0.181859
-0.125212
0.112643
0.00338706
-0.0157811
0.0115605
-0.00375308
-0.00300606
0.0159941
0.00606389
-0.00728078
-0.00403984
-0.0104948
0.0394737
-0.0767071
-0.169691
0.0147141
-0.12417
-0.141256
-0.0373314
-0.0552726
-0.148462
0.0958372
-0.186005
0.0774138
-0.224895
-0.196032
-0.102039
-0.302408
-0.256961
-0.161163
0.0974168
0.0100606
-0.0152151
-0.00825286
0.00162962
0.00509901
0.00545408
-0.0209985
-0.00978617
0.00476782
0.00852582
-0.015159
-0.0783672
-0.0256736
-0.112947
-0.256939
0.0467822
-0.199593
0.0445038
-0.142822
0.0579808
-0.161365
-0.24232
-0.202028
-0.0329158
-0.177687
0.0872715
0.052421
0.0880775
-0.0926229
-0.269471
-0.15714
-0.0562803
-0.0871646
-0.0375861
-0.056238
-0.199532
0.0160688
-0.0757068
-0.177203
-0.177483
0.245617
-0.160635
-0.148202
-0.0760782
0.0400477
-0.153393
-0.100281
-0.285311
0.0425855
-0.365391
-0.0476197
0.016214
-0.000795591
0.0659753
-0.0009116
-0.103395
-0.0442543
0.0744109
-0.0714856
-0.0823637
-0.0716236
-0.136043
-0.112652
-0.0977911
-0.0155425
-0.114837
0.134087
-0.158578
0.0638028
-0.176418
-0.173485
-0.0851885
-0.108363
-0.0603167
-0.14295
-0.0287556
0.21989
-0.0753359
-0.0351172
-0.241624
-0.0376569
-0.257684
-0.06299
-0.380879
-0.260491
0.00770077
-0.0715029
-0.269929
0.0461827
-0.112531
0.047463
-0.295098
-0.218779
-0.0716712
-0.0661431
-0.0105444
0.0184599
-0.382436
0.000123003
-0.39143
0.004628
-0.0420187
-0.282564
-0.157665
0.00934734
-0.243118
-0.208538
-0.126574
0.095532
0.0962349
-0.20069
-0.18497
-0.194764
0.141099
-0.0390326
-0.233257
-0.192519
-0.176859
-0.103001
0.0605847
-0.206233
-0.0151958
0.0151666
-0.247193
-0.205219
-0.182995
-0.126557
-0.232659
0.03645
0.0438149
-0.236453
-0.0939421
-0.103541
-0.0816729
-0.0384268
-0.402076
-0.12401
-0.0141036
-0.259313
-0.0241919
-0.412356
-0.182661
-0.0539948
-0.236816
0.0992605
-0.104364
0.0357962
-0.0475649
-0.207064
-0.204039
-0.18609
0.0348986
-0.0234427
-0.0364405
-0.280232
0.0114725
-0.162612
-0.0597862
-0.292067
-0.278303
0.0266591
-0.181256
0.0725855
-0.141634
-0.151735
-0.216612
0.0925718
0.0100632
-0.281624
-0.156931
-0.180141
0.02225
-0.271721
-0.266996
-0.0256572
-0.291705
0.0408077
-0.0189278
-0.286694
-0.0376615
-0.222309
-0.113338
-0.213707
-0.0858679
-0.160402
-0.176505
-0.0650903
-0.130899
0.189359
-0.00151749
-0.15173
-0.0284884
-0.281857
0.0460001
-0.184972
0.0220501
-0.254031
-0.235788
-0.240548
-0.0679032
-0.0219539
0.00942228
0.00415468
0.0039424
-0.00305425
0.00449147
-0.00337052
-0.00428879
0.00875347
0.00510474
0.00789475
-0.00855283
-0.00113023
-0.0189722
-0.00650509
0.0157603
0.0191333
0.0154766
-0.0178115
-0.0373397
-0.00733577
-0.14412
-0.215074
-0.149575
-0.0769176
0.0704367
0.0375862
-0.160389
0.111595
-0.237188
-0.0997793
0.0809561
-0.1045
-0.164423
-0.213122
-0.187606
0.0442208
0.000384939
-0.0205502
-0.16844
-0.235254
0.0943916
0.0749884
-0.0819172
-0.0494956
-0.114107
-0.056958
-0.0475628
0.0552833
-0.0296808
-0.0933426
-0.0468855
-0.0306051
0.0209527
-0.187349
-0.218522
-0.288722
-0.0887982
-0.230618
0.00810686
-0.352167
0.0150606
0.115042
-0.0506872
-0.0481066
0.154049
-0.112762
-0.0495661
-0.265039
-0.133807
-0.236932
0.120255
0.0443443
0.0428004
-0.254725
-0.199388
-0.253597
-0.0846851
-0.0800652
-0.112536
-0.274255
0.0236949
-0.014472
-0.00149211
0.0200589
0.00687279
0.00621167
-0.00279079
-0.00404873
-0.00328629
0.0101254
0.0214177
-0.0537749
-0.10467
-0.0140017
0.0778053
-0.093811
-0.0804616
0.0876353
-0.0918138
-0.18086
-0.125422
-0.0013683
-0.0208241
-0.00379351
-0.269332
0.052842
-0.233033
-0.0459004
-0.280963
-0.0854285
0.0500462
-0.128767
0.016749
-0.0873146
-0.153597
-0.00129099
-0.0858326
0.13846
-0.199094
-0.221932
-0.111099
-0.281261
-0.217221
-0.0214567
0.0319382
-0.00838759
-0.39261
-0.0854813
-0.0381024
0.0269876
-0.0195762
0.00434876
0.00818073
-0.00734452
0.0143201
-0.0173561
0.00148541
-0.00260613
0.0260504
0.011195
0.027227
0.0780571
-0.13076
-0.134185
0.0285651
0.0390625
-0.139301
-0.0493724
-0.225609
-0.234257
0.0159025
0.00476839
-0.0113131
-0.00846643
-0.0119626
0.0047614
0.0137008
-0.000760163
0.00215832
-0.0185691
-0.000427004
-0.0800756
0.166079
-0.163168
-0.12994
-0.0575628
-0.0709374
-0.00772629
-0.0629845
-0.113188
-0.188243
0.112239
-0.131645
-0.198883
0.095493
-0.230944
0.107756
-0.315654
-0.206261
-0.283864
0.0247612
0.114463
-0.176596
0.091627
-0.0532909
-0.105569
-0.0212829
-0.124968
-0.119346
-0.116073
-0.0396763
0.00553831
-0.169575
-0.0346619
-0.0495995
-0.147079
-0.103811
0.0845981
0.147317
-0.159884
-0.26055
0.0520423
-0.218441
-0.191004
-0.211164
-0.237597
-0.222973
0.00640365
-0.0614343
0.112192
0.0759166
-0.0143722
-0.151295
-0.173506
-0.248893
0.0573265
-0.0198353
0.0766638
-0.229383
-0.241951
0.129009
-0.0984485
-0.163697
-0.0894012
-0.118226
-0.247969
0.126535
-0.132282
-0.205017
-0.23659
-0.174061
0.0868766
-0.167377
0.0439062
-0.152618
0.0303421
-0.23032
0.0416407
-0.267503
-0.133151
0.0477377
-0.167706
-0.353269
-0.150355
-0.0185222
-0.248857
0.0169263
-0.0932957
-0.268049
0.018912
-0.151029
-0.0767453
0.0197907
-0.00916567
0.110262
-0.284996
-0.139828
-0.281309
-0.0459545
-0.260325
-0.206375
-0.12196
-0.242688
-0.0929621
0.0539795
-0.258067
-0.187671
-0.00466486
-0.28678
0.0557553
-0.293317
-0.320616
-0.27001
0.0466515
-0.200097
-0.0316436
-0.189163
-0.033193
-0.0563336
0.0064713
-0.209904
-0.199539
-0.0386344
-0.129482
0.000280448
-0.0923324
-0.180191
0.0969834
0.0126045
-0.108309
-0.16769
-0.154493
0.075198
-0.187951
-0.0982067
-0.046597
-0.0460069
0.0592075
0.0683263
-0.171917
-0.034335
-0.0300807
0.0257279
-0.00547661
0.0766494
0.0311807
-0.071782
-0.0259342
-0.0521173
-0.0443666
-0.113878
0.114472
-0.204801
-0.177492
0.0651231
-0.295013
-0.253245
-0.218347
-0.106875
0.0273461
-0.209525
-0.201948
-0.122479
-0.327449
0.0246704
-0.080892
0.0238454
-0.179832
0.0647461
-0.0954568
0.0483179
-0.174036
-0.0559045
-0.0642036
-0.2261
-0.0721413
-0.14946
-0.0797249
-0.16457
0.121495
-0.272867
-0.300395
0.0011352
-0.234927
-0.0380897
-0.0325555
-0.0984317
-0.265257
0.0262743
0.0118834
-0.236552
0.0670369
-0.311852
-0.292185
-0.00369836
-0.308177
-0.191406
-0.154831
-0.00882121
0.017558
-0.0173062
-0.0215283
0.0165737
-0.00585759
0.00775526
-0.004001
0.0173808
0.00256715
0.00591082
-0.00415548
0.00215463
-0.145089
-0.321191
-0.322938
-0.138007
-0.0212396
-0.00176577
-0.280529
-0.0437734
-0.320562
-0.0345469
-0.107832
0.0789473
0.0140366
-0.20036
0.136321
-0.123979
-0.127503
-0.163916
-0.174422
-0.0851334
-0.039032
-0.0758905
-0.143536
-0.0979801
-0.157316
-0.0123626
-0.0921727
0.228092
-0.0775634
-0.00742144
-0.0180634
0.0158881
0.00757687
-0.00491091
-0.00868574
-0.000490754
-0.016917
-0.0111162
-0.00101337
-0.239938
0.0312091
0.0486236
-0.126132
-0.130616
-0.256793
-0.232033
-0.112215
0.0418766
-0.279615
-0.136722
0.0972189
-0.284645
-0.108209
-0.133775
-0.177473
0.107794
-0.19475
-0.209679
0.105878
0.00421477
-0.0269715
-0.0534659
-0.0201254
-0.0138358
-0.034786
-0.0136524
0.126898
-0.0620992
-0.0722893
-0.309836
-0.249653
-0.296016
-0.198989
0.0904867
-0.233503
-0.212893
0.0710914
-0.229577
0.0560281
-0.111207
0.109961
-0.0818032
-0.165841
-0.190566
-0.179596
-0.185743
-0.135015
-0.129507
0.127712
-0.104311
-0.196088
-0.150294
-0.0784742
0.0960299
-0.0439311
-0.12813
-0.136672
-0.318016
0.0610168
-0.0586575
0.0672697
-0.0822946
-0.155987
-0.0493812
0.126657
-0.160275
0.0475131
-0.245888
-0.05554
-0.235775
-0.0109505
-0.0357725
-0.0553566
-0.226407
-0.00836059
-0.170882
-0.00377937
-0.411815
-0.0346218
-0.104469
0.123991
-0.341931
-0.151954
-0.056834
-0.0513697
-0.107885
-0.104978
0.0186747
-0.0938737
-0.172407
-0.137935
0.00299738
-0.116819
-0.324544
-0.140802
0.0364803
-0.207705
0.0250064
-0.388185
-0.43237
-0.143968
-0.3259
-0.090672
0.00993075
-0.0376426
-0.33144
-0.00331272
-0.0942562
0.0323032