-0.136207
-0.0229553
0.0867525
-0.121314
-0.0482654
-0.00081028
-0.187815
-0.0147556
-0.0428656
-0.0412748
-0.151685
0.0898681
-0.115523
-0.0890269
-0.0702641
-0.117553
-0.0868869
0.126876
-0.127255
-0.108325
-0.0655879
-0.173031
-0.108064
0.0651689
-0.154669
0.0643151
-0.125054
-0.195468
-0.116112
-0.0422698
0.0550706
-0.0684639
-0.215644
-0.16815
0.0388794
-0.197837
0.0544623
-0.163022
-0.208477
-0.12808
-0.185071
-0.0465248
-0.0922386
0.0328598
0.00552695
0.0621848
-0.227478
0.00609625
-0.294986
-0.0386897
-0.116136
-0.11451
-0.14839
0.0821803
-0.126184
0.0751718
-0.121803
-0.0999701
-0.182434
-0.0806944
-0.0671817
-0.058232
-0.079412
-0.0258997
-0.0783099
-0.0613308
-0.0157184
0.0953161
-0.0311487
-0.201455
-0.0537467
-0.0776703
-0.101853
-0.128909
-0.0694411
-0.0758023
-0.00971519
0.0198339
0.175995
-0.109618
0.0190028
-0.0484324
-0.0199807
0.0519882
-0.138834
-0.0977816
-0.0144241
-0.159754
-0.0462376
-0.110502
0.0457874
-0.0668973
-0.119491
-0.110074
-0.124121
0.0589
-0.0128421
0.0783671
-0.167155
-0.111583
-0.137483
0.14816
-0.238569
-0.00520283
-0.0949819
0.0239178
-0.158994
-0.0925633
-0.207931
-0.165459
-0.0917998
-0.0756149
-0.208053
-0.220561
-0.0239546
0.0724291
0.00595333
-0.00282165
-0.0680852
-0.0960074
-0.160843
-0.06557
-0.21424
-0.164272
-0.080126
-0.140756
-0.0776845
0.104405
-0.159115
0.051998
-0.191322
0.0530227
0.0576702
-0.168372
-0.114783
-0.111548
0.0646675
-0.154101
-0.119447
-0.0696024
-0.142857
-0.25303
0.0484284
0.00404246
-0.157467
-0.265469
-0.0927725
-0.179724
0.0624725
0.00404887
-0.00255476
-0.0564023
-0.0509535
-0.0936183
0.0167056
-0.120893
-0.143828
-0.123851
0.159338
-0.067761
-0.0132628
0.0548921
-0.0684436
0.0615008
0.00740802
-0.0836053
-0.0289031
0.0256378
-0.0776586
-0.00189878
0.00781097
-0.0123369
-0.010432
0.0192602
0.0119475
0.0145434
-0.0274264
-0.0267192
0.01182
-0.0408124
-0.00217585
-0.0105561
0.00712445
0.00523298
0.0107377
0.0233257
0.00142916
-0.0108887
0.00364131
-0.0176523
-0.167219
0.0450786
-0.226708
-0.0789394
-0.014323
-0.1211
-0.223319
-0.0993623
0.0371304
-0.0070832
-0.0770906
-0.186483
0.104026
-0.104355
-0.0456733
-0.204514
-0.0637748
-0.0355336
-0.0561953
0.0342763
-0.00444967
-0.113116
0.0303592
-0.148894
-0.234994
-0.184474
-0.186761
-0.0707537
0.045739
-0.0477713
0.125078
-0.0451726
-0.023655
-0.179454
-0.0887529
-0.0360441
-0.153695
0.0688988
-0.102837
-0.164863
-0.108931
-0.0369069
-0.0305775
-0.0568842
-0.0142111
-0.0597318
0.146331
-0.0454112
-0.104809
-0.0863438
-0.150406
0.00657695
0.0810649
-0.00491615
-0.134613
-0.256721
-0.14239
0.00591606
-0.220656
-0.181508
-0.157521
-0.0333605
-0.197724
-0.253688
0.0203652
-0.245126
-0.171029
0.0521441
-0.247297
0.0432026
-0.13026
0.0125848
-0.0461661
-0.233212
0.0195154
-0.182451
-0.06835
-0.246782
-0.0115734
-0.0137173
0.0467248
-0.0713256
-0.0579967
-0.0676629
-0.145238
-0.0812775
0.0529485
-0.137607
0.0390494
-0.102327
-0.114771
0.120115
-0.186082
-0.123669
-0.113912
-0.083084
-0.151812
-0.1105
0.11031
-0.0820144
-0.078277
-0.0548687
-0.0191547
-0.172775
0.0112878
-0.0524563
-0.0543145
0.101051
-0.150636
-0.106405
0.00183007
-0.0102051
0.0132826
-0.00494283
-0.00220211
-0.00465491
0.0118159
-0.0146251
0.0173582
-0.0106911
-0.0746057
-0.14062
-0.0851164
-0.100049
-0.0370774
-0.077267
0.17612
-0.0687299
-0.156691
-0.0498159
-0.153651
-0.101399
-0.134802
-0.186084
-0.117875
0.118928
0.0666836
-0.0548541
-0.0918226
-0.118812
-0.02062
-0.00587363
0.0040859
-0.00105439
0.0137386
0.0199381
-0.0116157
-0.0052827
-0.0107199
0.00304146
-0.0109569
0.0550345
-0.0201933
-0.0285168
-0.273204
-0.205373
-0.251427
-0.0327487
-0.0546792
0.0142857
0.087817
-0.187325
-0.250936
-0.0441352
0.0662223
-0.222658
0.0108643
-0.132578
-0.1662
-0.0710198
-0.0272277
-0.114948
-0.10079
-0.16505
-0.0429842
0.146439
-0.2074
-0.00206834
-0.00696664
-0.0633272
-0.229744
-0.102177
-0.21174
-0.181512
0.0511754
0.00702445
-0.146663
-0.0862267
0.0668516
-0.0304665
-0.0217843
0.0808491
-0.0522743
-0.112624
-0.00979816
-0.00381413
-0.0247353
0.0622906
-0.0816682
-0.131616
-0.0748826
0.042629
-0.13437
-0.0820759
0.0313119
-0.0217756
0.00345607
-0.198712
-0.157171
0.025145
-0.115703
-0.12175
-0.19371
-0.190314
-0.0501574
0.0253093
-0.00611532
-0.245543
0.0351497
0.0201992
-0.0627735
-0.140135
-0.0732692
-0.126343
-0.181659
-0.133883
-0.0825675
0.0109697
-0.0158577
0.0612949
-0.0298613
-0.0432217
-0.0241237
-0.016678
-0.333356
0.0215045
0.0309463
-0.231955
-0.0445575
-0.290062
0.0219152
0.00221979
0.00382315
-0.0656647
-0.260676
-0.0315218
-0.188703
-0.0819077
-0.0117589
-0.0742807
-0.0712753
-0.00989741
0.111543
-0.119974
-0.0518327
-0.089695
-0.0990141
-0.0734682
-0.118976
0.0338463
0.0165073
-0.0639591
-0.127409
-0.0276367
-0.166866
-0.0322287
0.0282848
-0.244109
-0.00681414
-0.253856
0.107521
-0.268565
-0.0212132
-0.0807197
-0.122828
-0.0036049
-0.0653739
-0.023127
-0.159936
0.00677128
0.0182823
-0.201978
-0.0331942
0.0358735
-0.224237
-0.00764383
-0.016951
-0.264665
-0.0190874
-0.20313
-0.00900572
-0.00505469
0.0129771
-0.00658971
-0.00320236
0.00283815
-0.017676
-0.00129245
-0.0203894
0.000580813
0.0906141
-0.0170371
-0.0196108
-0.0561354
-0.108277
-0.00553871
-0.0462758
-0.116857
-0.102907
-0.0512096
0.00804149
0.00427088
0.0173396
-0.00890419
-0.000134842
0.00301876
0.0179576
0.00515777
0.00270421
0.0115326
0.0270779
-0.135529
-0.146732
0.00809026
-0.0288823
-0.131846
0.0276029
-0.184978
-0.071201
-0.137429
-0.125581
0.0807711
-0.191587
-0.136687
-0.107573
-0.101845
-0.0956329
0.0822982
-0.105696
-0.00845091
-0.0169574
0.00318211
0.0249939
0.00819833
-0.000484016
0.00559541
0.000820463
0.00222674
-0.0112282
0.0022413
-0.0954069
-0.0624918
0.0320822
0.000969781
-0.0448151
-0.163643
-0.126406
-0.0921518
-0.0806544
-0.000131242
-0.0347098
-0.112627
-0.0939715
0.0820329
-0.126411
-0.0770089
-0.0380588
-0.0358329
0.11891
-0.0431882
-0.0833017
0.0412581
-0.20494
-0.15672
-0.172513
0.0785427
-0.0642676
-0.0225336
-0.0746836
0.0293154
0.0997259
0.00828577
0.0687471
-0.112782
-0.2575
-0.160286
-0.00649517
0.0330254
-0.202719
-0.209785
-0.0232532
-0.120683
-0.222555
-0.176101
-0.137692
0.0166714
0.0383736
-0.207465
0.00519793
-0.0822155
-0.154216
-0.0848197
0.086383
-0.182751
-0.0497801
-0.0566054
-0.121024
0.0056118
-0.22074
-0.0947588
-0.135378
0.11102
0.0812046
-0.176676
-0.134616
-0.143957
-0.0870645
-0.0942191
-0.152782
-0.134496
-0.0986491
0.116636
-0.146257
-0.0969012
0.0404269
-0.136775
-0.0623568
-0.0658336
-0.262084
-0.00780141
0.0111639
-0.0392679
-0.245127
0.0167511
-0.208985
-0.00864167
-0.00140219
-0.0339863
-0.0182345
-0.179783
-0.0745659
-0.234167
-0.186438
0.0403974
-0.0875422
-0.0229475
-0.123623
-0.00610043
-0.0232223
-0.00920179
-0.0772713
0.044836
-0.151359
-0.182903
0.042689
-0.195473
-0.127124
-0.234458
-0.0809824
0.0326953
-0.0591528
0.00262112
0.00598514
-0.187844
0.0317049
-0.197569
-0.258515
0.0350065
-0.171541
0.02443
-0.0879156
-0.180785
-0.149576
0.0102583
-0.140276
0.0497187
-0.0653219
-0.206598
-0.0625037
-0.0110307
-0.132893
0.0516734
0.0266367
-0.104212
0.0679567
-0.163598
-0.0999721
-0.0856373
-0.171873
-0.0844103
0.0157503
-0.0065357
-0.0389444
-0.220295
0.0350753
-0.0926678
-0.127989
-0.0972405
0.012706
-0.0989189
-0.101278
-0.113521
0.1168
-0.0874737
-0.0918914
-0.027874
-0.0720119
-0.0431047
-0.134528
-0.075966
-0.0575607
-0.000593658
0.00737031
0.031487
-0.0397794
0.0240303
-0.0694212
-0.0681218
-0.162157
-0.0153539
-0.134735
-0.18572
-0.196543
-0.147624
0.00709388
-0.131396
-0.0330425
0.0856184
-0.139918
0.0211543
-0.245343
0.0233576
-0.142975
0.012249
0.0191291
0.0194779
-0.220396
-0.0628984
-0.250368
0.0359394
0.0607218
-0.094548
0.00739467
-0.0326609
-0.245575
-0.241597
-0.318169
-0.0575874
-0.000719974
-0.0366112
-0.133332
-0.110557
-0.212306
-0.147381
0.0271115
-0.255734
-0.187139
0.0313218
-0.158707
0.0261882
-0.0185334
-0.000591373
-0.152569
0.0221291
-0.0514638
-0.0317486
-0.0804516
0.0864981
-0.134987
-0.156514
0.0320367
0.0675302
-0.127696
-0.153642
-0.200655
-0.0718994
-0.086515
-0.104335
0.108191
-0.228058
-0.101654
-0.150187
0.0511886
-0.123987
0.0752928
-0.173141
0.0766892
-0.157422
-0.0784691
-0.158306
-0.189026
-0.0335923
-0.256562
-0.237218
0.0480191
-0.014019
-0.017087
-0.188316
-0.00552058
0.00110105
-0.011059
0.0612511
-0.0991604
-0.0339507
-0.0363065
-0.0857445
0.0436615
-0.0408125
-0.0738109
0.0409619
-0.0491032
-0.0391714
0.172219
-0.0404625
-0.0462769
-0.0435488
-0.0415268
-0.0201229
-0.0839332
-0.0537564
-0.0246797
-0.023275
0.00896543
-0.0655158
-0.0934203
0.156804
-0.0627726
-0.0502497
-0.0994882
-0.113608
0.00667326
-0.128672
-0.192771
-0.180928
-0.107004
-0.074395
0.00906882
-0.168192
0.0706822
-0.14776
-0.202591
-0.0478359
-0.0148815
-0.143182
0.0278029
-0.114986
-0.0643465
-0.0457592
0.0787549
-0.243752
-0.0759766
0.0763444
-0.205246
-0.106737
0.0361096
-0.111437
-0.0503164
-0.179636
-0.0996866
0.0614933
0.00417478
-0.133535
-0.119009
-0.143393
-0.132898
0.0181578
0.111793
-0.11483
-0.111944
-0.0563719
0.0119534
-0.124862
-0.205402
-0.144272
-0.180541
-0.227045
0.0186443
-0.0201513
-0.0994215
0.0641604
-0.0242884
0.0432221
-0.243726
-0.255312
-0.261188
-0.0268151
0.0336532
-0.159374
-0.00899898
-0.0339029
-0.187422
0.0788302
-0.228921
0.0109769
-0.0970317
0.0234827
-0.191988
-0.160536
-0.160443
0.0109311
-0.0861189
-0.0639158
-0.121624
0.191363
-0.027333
-0.0724264
-0.0580307
-0.0370818
-0.0518906
-0.0742668
-0.000615309
-0.0325651
0.0293868
0.0325059
-0.262419
-0.0238808
-0.0707465
-0.181335
-0.115415
-0.191457
0.00765792
-0.0612741
0.152801
-0.060804
-0.0411631
-0.0529724
-0.0819488
-0.0844928
-0.093191
-0.12176
-0.142963
-0.208606
-0.0394613
-0.125945
-0.127505
0.00696308
-0.0339832
0.0742263
0.0704061
-0.158329
-0.0479265
-0.0793985
0.115671
-0.0221057
-0.0294576
-0.0138754
-0.0272717
-0.0247963
-0.0392856
-0.0904773
-0.0741016
-0.0506127
-0.0912497
-0.0943799
0.143617
0.0822826
-0.106353
-0.143737
-0.101745
-0.12794
-0.105531
0.0292847
-0.201148
0.0161617
-0.0263131
-0.196533
-0.149956
-0.0372194
0.0518576
-0.00878754
-0.055331
-0.106242
0.129658
-0.0767588
-0.0311079
-0.0414529
-0.0470795
-0.0826123
-0.0723285
-0.0204014
-0.101542
0.0396104
-0.202642
-0.22957
-0.0672587
-0.125047
-0.0903239
0.0902085
-0.195042
-0.0430659
-0.0374944
-0.0746014
-0.0333703
0.0480575
-0.0151132
-0.0687622
-0.0161778
-0.0759214
-0.0490297
0.0555763
-0.0393785
-0.186968
0.0613111
-0.0425192
-0.17552
-0.0105869
-0.110462
-0.138088
-0.0185586
0.0428366
0.0171395
-0.00669451
-0.11073
-0.0209981
-0.0636698
-0.103455
0.106414
-0.0933094
-0.169908
-0.0451273
0.002681
0.00580304
0.00356646
-0.00792675
-0.0122966
-0.0168077
-0.00343998
-0.00788916
0.0223588
-0.00618423
-0.183597
-0.14588
0.0973893
-0.0706902
-0.131852
-0.176703
-0.117006
-0.0842998
0.0381016
-0.0911468
0.0423993
-0.0410889
0.00509785
-0.197745
-0.230336
0.00124457
-0.116841
-0.116182
-0.0180444
-0.185789
-0.139777
0.101467
-0.189665
0.0452636
-0.155261
0.0245293
-0.116911
-0.176703
-0.179143
-0.0643877
-0.0571534
0.122704
-0.146577
-0.113217
-0.193402
-0.0357255
-0.0839083
-0.124749
0.0580999
-0.0658423
0.00947905
-0.0348578
-0.0574481
0.0430472
-0.104143
0.0505578
-0.0108133
-0.152774
-0.112927
-0.153279
-0.0390251
-0.0229079
-0.0230255
0.00138555
-0.0643217
-0.000462745
-0.019343
0.0271996
0.0390661
-0.0379555
-0.00709341
-0.0267193
-0.000795084
-0.144659
0.116476
-0.06386
-0.0340391
-0.180791
-0.260742
-0.0857876
-0.0400367
-0.0299386
0.0225575
-0.00558516
-0.0418562
0.0493406
-0.0223803
-0.0496591
0.0118871
-0.0268685
-0.0787499
-0.177412
0.0541903
0.00359372
-0.168852
-0.180458
-0.129776
0.00962844
-0.178924
0.00112983
0.0334991
-0.202995
-0.188075
-0.226345
-0.0748069
0.00462331
0.0332716
-0.177833
-0.00226459
-0.0714267
-0.150364
-0.145269
0.0709045
0.0502506
-0.0824751
-0.176409
-0.102747
-0.034212
-0.147962
-0.130418
0.0429716
-0.138424
-0.189487
-0.200591
-0.0969505
-0.0238885
-0.198267
0.0144543
0.109826
-0.0250427
-0.166733
-0.0515212
-0.146478
-0.129968
-0.0484225
0.071656
0.0253228
-0.0488982
-0.125403
-0.13981
0.0534261
-0.0834199
-0.00538957
0.00251837
-0.0331933
-0.0577121
-0.00211225
-0.0532313
-0.00881149
-0.0379026
-0.0491192
-0.040918
-0.0471781
-0.0552653
-0.0356714
-0.0894847
-0.0460339
-0.0495402
-0.0356364
0.083484
-0.0946695
-0.0571755
-0.24749
-0.187944
0.0356502
-0.272387
-0.137239
-0.0114078
0.0152532
0.0223959
-0.0169475
-0.0357029
0.0131036
-0.0536098
-0.000987186
-0.103265
-0.0875793
0.0343185
-0.0718883
-0.132134
0.036796
-0.0124201
-0.173978
-0.0273589
-0.186599
-0.00103684
-0.0329645
-0.229741
0.0281442
-0.202129
-0.0421941
0.0163177
-0.012946
-0.0276313
-0.0985741
-0.274205
-0.129749
-0.034691
-0.179096
-0.0463262
-0.100622
0.134774
-0.0527159
-0.102449
-0.0370752
0.0603568
-0.0922153
-0.0767757
-0.265462
-0.0529972
-0.0627169
-0.126704
-0.166815
-0.0200988
0.0503668
0.0960296
-0.163855
0.09016
-0.121288
-0.0919095
0.0871688
-0.00763626
0.0480683
-0.234751
-0.154587
-0.0370768
-0.0945368
-0.0346999
-0.189907
-0.187121
0.00026187
0.0160415
-0.0222629
-0.0150902
-0.0240415
-0.00895155
-0.00661532
-0.0115268
0.025928
-0.00425779
0.01123
0.00196451
-0.000402038
-0.00637244
0.00431809
0.0127289
0.0110278
0.0165537
-0.0180447
-0.000179388
-0.241116
-0.232024
0.00699382
0.00905922
0.0109777
-0.153246
-0.141009
-0.0605903
0.044767
-0.18828
0.00356624
-0.187868
0.0175047
-0.00882291
-0.196509
-0.257474
-0.273746
-0.179034
0.0564021
-0.0404146
-0.00426031
-0.0231006
-0.0660098
-0.0172188
0.0783798
-0.143855
-0.252684
-0.243385
0.0601328
-0.0636951
-0.00942127
0.00592074
-0.01796
0.0250361
-0.00360142
-0.0227798
-0.0132164
0.0109506
0.00615654
0.0151947
-0.12147
-0.18508
-0.0893715
-0.0496972
-0.245716
0.0198375
0.0449007
-0.251679
0.0140773
-0.0133151
-0.104445
-0.0445684
-0.0479423
-0.0286872
0.0842479
-0.0852771
-0.106463
-0.065034
0.0566214
-0.175515
-0.0719491
-0.0450868
-0.105441
-0.140493
-0.0094808
-0.112808
-0.0893794
0.128755
-0.178583
-0.0380691
-0.110693
-0.180619
-0.109219
-0.203466
0.00472412
0.0139149
0.0863066
-0.112993
-0.169307
-0.0397508
-0.0572444
0.135233
-0.0962426
-0.0578155
-0.116854
0.0766932
-0.00763683
-0.0377302
-0.227566
-0.0752905
-0.0279179
-0.0683463
0.00668184
0.0107025
-0.0176762
-0.0182095
0.0179372
0.0216717
-0.0422574
-0.00877173
0.0197367
-0.00124315
-0.0819969
-0.164934
-0.155436
-0.142946
0.0258183
-0.0950237
0.082425
-0.137791
-0.0612292
-0.0899935
0.0500022
-0.178318
-0.0814935
-0.0275711
-0.0728146
0.028914
-0.0562337
-0.0188011
-0.0316116
-0.0552921
-0.0120209
-0.0783756
-0.0863106
-0.04703
-0.0549353
-0.0523546
-0.0590951
0.087788
-0.122842
-0.0852452
-0.0909999
-0.152711
0.0524828
-0.0355905
-0.0755381
-0.212151
-0.195641
0.0629708
-0.19591
-0.135612
-0.0760683
-0.146794
-0.0796717
0.0357834
-0.0901882
-0.0230929
0.0360991
0.0240782
-0.203382
-0.161005
6.79752e-05
-0.15383
0.028283
0.0649808
-0.113205
0.0743115
-0.215523
-0.0287907
0.00738514
-0.0239892
0.000702691
-0.0158923
0.0126491
-0.0217013
0.00021122
-0.0110545
0.00280115
0.00610739
0.00459348
0.0684115
-0.0343367
-0.0229064
-0.00191612
0.00487585
-0.0312473
-0.0332619
-0.0420109
-0.000136262
0.0729309
-0.000501753
-0.0403115
-0.00993584
-0.0158856
0.033231
-0.0436477
-0.0260631
-0.0542085
-0.0269376
-0.0132323
0.0188329
0.0207514
-0.0118525
-0.014517
-0.0211936
-0.0186693
-0.0138491
-0.0117251
-0.0057599
-0.0017212
-0.169873
-0.0743416
-0.0301016
-0.246667
-0.0620798
-0.0512387
-0.00318516
-0.149851
0.119237
-0.250737
0.020453
-0.178664
-0.165426
-0.172048
-0.112699
-0.0957312
0.0516585
-0.0498483
0.0313959
-0.0379624
-0.025341
-0.0395925
-0.0137
-0.00116352
-0.011108
-0.0219101
-0.0606125
0.0875303
0.0054512
-0.153557
-0.011417
-0.0253726
-0.271564
0.00696655
-0.220227
-0.0558674
-0.0856741
0.0157451
0.0363558
-0.102969
0.0660229
0.0324242
-0.0974136
-0.050793
-0.06165
0.0479427
-0.138161
-0.0472511
-0.188291
-0.0881573
-0.0153542
-0.243525
-0.127757
0.0056925
-0.126032
-0.109944
-0.225337
0.0203477
0.0235178
0.0372073
0.00402124
0.0431685
-0.0365883
-0.0209854
0.011869
-0.0174268
-0.0275573
-0.044457
-0.0277611
-0.060283
0.107358
-0.0644864
-0.126805
0.0311246
-0.143542
0.0262887
-0.232755
-0.202461
-0.226
-0.116081
0.102009
-0.125633
-0.100924
-0.128053
-0.172707
0.0422015
-0.132068
-0.105383
-0.050772
-0.0589226
0.0388637
-0.112969
-0.154893
0.073811
-0.188879
-0.104393
-0.0890341
-0.206943
0.0194792
-0.0653134
-0.148364
-0.0506932
-0.08436
0.0990258
-0.073418
0.0597538
-0.204944
-0.10245
-0.177796
-0.00987103
0.0289135
-0.147739
0.0576535
-0.142259
0.00761958
0.00407141
-0.108404
-0.155609
-0.123576
-0.138095
0.018438
-0.0375083
-0.111237
-0.0796721
-0.0171874
-0.055659
-0.153858
0.106034
-0.100951
-0.0913689
-0.191378
0.133948
-0.155138
-0.107587
-0.00479719
-0.0265659
-0.155015
-0.158777
-0.0787642
-0.0444333
-0.253246
-0.00561258
-0.0485711
-0.130352
-0.0968858
-0.0226385
-0.260793
0.0176613
0.0285253
-0.074735
0.0218674
0.0522662
0.0786458
-0.177449
-0.265791
-0.0238754
-0.00675392
-0.159439
-0.201331
-0.166887
-0.0446884
0.0991466
-0.158053
0.0666988
-0.0740194
-0.085598
-0.122228
-0.101538
-0.150344
-0.0183328
-0.0258399
-0.00811688
-0.00201971
-0.0324093
-0.022935
0.0252088
0.0465303
0.0188736
-0.0120314
-0.0434428
-0.150836
0.0342656
-0.0955323
0.0245331
-0.000284112
-0.244017
0.0335831
-0.0752164
-0.117919
-0.250934
-0.0832376
-0.00303929
0.00378767
-0.244328
0.00982365
-0.233637
-0.0566463
0.0229122
-0.192077
-0.137727
0.0769631
-0.187186
-0.127922
-0.118429
-0.170147
-0.156356
-0.0948703
0.0315263
0.0752323
-0.019913
0.00910532
-0.00409102
-0.00178136
-0.00367921
0.0182576
-0.0197473
0.00565007
0.00726237
-0.0124886
-0.193216
0.0429599
-0.186002
-0.0052784
-0.0104379
0.0321463
-0.203888
0.0245054
-0.214193
0.00245629
0.0959804
-0.0826939
0.0225868
0.0271268
-0.0953689
0.0415312
-0.0879071
-0.148353
-0.100577
-0.157879
0.0113459
-0.00252482
-0.0133236
0.00804743
-0.00486358
0.010732
0.0136406
0.0109068
0.0105652
0.0106456
-0.108659
-0.138274
-0.10805
0.0562599
-0.196615
0.0690285
-0.207014
-0.0756711
-0.192059
0.0254739
-0.0957536
-0.0553112
-0.222982
-0.0591834
-0.115589
0.00466471
0.0467961
-0.12934
-0.00825538
-0.193971
0.0504133
-0.167748
-0.0254687
0.0493834
-0.145493
-0.108768
-0.177868
-0.182319
-0.0219884
-0.0242416
-0.00192552
-0.00227031
0.0186146
0.0166695
0.0067125
-0.0148346
0.00262176
0.0120058
-0.0153801
-0.011834
-0.133642
0.0754028
0.0142827
-0.207591
-0.0631753
-0.115056
-0.0836408
-0.0147767
-0.224884
-0.177813
-0.0385832
-0.128969
-0.0645237
0.066782
-0.202582
-0.0975807
-0.0821039
-0.123368
0.149603
-0.0998288
0.187528
-0.0865921
-0.132582
-0.121757
-0.176636
-0.0512806
-0.0944714
0.0719028
-0.0748712
-0.0265383
-0.0523197
0.0135077
-0.104709
-0.257864
0.0259618
-0.251593
-0.218944
-0.0212111
-0.0249233
0.0259703
0.0586408
-0.123531
-0.151492
-0.144069
-0.0940591
0.061107
-0.103545
0.0266695
-0.0702697
0.0286282
-0.0867509
0.0285704
0.0169751
-0.156604
0.0626411
-0.160023
0.0758981
-0.181487
-0.210644
-0.102625
0.157421
-0.113158
-0.0886809
-0.0405714
0.0586081
-0.100552
-0.114872
-0.101931
-0.168792
-0.0905293
-0.00680095
-0.0245466
-0.0864777
-0.0408385
-0.00832856
-0.0369758
-0.0164742
0.0649859
0.0168029
-0.0110407
-0.193012
0.0212037
-0.00974985
0.0725254
-0.150536
-0.0766309
-0.101766
-0.141884
0.00649628
-0.147717
-0.230581
-0.0931037
-0.223666
-0.170738
0.0376903
-0.209494
-0.108952
0.0601455
-0.191415
0.0507012
-0.00962596
0.00442782
-0.0170164
-0.00195811
0.000749055
0.00228684
0.0233286
0.0120945
0.0238156
-0.000985574
-0.114458
-0.142451
-0.00709456
-0.0722857
0.133293
-0.0768823
0.0321975
-0.134695
-0.117882
-0.171424
0.0440004
-0.103564
-0.0439101
-0.0342232
-0.0146671
-0.0200364
-0.0254261
-0.140715
-0.0774777
-0.271742
0.0173493
-0.00852395
-0.136669
-0.102139
-0.170691
-0.158682
0.0538662
-0.155674
0.0289867
-0.0863965
-0.0663929
-0.210223
0.0783428
0.000750241
-0.0761769
-0.116672
-0.176168
-0.0661556
-0.205504
-0.0140807
-0.0249809
0.00546401
-0.06908
-0.0353624
0.164658
-0.0958208
-0.134464
-0.164693
-0.0404274
-0.128715
-0.00359668
0.0116451
0.00133833
0.0114779
-0.00488632
0.00386027
-0.009583
0.011555
0.00530954
-0.00976437
-0.0308995
-0.117001
0.0370173
-0.187878
-0.183056
-0.0366316
-0.0957056
0.0428494
-0.168366
-0.116439
0.00211813
0.15571
-0.119953
-0.044841
-0.12173
-0.009284
-0.0229662
-0.0737366
-0.0754902
-0.0695808
-0.148604
-0.0369027
0.00110029
0.00464187
-0.228717
-0.128886
-0.0550047
0.00180983
-0.0387065
-0.275173
0.121445
0.0282944
0.0699055
-0.210955
-0.0618438
-0.124448
-0.167321
-0.0287354
-0.181207
-0.186998
0.0809361
-0.0975837
-0.0824147
-0.108947
-0.112783
0.0732903
-0.123307
-0.0193765
-0.182638
0.026806
-0.177876
-0.133727
-0.114147
0.0271704
-0.134504
-0.0650423
-0.104467
-0.036192
-0.084439
0.125141
-0.214528
0.0344876
-0.107423
-0.125077
0.0852377
-0.0856302
-0.126543
0.045206
-0.235623
-0.0774154
-0.0463627
0.0235064
-0.0317392
-0.00212456
-0.071609
-0.0266465
-0.010453
-0.0148239
-0.000914984
-0.0979123
-0.143187
-0.0902101
-0.139943
0.070216
-0.0963878
0.0608789
-0.0867674
-0.114563
-0.10098
-0.0194694
0.00675028
-0.0168372
-0.00641946
-0.078927
-0.0566642
0.0151518
-0.0732591
0.0972747
-0.0720919
-0.0342229
-0.143635
-0.137228
-0.164673
-0.173433
-0.113969
0.055791
0.000102536
-0.201701
0.0347913
-0.163011
-0.00632266
-0.00901659
-0.000236689
0.00438407
-0.000844821
-0.0138719
0.00308368
-0.00233464
0.00272268
0.00104414
-0.171547
0.0149686
0.0636104
-0.00789989
-0.0771831
-0.139948
-0.0817388
-0.138457
-0.175263
-0.0600519
0.113642
-0.170845
-0.153935
0.00969724
-0.134114
-0.143323
0.0222186
-0.183127
-0.20732
-0.142073
-0.0251464
0.0901277
0.004627
-0.115671
-0.155589
0.0270432
-0.141341
-0.0295036
-0.146683
-0.177517
-0.0970985
-0.147396
-0.15574
-0.108068
-0.0258934
-0.127391
0.0680414
0.117173
0.019407
-0.0617585
-0.0272357
0.00981651
-0.0375967
-0.0397468
0.115989
-0.0219071
-0.0329446
0.0149721
-0.0610714
-0.0391042
-0.214994
0.0178535
-0.1841
-0.187746
-0.14582
0.0442964
0.079396
-0.149224
-0.0536211
-0.112812
0.0682976
-0.203673
0.0119653
-0.0238873
-0.242673
-0.158317
-0.255777
0.0019368
-0.0508484
-0.0164644
-0.127652
-0.0693499
-0.13721
0.00145277
-0.0213935
0.0925194
-0.0994778
-0.0198488
-0.00472006
-0.188502
-0.226727
0.0344509
0.0641142
-0.219695
-0.107254
-0.165022
-0.0812887
-0.0638568
-0.0538046
-0.0366263
-0.1239
-0.0943038
-0.173012
-0.0457478
-0.0973384
-0.0574525
-0.138062
0.0788372
0.011847
0.0232574
-0.19102
-0.0728121
0.0309438
0.0413905
-0.225006
0.0190121
-0.105729
-0.189425
-0.0580991
-0.204437
-0.174869
-0.114715
-0.187621
0.0661763
-0.163632
0.0537612
-0.216184
0.0288947
-0.219628
0.022214
-0.0923183
0.0205781
0.0148376
0.0261142
-0.0609162
-0.0235934
-0.0683463
-0.0954487
-0.167963
-0.00865945
-0.161728
0.0108885
-0.212541
-0.217058
0.0196065
-0.0198181
0.0106506
-0.234613
0.0220877
0.0383828
0.00760206
-0.143331
0.0215747
-0.0381479
-0.237244
-0.175335
-0.281504
0.0417086
-0.0520743
-0.201086
-0.209773
-0.217384
0.00188158
0.0328389
-0.159065
-0.106813
-0.0682664
0.0125189
0.0605533
-0.224097
-0.136969
-0.103407
-0.051153
-0.0669773
-0.0563504
-0.139307
0.164671
-0.0166989
-0.108161
-0.0556956
-0.194665
-0.0604345
-0.246837
0.0278301
-0.104025
0.0139219
-0.0347817
-0.194991
0.0210503
-0.0976109
-0.173291
-0.102207
-0.231921
-0.0750556
-0.063963
-0.242376
-0.187484
-0.0582357
0.101822
0.0519317
-0.218567
-0.0955997
-0.104379
0.0864809
-0.053002
-0.0764482
-0.0932867
-0.0318008
0.0611312
-0.108633
-0.0683068
-0.189096
0.0397215
0.0366039
0.0183501
-0.05028
-0.0835095
-0.234346
-0.245439
0.00768398
-0.000762518
0.00897469
-0.000776489
0.0086087
-0.00869798
-0.00575565
-0.00300013
-0.00340886
0.0101377
-0.00379204
0.109902
-0.0614355
-0.0150494
-0.106652
-0.120991
-0.238551
0.0259765
-0.191021
-0.175514
-0.116863
-0.0136037
-0.057591
-0.0869127
-0.0625946
-0.0414171
-0.0819131
0.0885653
-0.0730507
-0.0250139
-0.0171079
-0.12464
-0.169246
-0.106601
0.0451686
-0.176641
-0.0986614
-0.140067
-0.0214822
-0.0468933
0.0505158
0.0466521
-0.0640358
0.00673148
-0.0905542
-0.229675
-0.209719
-0.0256962
-0.20396
0.0105081
-0.215704
-0.0192409
-0.0195469
-0.0356969
-0.17018
0.0537074
-0.110132
0.0193016
-0.204483
-0.161929
-0.287975
0.150142
-0.0560105
-0.159092
-0.076538
-0.177839
0.000422517
-0.176848
0.0723339
-0.11197
-0.1089
0.00892488
-0.296123
-0.107935
-0.0580759
-0.0962361
-0.00462886
0.0127994
-0.307734
0.0218259
0.0189758
-0.0529112
0.114145
-0.135576
-0.0384443
-0.170533
-0.0332709
-0.0305914
-0.0617009
-0.116532
-0.0351539
-0.0744316
-0.25337
0.0210409
0.0267651
-0.232634
-0.142145
-0.268865
-0.0205555
-0.0260146
-0.126684
-0.138404
-0.13234
-0.156156
-0.180972
0.0228691
-0.13453
-0.0719048
0.0594659
-0.116739
0.0293968
-0.0700245
-0.0268425
0.094477
-0.0753582
-0.190565
0.0338027
-0.113648
-0.0986733
-0.0928749
-0.140255
-0.0720844
-0.00930012
0.0125002
-0.327936
0.000692915
-0.2802
0.0110095
-0.00609876
-0.0325551
-0.0530058
-0.185005
0.0601984
-0.15632
-0.154898
-0.0307669
0.0441397
0.0440257
-0.222022
-0.0268757
-0.17443
-0.0737832
-0.10741
0.00551721
-0.0439839
-0.230115
-0.0944607
-0.0109539
-0.230541
0.00270756
-0.261231
-0.155676
-0.0749546
-0.120435
-0.124206
-0.0335199
0.0354856
0.0722606
-0.0634122
-0.121228
-0.0917245
-0.037333
-0.113139
-0.116954
-0.0959557
-0.136782
-0.0995671
0.210901
-0.0351693
-0.144291
-0.0578586
0.0290382
-0.02798
-0.245286
-0.173919
-0.160028
-0.0633611
-0.171986
0.0250851
-0.0931731
0.0687966
-0.19529
-0.137464
-0.165206
-0.2167
0.00894172
0.0399972
0.0304244
-0.0905531
0.0299677
-0.0944457
-0.0905642
-0.157442
-0.0340635
-0.0495351
-0.0925111
-0.128525
0.225322
-0.0523342
-0.132345
-0.0462413
-0.157753
0.00534552
0.0176085
0.00992834
-0.203549
0.119235
-0.118427
-0.193062
-0.0287704
-0.172767
-0.0378536
-0.0922643
-0.102462
-0.0476535
-0.107155
-0.0886336
-0.086743
-0.116932
0.149795
-0.200858
0.156796
0.0810516
-0.26041
-0.121055
-0.112721
-0.025369
-0.139432
0.0339962
-0.126747
-0.143346
-0.18343
0.0479872
-0.108887
-0.112663
0.0737553
-0.165084
0.0404948
-0.0768516
-0.137104
-0.194132
0.0919798
-0.15927
0.058833
-0.160413
-0.0631118
-0.0769887
-0.116085
0.0582705
-0.139874
-0.0788352
-0.199888
-0.116197
0.0429771
-0.00597992
-0.12737
-0.0314053
-0.128782
-0.00927277
-0.0145022
-0.153112
-0.00463137
0.000511612
-0.0109251
-0.00208697
0.0180594
0.00253499
0.00112127
0.00148577
-0.00424702
-0.000876658
0.1278
-0.161875
-0.0359939
-0.212296
-0.150678
-0.0750531
-0.201101
0.00170337
-0.121977
0.0370704
0.0946222
-0.132528
-0.183019
-0.0990068
0.0685923
-0.138315
-0.20552
-0.156413
-0.0889317
0.0292896
-0.132118
-0.0655414
-0.144524
0.0607698
-0.0995361
0.0187597
-0.166214
-0.139098
-0.206232
-0.00116497
-0.129221
0.0329725
-0.0652665
-0.1523
0.0795765
0.113223
-0.0869098
-0.0934122
-0.159906
-0.0954271
-0.0195784
-0.00643458
-0.00645717
0.00127396
0.0155316
0.00937004
-0.00098223
-0.0138479
0.00449384
-0.0113456
-0.0598958
0.100747
-0.148936
-0.0917652
-0.104081
0.0202559
-0.0576933
-0.0522284
0.0186389
0.000957463
-0.219163
0.020362
0.0198369
-0.0503612
-0.0420634
-0.222968
-0.167186
0.022053
-0.0840909
-0.263394
-0.03949
-0.146579
-0.225138
0.0394856
-0.175806
0.0661608
-0.143568
-0.146231
-0.0145748
-0.0763938
-0.0422537
-0.0995836
0.147275
0.00138211
-0.0443573
-0.0340788
-0.0240648
-0.0829321
-0.153589
-0.0919493
0.0120504
0.00862645
0.00110151
0.00681731
-0.00955056
0.0274633
-0.0167406
0.0219066
-0.015814
-0.0234197
0.0459572
-0.154764
-0.0928835
-0.10171
-0.145637
-0.143938
-0.151527
-0.0399265
0.138538
-0.149519
-0.100631
-0.144095
0.0613668
-0.056319
0.142742
-0.0539582
-0.0372386
-0.0919231
-0.171514
-0.199723
-0.193506
-0.152133
0.0631074
-0.0834774
0.069702
-0.170469
-0.139804
-0.08856
0.0820638
-0.0802168
-0.0965935
-0.0617923
-0.116637
-0.00497107
0.0417579
-0.202129
0.112682
-0.102167
-0.064262
-0.00390089
-0.182173
0.0505986
-0.0221334
-0.277196
0.075177
-0.157375
-0.108505
-0.0313362
-0.0330689
-0.10904
-0.0424155
0.0700932
0.0181882
-0.150128
-0.127021
-0.120813
-0.0371108
0.0386049
-0.202092
-0.0770038
-0.0321705
-0.00565185
-0.0189216
0.00400707
-0.00714095
0.0115057
0.0115342
-0.0299921
0.042918
-0.001987
0.0404148
-0.151557
-0.10177
-0.240658
-0.0894366
0.0167304
-0.0227773
0.0710701
-0.0436539
-0.193615
-0.0737424
-0.226869
0.0286457
-0.200912
0.0348484
-0.137294
-0.0544664
-0.18958
-0.300101
0.0362968
0.0361255
-0.116819
-0.147583
-0.0784242
-0.105359
-0.131741
0.102686
-0.073461
-0.177367
-0.0493287
-0.235191
0.0236984
-0.184081
-0.126423
0.0584542
-0.0839483
-0.134784
0.0416368
-0.00226729
-0.0301011
-0.0806829
0.122255
-0.154009
-0.169268
-0.178807
0.0549044
-0.0631713
-0.115866
-0.10273
-0.0738781
-0.166618
-0.0519039
-0.221718
-0.102781
-0.00152361
-0.103526
-0.152455
0.0268614
-0.0176557
0.0305787
-0.0999705
-0.10109
0.0153555
0.025407
-0.0867455
-0.118102
-0.0480016
0.0849905
-0.11054
-0.160447
0.0521322
0.00913288
0.0179716
-0.0277723
0.00352906
0.00438925
0.00666429
0.000346273
-0.0398293
-0.000999807
-0.0278372
-0.0285817
-0.140188
0.0770424
-0.0338701
-0.123701
-0.0514557
0.100263
-0.0144194
-0.153582
0.067064
-0.0336376
0.0669133
0.0184943
-0.151233
-0.0190234
-0.0123124
-0.0825029
-0.0967535
-0.0776259
-0.00229219
-0.0117146
-0.0130853
-0.0153843
-0.0294276
0.00914017
0.0572476
-0.00218154
-0.0228501
-0.0143587
0.051861
0.233704
-0.175143
-0.0850335
-0.165735
-0.0633637
-0.0352462
-0.120249
-0.126799
-0.120348
-0.0106519
0.010539
0.00877752
-0.0114657
-0.00572676
-0.00466559
0.0100867
-0.00428699
-0.000360761
0.00565503
-0.161915
0.0013107
-0.210993
-0.173889
-0.153948
0.0225706
-0.224078
0.0275652
-0.201318
0.0635492
0.0599516
0.0810148
-0.286383
-0.19255
-0.122988
-0.159636
0.0190323
-0.177804
-0.0238571
-0.184269
-0.0860929
0.042175
-0.0358538
-0.0333362
-0.0423063
-0.0866358
0.12138
-0.0592825
-0.126094
0.0837536
-0.00544778
-0.00704461
0.00565736
-0.000364918
0.0233991
0.0144056
0.00213227
0.0122995
-0.00634139
0.00295005
-0.0853067
0.063964
-0.109495
-0.121958
-0.0988221
0.0545364
0.0323183
-0.141129
-0.115375
-0.181459
-0.154895
0.0820343
0.00405051
-0.0184256
-0.118425
-0.18358
-0.0147227
-0.0172932
-0.161639
-0.227759
-0.189271
0.0282996
-0.17934
-0.0864698
-0.13439
0.00532749
-0.135876
0.0688763
0.0399638
-0.123033
-0.10452
-0.146833
0.0401625
-0.255447
0.0412071
-0.0893658
-0.219319
0.0203429
-0.132813
0.0298624
-0.0521968
-0.0488976
-0.0660313
-0.0622205
-0.0628835
-0.127443
0.189837
-0.0213001
-0.144371
-0.0594506
-0.0657928
0.0180789
-0.235944
-0.158606
0.00998078
-0.160958
-0.082301
0.000365592
-0.25577
0.0381127
-0.0123475
-0.220993
-0.236817
-0.161096
0.0140913
0.00755883
-0.00977142
-0.204068
0.0420381
0.0399072
0.0600476
0.0993568
-0.10724
-0.095172
-0.168245
-0.116281
-0.0214313
0.00966742
-0.149314
-0.07692
-0.0150413
0.0171634
-0.269923
-0.250558
-0.0842005
-0.0496294
-0.180752
0.0636482
-0.0215782
-0.000804098
-0.138165
-0.132736
-0.154886
-0.0286915
0.0544767
-0.0150283
-0.150587
0.0346538
-0.179355
-0.0102647
-0.0874751
-0.0479285
-0.152705
0.167407
-0.0619492
-0.058387
-0.100135
0.0216501
-0.141348
-0.0905464
0.0440445
-0.190568
0.0736552
-0.0603311
-0.131252
0.0112856
-0.15534
-0.0936563
-0.113647
0.0154881
-0.069863
-0.130246
0.0631926
-0.195603
0.00708279
-0.108697
-0.15962
-0.020696
-0.100983
-0.0155667
-0.159459
-0.265558
-0.204108
-0.0340736
-0.00903074
-0.01683
-0.269698
0.0227583
-0.0351411
0.0295513
0.00592574
-0.0409331
-0.0322801
0.0322329
-0.0396125
-0.0196346
-0.0576352
-0.0777943
-0.0101967
0.0812003
-0.105512
-0.111721
-0.0233458
-0.139097
-0.0713444
0.0934971
-0.140294
0.0494189
-0.113656
0.0401895
-0.146171
0.00388862
0.0321544
-0.267279
0.0255744
-0.204046
-0.0594426
-0.0961001
-0.010696
-0.109018
-0.0197212
-0.000821129
-0.00526709
-0.0116487
0.00566444
0.0130895
-0.000354378
0.0308778
-0.0165122
-0.00629569
-0.14228
0.0599074
-0.0205952
0.0637564
-0.150503
0.0128941
-0.21556
-0.172249
-0.172425
-0.0801242
-0.218304
-0.149142
0.00120222
0.0200012
0.011108
-0.00674973
-0.179158
0.015122
-0.231728
-0.0280594
-0.30344
-0.0625129
-0.0070257
0.0263572
-0.215612
-0.0546283
-0.254024
-0.0358368
-0.0280698
-0.219929
-0.146611
-0.0502749
0.0116504
0.00520991
-0.177749
-0.206342
-0.132898
0.0407746
0.00376571
-0.256096
0.0269136
-0.107971
-0.0655257
-0.0257871
-0.0371569
-0.0280675
0.000409922
0.205645
-0.0490593
-0.14873
-0.00567627
0.149165
0.0263527
-0.0744937
-0.158411
-0.0119382
-0.00948397
-0.108008
-0.0723532
-0.0833252
0.0171636
-0.0839595
-0.133651
-0.182708
-0.16133
-0.136428
0.0387821
-0.167712
-0.000938299
0.0557609
-0.0373738
-0.0123023
-0.0160774
0.00605211
0.0123092
0.0138073
-0.0214237
0.0187536
-0.013029
-0.0137717
-0.0420606
-0.0608221
0.00772802
-0.117749
-0.0662878
0.125002
-0.10624
0.0147156
-0.129926
-0.0307539
-0.170122
-0.101035
-0.0725886
0.0208388
-0.136668
-0.0645993
-0.0822523
-0.114885
-0.071729
0.149806
-0.118554
-0.147707
-0.0899687
-0.116478
-0.088181
-0.0540528
0.115316
-0.0528321
-0.0316993
-0.07684
-0.041651
0.124661
-0.129884
-0.088677
0.056058
-0.110686
-0.00578663
-0.198264
-0.165819
-0.0574261
-0.0240888
0.011398
-0.0182877
-0.0245135
-0.0119173
0.0200009
-0.029783
0.0181108
-0.0152548
-0.00407248
-0.102289
0.0408861
-0.172431
-0.198209
-0.0943842
-0.170626
-0.0797689
0.0674187
-0.147372
0.0467335
-0.00266421
-0.0303517
0.0134331
0.0367501
-0.0970764
-0.211521
-0.176587
-0.067112
-0.243729
-0.201205
-0.134994
-0.0894798
-0.109851
0.0821745
-0.0884745
-0.0741078
-0.0437563
-0.0315078
0.0574387
-0.101124
0.0231846
-0.238951
-0.0423055
0.0193223
-0.235755
-0.14175
-0.0994832
-0.19273
0.0748534
-0.145912
-0.077847
-0.0801786
-0.0441147
-0.0371757
-0.163791
-0.035638
0.0181588
-0.0826508
-0.0178251
0.157144
-0.035682
-0.0247379
-0.0236728
-0.0478944
-0.0849677
0.083614
-0.0355136
0.0219987
-0.056568
-0.014288
-0.028805
-0.0777127
-0.00220421
-0.0432536
-0.199681
-0.1472
-0.221103
-0.040647
0.0698858
-0.187532
-0.000991212
-0.0258083
0.0108735
-0.0131593
0.0135945
0.0110936
-0.00384846
0.00282905
-0.00671003
0.00108055
0.0405802
-0.170994
-0.0669319
-0.0142404
-0.219402
-0.136068
-0.236559
-0.164388
0.0339601
-0.0960494
-0.141132
-0.0491439
-0.224169
0.0200181
-0.243888
0.0146998
-0.152074
-0.19859
0.0617278
-0.0524846
-0.146771
-0.20306
-0.232254
-0.054363
0.064718
-0.152534
-0.0816489
-0.0131281
-0.0414744
0.0158754
0.0289259
-0.0947479
-0.0373062
0.000279374
-0.0313448
-0.0169783
-0.00308016
-0.244084
-0.191045
-0.20306
0.118077
-0.130923
-0.101545
-0.132991
-0.0621251
-0.163346
-0.223944
-0.00953333
-0.124803
0.0595348
-0.0223428
-0.198077
-0.0171794
-0.142737
-0.00213881
-0.152437
-0.134236
-0.101381
-0.00665357
0.100155
0.00286951
0.0214422
-0.000869326
-0.0206286
-0.0153758
-0.00200665
0.00547802
-0.00754514
0.0014759
0.000867276
-0.0878951
-0.111042
0.0990653
-0.0500918
-0.138665
-0.0639447
0.115467
-0.15221
-0.134485
-0.0981709
-0.0698321
0.0255873
0.0128266
-0.299867
0.0167948
-0.220905
-0.0879973
0.0342913
-0.259152
-0.0474671
-0.0376193
-0.20861
0.0184198
0.0552055
-0.156434
-0.0638931
-0.23668
-0.000206499
-0.0031869
-0.150548
-0.00797667
-0.00847947
-0.0617921
-0.0453423
0.0862365
-0.0766926
0.065733
-0.0350523
-0.0748998
-0.126754
-0.0403098
-0.0722296
0.106861
-0.0512771
-0.023869
-0.0340983
-0.0216549
0.00992287
-0.0931056
-0.0723022
0.040618
-0.205981
-0.216709
-0.173613
-0.0631979
-0.0309496
0.0361595
-0.140561
-0.00354666
-0.0958909
0.0719806
-0.0679412
-0.192129
-0.0784239
-0.197422
-0.0086533
-0.13243
0.0591038
-0.00962832
-0.190813
-0.0534381
-0.223937
0.0985027
-0.107861
-0.126933
-0.137867
-0.137244
-0.0578114
-0.138735
0.0651229
0.0582903
0.0730011
-0.204229
-0.12608
-0.1136
-0.194374
-0.0226557
0.0177186
-0.227933
-0.0138665
-0.0135615
-0.0632576
-0.136751
-0.144537
-0.118129
0.0558037
0.0551584
0.0364667
-0.143267
-0.0493932
0.00616962
0.000731127
0.0206298
0.00312222
-0.00140733
0.0165161
-0.0140056
0.0244364
-0.0130304
-0.00135516
-0.0275726
-0.0229889
-0.142238
0.143534
-0.0350531
-0.0346571
-0.0318525
-0.00293086
-0.155585
-0.156358
-0.0904895
-0.0664371
0.000254881
-0.0616425
-0.0250205
-0.123611
0.1727
-0.0492724
-0.100949
-0.031079
0.0116306
-0.21561
-0.00229917
-0.148615
-0.060449
-0.269278
0.046069
-0.208891
-0.154279
-0.058213
-0.106129
-0.182978
-0.0403486
-0.132548
-0.0625973
0.0459375
0.0390578
-0.142547
0.0328951
-0.24738
-0.043446
0.185009
-0.140859
-0.0923511
-0.113383
-0.0613881
-0.0743212
-0.121003
-0.023791
-0.0688855
-0.0105871
-0.000993981
-0.0190214
-0.023783
-0.00603312
0.0146806
0.00476676
-0.0199151
0.000322522
-0.0197026
0.118776
-0.00594603
0.0598328
-0.0791243
-0.00336403
-0.10547
-0.0611592
-0.177677
-0.112487
-0.077356
-0.00415644
-0.0641455
-0.0698393
-0.087867
-0.0815826
-0.0112481
-0.0807847
0.0656661
0.150017
-0.0754217
0.113526
-0.0439479
0.00908324
-0.0872692
-0.230882
-0.0981752
-0.20317
0.0647543
-0.119809
-0.169405
0.00897264
-0.208165
-0.00396217
-0.197198
-0.128926
-0.0545756
0.0124245
-0.192099
0.0241839
-0.233479
0.00613969
-0.0374442
0.0673483
-0.192755
-0.20676
-0.213359
-0.0183784
-0.162302
-0.0333699
-0.295367
-0.102225
-0.115699
-0.108648
0.045158
0.00793099
-0.177774
-0.163864
0.0768937
0.0929118
-0.120163
-0.092788
-0.259417
0.0140974
-0.166905
-0.110649
-0.228257
-0.1615
0.0126846
0.0343813
-0.0307472
0.0720281
0.0506993
-0.0296974
-0.103692
-0.0379251
-0.0469033
-0.0314184
0.00721371
-0.0656786
-0.0114012
0.0172997
-0.138447
0.09274
-0.132729
-0.110822
-0.123499
0.00714088
-0.19879
-0.0170086
-0.159076
0.000921387
-0.0180602
0.0126096
-0.0217541
-0.0063704
-0.0109733
-0.0102238
-0.0279048
-0.0104362
0.0398995
-0.0792541
0.0422933
0.00653357
-0.220584
-0.161673
-0.0237555
-0.109411
0.000738377
0.0656433
-0.205381
0.0599056
-0.106301
0.017264
-0.100383
-0.119097
-0.0273315
-0.0408529
-0.00466334
0.0975765
-0.106824
-0.0234784
-0.142336
0.0101628
-0.0718127
0.10815
-0.126702
-0.0877325
-0.208335
-0.149271
-0.00634746
-0.24862
0.0105847
-0.000562103
-0.18347
0.0207054
-0.3386
-0.183024
0.0384953
-0.0273001
0.00289322
0.0875189
-0.0269729
-0.0402444
-0.111778
-0.12247
-0.0169164
-0.123215
-0.173833
0.0407142
-0.0923308
-0.124941
-0.248052
-0.144674
-0.190895
0.0526459
-0.0371976
-0.141107
-0.143075
-0.0187198
0.0396666
-0.176603
-0.0770982
0.00827076
0.0308989
-0.156367
-0.01619
-0.0349091
-0.0771621
0.00768322
-0.279597
-0.147939
-0.0314219
0.0467589
-0.110347
0.0710529
-0.24449
-0.169847
-0.0827703
-0.153937
-0.00340174
0.0504154
-0.150312
-0.222812
-0.144845
-0.0739242
-0.0243398
-0.0211277
0.101425
-0.227484
-0.159151
-0.0597017
-0.0408942
-0.0551859
-0.0353358
-0.0056726
-0.0471822
-0.0167948
0.0582839
0.0988254
-0.0971019
0.101743
-0.19692
-0.151821
-0.0755675
-0.00736745
-0.192687
-0.146907
-0.191265
0.0269449
0.00888078
-0.0857585
-0.129561
-0.0801996
-0.164339
-0.0443092
-0.230659
-0.141908
-0.00834972
0.0723068
0.045426
-0.125451
-0.0746624
-0.02644
0.0650922
-0.106341
-0.220948
-0.106667
-0.0706469
7.0443e-05
-0.0587683
-0.00607203
-0.0147379
-0.016723
0.000472788
0.0077684
0.00711992
0.0101026
-0.00707616
0.0142621
0.0132011
-0.011651
-0.0126716
-0.0794276
0.0282009
-0.0334269
0.100495
-0.0580794
-0.0572344
-0.117968
-0.0424384
0.00548346
0.074085
-0.162598
-0.172719
0.0852352
-0.144989
-0.120074
-0.0902429
-0.0372954
-0.0701706
0.00557753
-0.010794
0.006642
-0.0233474
0.0110063
0.00434513
0.00507091
0.0139267
-0.00668557
-0.0181431
-0.0145689
0.00675991
0.000159035
-0.0374354
-0.0204364
-0.00938205
-0.0162414
0.0739527
-0.0150301
-0.0357276
-0.0173701
-0.255598
-0.125904
-0.00211795
-0.0700724
-0.0285973
-0.0552756
-0.270692
-0.0243352
0.0516821
0.0369988
-0.184529
0.0258203
-0.142879
-0.112522
-0.174214
-0.0268276
-0.145493
-0.0392281
-0.104231
-0.0730179
-0.085684
0.0285921
-0.0149454
-0.132407
0.0613612
-0.150834
-0.170751
-0.143002
0.057238
-0.133037
-0.20572
-0.0617715
-0.0309762
0.0216294
0.00196474
-0.180629
-0.187599
-0.0875135
0.0515387
-0.0403035
-0.187191
-0.0737998
-0.00928576
-0.276651
-0.00493802
0.00788489
-0.227416
-0.0409572
-0.193084
-0.0533172
-0.110833
-0.0924699
0.0441381
-0.114498
0.0618544
-0.181796
-0.0958191
0.0306607
-0.145463
-0.200458
-0.173718
-0.214115
0.0118341
-0.0248523
0.0662
-0.00577067
-0.161105
0.0232572
-0.0482798
0.015112
0.0241181
-0.0590359
-0.0242622
0.00245613
0.0120117
0.0188464
-0.0193856
-0.0498371
-0.0274387
-0.0100027
-0.0155036
-0.00545823
0.0153089
-0.00589115
-0.00300399
-0.0118299
0.0101242
0.00444813
-0.00778627
0.00140486
-0.159583
-0.160526
0.073375
-0.187697
0.0299499
-0.148425
-0.102252
-0.203048
0.0814917
-0.0852424
-0.078423
-0.073275
0.081867
-0.0880961
-0.197284
-0.134801
-0.0483707
-0.19796
0.085507
-0.0549016
-0.0314592
0.0131094
-0.0453623
0.0075324
-0.0329026
-0.0614108
-0.0693363
-0.0180674
0.0892003
-0.10531
-0.134168
0.0343678
0.0955089
-0.099942
-0.136704
-0.0942166
-0.031672
-0.1778
-0.221826
-0.189923
-0.0334668
-0.15578
-0.198578
-0.159548
0.0243149
0.0287792
-0.175648
-0.000671571
-0.0210772
0.0152634
-0.226655
-0.185519
-0.201445
-0.0660818
0.0273381
0.0515849
-0.0489745
-0.172642
-0.0293
-0.109022
-0.0240389
0.00252055
-0.0505916
0.046097
-0.11987
-0.208808
-0.0145352
0.0297412
-0.162446
-0.136851
-0.171946
-0.111717
-0.130232
-0.140229
0.0158039
-0.0135604
-0.209167
0.0153083
0.0799289
-0.116978
-0.103702
-0.0320179
0.00282895
-0.0664278
-0.114666
0.188238
-0.0300962
-0.112022
-0.0728486
0.064225
-0.128011
-0.182442
-0.136946
-0.120568
-0.0222574
-0.0223554
-0.11703
-0.0553435
0.0291901
-0.168193
-0.146505
-0.167122
-0.0987364
0.0683309
-0.180184
-0.0965347
0.038119
-0.251068
0.00587303
0.0496506
-0.0498947
0.0164806
-0.0757587
-0.192912
0.0570412
-0.0333915
-0.0531891
-0.142196
-0.159676
0.0257132
0.0176291
-0.121544
-0.182065
0.025399
-0.177818
-0.152113
0.112404
-0.0271951
-0.102163
-0.12496
-0.0413438
-0.175325
-0.255269
0.00213428
-0.175468
-0.0878199
0.0620242
-0.161284
0.0260321
-0.0946927
-0.186517
0.0553353
-0.131458
-0.0386359
-0.144423
-0.102126
0.0837274
-0.0747947
-0.141022
-0.0821636
-0.0897083
0.122784
-0.19473
-0.0907298
-0.0177839
-0.0442367
-0.085358
-0.0777113
-0.157582
-0.189269
-0.120338
-0.0449599
-0.0979293
0.118029
-0.123777
0.12207
-0.168986
-0.131972
-0.196545
-0.0220105
-0.0122969
0.0208362
-0.00535509
-0.00777982
-0.0141382
0.0139199
-0.00877975
0.00024894
0.0124934
0.01119
-0.00415935
0.0690009
-0.0757354
-0.0428203
-0.0198934
-0.0312384
-0.0140492
-0.0413425
-0.0104662
-0.0212628
0.0165991
-0.0550691
0.0135431
-0.0227772
0.0480218
-0.00591121
0.0175823
-0.0133288
0.000262672
-0.0354973
-0.100098
-0.173916
-0.022627
-0.070587
-0.0426722
0.0251931
-0.243799
0.0850946
-0.0656321
0.0192104
-0.00307286
-0.028905
0.00440132
0.00238393
-0.00171688
-0.0164246
0.0235361
-0.0172861
-0.0163746
-0.237603
-0.245693
-0.0319957
0.0180405
-0.00924508
0.0366999
-0.242428
-0.0288191
-0.0129146
0.0267255
-0.231693
-0.202739
-0.0903834
-0.0814548
0.0185852
-0.03801
-0.20885
-0.0969445
0.0684773
0.0264907
-0.077852
-0.15304
0.100961
-0.109355
-0.186681
-0.0605148
-0.14711
-0.000881962
0.0325483
-0.155357
0.00497703
-0.00163248
0.00835164
-0.0382816
0.00103984
-0.00995933
0.00992368
-0.000902051
-0.00378133
0.00289398
-0.153545
-0.205369
-0.122923
-0.00793855
0.0129135
-0.095174
-0.143197
0.0337291
-0.369162
-0.00210225
-0.0291161
-0.23987
0.0853511
-0.171954
-0.0975634
-0.154752
-0.0948848
0.0340435
-0.226598
0.0126907
-0.127983
-0.14054
-0.112943
-0.132469
0.0871838
-0.100673
-0.0195025
-0.0345267
-0.256448
0.0185479
-0.0106284
0.00313457
-0.0261521
-0.0179578
-0.00923944
-0.0103369
0.00559732
0.022075
-0.0107149
0.0327266
0.0662595
-0.0579136
-0.0713091
-0.226979
-0.0339918
-0.0294145
-0.0829251
-0.0231516
-0.00278018
-0.172978
0.0462745
-0.22163
-0.0188546
-0.203
-0.0480015
-0.188921
-0.176196
0.00124379
-0.0178704
0.0455262
-0.170458
0.00215032
-0.158826
0.00754801
-0.161747
0.00252167
-0.206339
-0.246073
-0.0593985
0.0288833
-0.0790266
-0.0196928
-0.0493756
-0.0391447
0.189257
-0.1307
-0.0611693
-0.0713128
-0.101954
-0.170658
-0.179081
0.0244451
0.0260014
-0.169689
-0.173488
-0.000623998
-0.138659
0.0299268
-0.222958
-0.230729
0.0472233
-0.148668
-0.229022
-0.0641954
-0.131857
-0.0331148
0.0379937
0.101824
-0.191328
-0.170661
-0.0518426
-0.141474
-0.0260996
0.00458253
0.0129307
-0.0963177
0.0355007
-0.00887356
-0.144107
-0.275652
-0.107586
0.0261289
-0.223317
-0.310104
0.0204304
-0.248232
-0.047095
-0.154656
0.0250537
-0.0178895
-0.154541
-0.188595
-0.0740908
-0.0275093
-0.106916
-0.0997472
-0.147752
-0.192311
0.0581698
0.0370426
0.16374
-0.0371958
-0.237858
-0.11933
-0.230947
-0.161898
-0.134833
0.0176913
-0.211823
0.0376346
-0.00730797
0.00796114
0.0241609
0.00486436
0.00867907
-0.0049435
-0.00132433
0.00584764
-0.0168354
-0.00820115
-0.00740255
-0.156063
-0.263188
-0.184765
-0.0587579
0.0648967
0.00749466
0.0552715
-0.236127
0.0118612
0.0359884
0.0339601
-0.13682
-0.072314
-0.195039
-0.0015796
0.00956291
-0.0517454
-0.156305
0.0728472
-0.197647
-0.156563
-0.100083
0.0272387
-0.176475
-0.164948
-0.0728216
0.0198812
-0.260665
0.022804
-0.19014
-0.0766936
-0.164733
0.0628019
0.0112711
-0.120548
-0.190886
0.0190362
0.0815528
-0.0880229
-0.00801782
0.0128363
0.0198672
-0.00137728
0.0132486
-0.00629048
0.0035862
-0.0153393
-0.00542875
-0.0147442
0.044265
-0.0605157
-0.0303019
-0.0115603
-0.00337343
0.00272217
-0.0466852
-0.00952125
0.0227694
-0.0153506
0.0914209
-0.0502853
0.047335
-0.159464
-0.170989
-0.119829
-0.0432337
-0.193029
-0.0256374
-0.203661
-0.0785852
0.0112746
-0.0359361
0.0289482
-0.204176
-0.156051
-0.147839
0.0359476
-0.226811
-0.176489
-0.0398473
-0.095616
-0.0647273
-0.0583446
0.147221
-0.0980672
0.0304386
-0.120002
-0.153898
-0.166687
-0.0520994
-0.00778319
-0.0261579
-0.0344537
-0.0277932
-0.0672313
-0.0287809
0.0945169
-0.0193573
-0.0334908
0.00946877
-0.0042639
-0.0205401
0.0188071
-0.0168861
-0.00634548
0.00444269
0.0107916
0.0481166
-0.0387896
-0.0265964
-0.118367
-0.126267
0.0142223
-0.180864
0.0099654
-0.0841244
-0.121237
-0.160872
0.129735
-0.0943889
-0.0705968
0.00280428
-0.113095
-0.0530323
-0.0986423
-0.125584
-0.0801914
0.0849803
0.0398897
-0.18313
-0.167837
0.0340605
-0.114562
-0.166316
-0.175453
-0.039447
-0.0528119
0.092013
-0.144503
-0.145808
-0.091577
-0.098423
0.0134614
0.0570187
0.0383727
-0.197157
-0.0368227
-0.202718
-0.0673301
-0.0877029
-0.0834132
-0.0318701
-0.085502
0.0633001
-0.0776101
0.00522861
-0.149791
-0.177959
0.102405
-0.0419821
-0.217583
-0.174883
-0.131741
-0.0748478
0.0435452
0.0242521
-0.269499
-0.00134582
0.0170478
-0.134284
0.0507947
-0.149
-0.0846214
-0.170237
0.0521115
-0.00463235
-0.064911
-0.00509125
-0.0802066
-0.166583
0.0096468
-0.0745271
0.0704778
-0.164316
-0.0109046
-0.160813
0.0194076
-0.196577
-0.183715
-0.0664395
-0.0738387
-0.053054
-0.175631
-0.0158152
-0.101674
0.0117163
-0.107865
0.0840938
-0.155617
-0.0029655
-0.0119796
0.00251856
-0.00440675
0.00389697
0.00628897
-0.0169903
-0.00894584
0.00420149
-0.0147193
-0.0678508
-0.0137249
0.0189219
-0.0881575
-0.0541751
-0.0281312
-0.0490233
0.0475404
-0.0534819
-0.00143847
-0.16882
0.0185844
0.0645916
0.00936766
-0.157982
-0.139557
-0.119838
-0.127893
-0.159038
-0.131143
0.118701
-0.0471452
-0.214952
-0.0788269
-0.0680254
-0.216799
0.0242897
-0.0493194
-0.24388
-0.023851
-0.0260675
-0.187501
-0.101843
-0.053859
-0.0140678
0.0769095
-0.0386141
-0.0992609
0.0103905
-0.0289661
-0.10372
0.0027071
0.0442918
-0.119372
-0.150794
-0.0667888
-0.0966555
0.0492528
-0.254909
-0.0982579
-0.228772
-0.0286659
-0.222795
-0.203681
-0.0134822
-0.00916655
-0.169728
0.00663692
0.0129695
0.0271267
-0.0122445
-0.00570902
-0.00132802
-0.0101772
-0.014682
0.0190629
-0.00883947
-0.0108755
-0.0133066
-0.0169489
-0.017447
-0.112404
-0.0808021
-0.0476172
0.105559
-0.0667434
0.0384933
-0.0410255
-0.0697706
-0.0738671
-0.104658
-0.196599
-0.158342
0.0791442
-0.0126871
0.0607673
-0.171503
0.0131099
-0.204974
-0.086551
-0.0766769
-0.189703
-0.0475734
-0.11252
-0.059999
-0.0642633
-0.0953854
-0.0132153
-0.0108001
0.0698625
-0.0655276
-0.0906657
-0.0860352
-0.0238515
-0.0470022
0.00193059
-0.0597848
-0.116249
-0.144137
0.138828
-0.127993
-0.0156859
-0.0180331
-0.0258071
-0.0221818
-0.0179439
-0.0505554
-0.295612
0.0171091
-0.304946
-0.133561
-0.106041
-0.0519192
-0.177646
-0.11367
-0.0168953
-0.0576166
-0.0797905
-0.126793
0.137614
-0.149762
-0.106918
-0.173889
0.0110695
-0.0835839
-0.0243549
-0.157339
-0.228919
0.0539414
0.0115696
-0.18291
-0.15124
-0.2193
0.0248203
-0.105029
0.041354
-0.203301
-0.141335
-0.0301615
0.037804
-0.0868736
0.109836
-0.112907
0.0669442
-0.0660837
-0.197408
-0.0393874
-0.0491651
-0.146339
-0.0985566
-0.161352
0.0323739
0.00125523
-0.136318
-0.0835522
-0.0737725
0.03696
-0.00678511
-0.166664
-0.0845784
-0.256939
-0.12734
-0.133224
0.0171284
-0.0756212
0.00079338
-0.0465394
-0.182429
0.0698769
-0.214304
0.0159206
-0.0344152
0.091493
-0.220566
-0.111622
-0.13899
0.0573374
-0.0506136
-0.0979347
-0.142819
-0.297417
-0.087644
-0.079434
0.0466157
-0.147348
-0.014975
-0.206584
-0.274158
0.0493744
-0.0196632
-0.0877082
-0.0148215
-0.102804
0.0376204
-0.0317179
-0.161281
-0.0618855
-0.127329
-0.154515
0.153498
-0.100416
-0.0968782
-0.030984
-0.133588
0.104438
0.108767
-0.0391123
-0.0379211
-0.148134
-0.0138001
-0.224621
0.0295123
0.00359001
-0.0133033
-0.0660592
-0.175362
-0.189558
0.0436515
-0.234023
-0.0880808
0.00836059
0.0178448
-0.0117039
0.000183986
0.0186771
-0.00733479
0.0039109
-0.000103454
-0.0136056
-0.0215731
-0.0130675
-0.0547551
-0.296427
-0.0727066
-0.265046
0.00532704
0.0182629
-0.224525
0.038635
-0.183418
0.0277571
-0.241033
0.00375323
-0.109098
-0.228072
-0.294607
-0.167048
-0.0290809
-0.00203079
0.0269069
0.0103284
0.000563091
-0.00686089
-0.00722869
0.0148303
-0.00337138
-0.00503088
0.0064796
0.00118982
0.00520569
0.029218
-0.0392119
0.0917702
-0.175381
-0.0968686
-0.203072
0.00682668
-0.114248
-0.172508
-0.165315
-0.18352
-0.202641
-0.116267
0.0314584
-0.129242
0.0531019
-0.14054
-0.183813
-0.155167
0.0110093
-0.102893
0.0227612
-0.0607132
0.0767007
0.0464871
-0.225306
-0.0538504
-0.062227
-0.0850791
-0.00863337
-0.0235537
0.0256037
0.0117738
-0.000707232
-0.00348683
-0.0149809
0.0141478
0.0048307
-0.0173232
-0.0127287
0.00794855
0.0221029
-0.00691348
-0.0167402
0.00120158
0.00144357
0.00337616
0.0216261
-0.00709815
0.00247941
-0.0980439
-0.168504
0.00619344
0.0225244
-0.19424
-0.147719
-0.0990578
0.000229801
0.0253753
-0.0357724
-0.0131261
0.0126353
-0.00481998
0.00307299
-0.0146294
-4.52492e-06
0.00024061
0.00751398
-0.0166373
-0.0157352
-0.0839208
-0.0463075
-0.0744932
0.0798864
-0.0428209
-0.0670364
0.0938978
-0.055317
-0.0346767
-0.0429472
0.0706878
-0.0894695
-0.0715947
-0.134968
-0.133627
0.047371
-0.0509654
-0.122987
-0.0497905
-0.0368824
-0.201607
-0.14327
0.0392854
0.0041099
-0.248814
-0.115244
-0.1572
-0.000202008
0.0140441
-0.00677257
-0.0891792
0.011197
-0.157337
0.118447
-0.096238
0.0507437
-0.140612
-0.177088
-0.119822
-0.0429013
-0.0438933
-0.196126
-0.00624573
-0.0744865
0.11424
-0.0260508
-0.166053
-0.100224
-0.182063
-0.0216888
-0.00235829
-0.00447064
0.00244295
0.00784487
0.0217206
0.00756386
-0.00967684
0.00446231
-0.00127053
0.00143094
-0.152187
-0.187794
0.10546
-0.0828
0.0391284
-0.077514
0.00860928
-0.212668
-0.223496
-0.0480853
-0.13457
-0.132258
0.0512026
0.0436992
0.0581508
-0.162571
-0.0989556
-0.0296122
-0.0839763
-0.113613
0.0102218
0.0404662
-0.0135356
-0.140726
-0.125711
0.0363997
-0.0168429
-0.0131922
-0.0989823
0.0203767
0.0150317
-0.102481
-0.011456
0.0118899
-0.24128
-0.166559
-0.200864
0.00655946
-0.108943
0.0451051
-0.0846159
-0.0831844
0.139297
-0.102593
0.0411534
-0.0704685
-0.084195
-0.00667791
-0.176155
-0.0484659
-0.177156
0.0476474
0.0019863
0.0604043
-0.119211
-0.141826
-0.0572848
-0.039783
-0.194538
-0.13772
-0.216091
-0.13947
-0.248932
-0.133683
0.0590423
-0.25441
0.0310759
0.0294692
-0.114269
0.0605711
-0.170693
0.134839
-0.168002
0.0722437
-0.0507243
-0.0419819
-0.0694298
-0.0802016
-0.116531
-0.054761
-0.0495442
-0.0908869
-0.0229405
0.0867446
-0.036937
-0.107915
-0.0240015
-0.0742859
-0.125284
0.103204
-0.0620162
-0.219509
-0.124785
-0.0159348
-0.0291377
0.0170759
0.0548884
-0.0646926
-0.0646866
-0.120503
-0.0396664
0.0383867
-0.106651
-0.0593233
-0.0600561
-0.0459903
-0.0346003
0.0999671
-0.103015
-0.0382735
0.025027
0.0134238
0.0277703
-0.0147283
-0.00542159
-0.0155343
0.00947438
-0.023566
-0.0148359
-0.000119578
-0.22048
0.0504988
-0.0126613
-0.138141
0.00373193
-0.147564
0.0431808
-0.235609
-0.0514585
-0.291774
-0.0196313
0.00613054
-0.0102043
0.00519482
0.0101354
-0.0186288
-0.0191897
0.00353465
-0.0288386
0.0364834
0.00702084
-0.0606249
-0.124489
-0.0343576
-0.11576
-0.124497
0.185755
-0.0463844
-0.161963
-0.0400212
-0.00321938
-0.073517
-0.137596
-0.147832
-0.151977
-0.00457334
0.0296743
0.0202778
-0.199977
-0.007619
0.0784186
0.0399047
-0.0853054
-0.0526821
-0.0332529
-0.0461528
-0.037561
0.0263477
-0.0710126
-0.0478161
0.00950343
0.00486828
0.0148179
0.0172422
0.00660468
-0.0171213
0.00710891
-0.0017502
-0.00313717
-0.00562757
-0.160643
-0.0279671
0.0424076
0.0265221
-0.0505616
-0.242486
-0.140339
-0.0949715
-0.0209235
-0.0807195
-0.0462812
-0.0570739
-0.0175612
-0.0773875
0.083709
-0.0459035
-0.0509722
0.113409
-0.200164
-0.179722
-0.150784
0.0292275
0.0255329
0.0216958
-0.076721
-0.188722
-0.156118
-0.121258
-0.128691
-0.124085
-0.11614
0.16488
-0.250493
0.0193969
-0.137345
0.0243148
-0.149433
-0.135684
-0.152565
-0.0584955
-0.0245391
0.0613593
-0.0390692
-0.0189945
-0.0288555
0.00312992
0.0129086
-0.0447685
-0.00404956
-0.0188484
-0.0955699
-0.10008
-0.00816378
-0.0429058
0.00221996
-0.326739
-0.232011
-0.100338
0.0193856
0.0218633
-0.128327
-0.206624
-0.106443
-0.119832
0.0677783
0.0324046
-0.135829
-0.215545
-0.190516
0.0814299
0.0333907
-0.20555
-0.25307
0.0455228
-0.315344
0.00709906
-0.0224684
-0.128542
0.0235539
-0.0799778
-0.0597373
-0.112839
-0.166543
0.0126724
-0.191759
0.0636403
0.0437
-0.0857554
-0.123802
-0.143369
-0.119724
0.106978
-0.169753
-0.14276
-0.167127
0.0545134
-0.13446
0.0351854
0.0548357
-0.168064
-0.0846156
0.00753035
-0.0319336
-0.0724001
-0.0820339
0.0838749
-0.061449
-0.0814187
-0.0239199
-0.0247046
-0.0496114
-0.0918067
-0.106308
0.121379
-0.0633151
-0.0747112
-0.0569153
0.0636955
-0.145906
-0.182871
-0.101297
0.0377732
-0.168985
-0.0354979
-0.0811146
0.0202895
-0.0900628
0.0858854
-0.0134076
-0.153899
-0.0594789
-0.148001
0.0243677
0.0435835
-0.180382
-0.142612
-0.0877617
-0.18513
0.0183295
-0.0655854
0.0469102
-0.149181
-0.111156
-0.125875
-0.128987
0.134768
-0.0949721
-0.00240097
-0.232135
-0.0381836
0.0657144
-0.0411416
0.0861093
-0.134145
-0.0990202
-0.106911
-0.147272
-0.0530664
-0.144147
-0.0811266
-0.205356
-0.223798
-0.104572
0.00900349
-0.209508
-0.0904355
-0.0688525
-0.115007
-0.0221293
0.0870476
-0.150327
0.0983212
-0.161619
-0.179842
-0.0399144
-0.0893615
-0.115379
0.127244
-0.0613354
-0.111163
0.0107984
0.00263771
0.00589916
0.00387965
0.00144877
0.0345835
-0.0125009
-0.00688572
-0.00830592
-0.024692
-0.132825
-0.109717
0.143362
-0.162823
-0.0889629
-0.120823
0.134071
-0.0549542
-0.129318
-0.100166
-0.162354
-0.125259
0.0440517
0.00252823
0.0253077
-0.238661
-0.169027
-0.175067
0.0250533
-0.110592
-0.240458
-0.0600394
-0.140029
0.0288542
-0.0300413
0.0390676
0.0684468
-0.158636
0.0268838
-0.180106
-0.040432
-0.0812543
0.0492413
-0.140125
0.0439674
-0.104468
-0.0344516
-0.031131
-0.156121
-0.159747
-0.0292812
-0.00352768
-0.0344457
-0.0339888
-0.0438811
-0.0519629
0.03622
-0.0183865
0.112874
-0.031687
-0.217496
-0.187622
0.0224672
-0.00227338
-0.00663848
0.0259724
-0.261023
-0.0304325
-0.255118
-0.0105776
-0.0931232
-0.158228
0.0760416
-0.177792
-0.0174487
-0.102841
0.10488
-0.257578
-0.22526
0.0550763
-0.0349476
0.205003
-0.0807299
-0.0464774
-0.131046
-0.0441969
-0.0461161
-0.0764529
-0.151921
-0.0243286
-0.128304
-0.159119
-0.147459
-0.216328
0.00426342
-0.000185239
-0.127062
-0.0165104
0.0214606
0.030529
-0.18864
-0.0321827
-0.0557912
0.0381855
-0.0914149
-0.12729
-0.112803
0.0756954
-0.262265
-0.0257063
0.00670395
-0.0176691
0.00249402
-0.0157321
0.00305013
-0.0156236
-0.000549052
-0.00103077
0.00372196
0.00273659
0.048556
-0.260613
-0.0175512
-0.134414
0.0217623
-0.164093
-0.0553767
-0.212582
-0.204178
-0.0149009
0.0037844
0.00816533
-0.0100129
-0.010418
0.0153436
0.00537405
-0.00744212
0.00523521
-0.00221298
0.00311887
-0.217909
-0.0512123
-0.171434
0.0432639
-0.0954508
0.00231046
-0.0948548
-0.175511
-0.0552706
0.0336574
0.116863
0.0195581
-0.222323
-0.161633
-0.223792
-0.157798
-0.15763
0.0701594
-0.160755
0.0461229
-0.0838727
-0.114934
-0.0617297
-0.0399432
0.0363544
-0.111491
-0.169506
0.0828743
-0.172735
-0.0334843
-0.0144938
0.065304
-0.00927783
-0.00501153
-0.0197727
0.00605034
0.00524825
-0.0109678
-0.0219672
-0.00274663
-0.196616
-0.00596226
0.0285444
0.0327954
-0.158966
-0.158745
-0.0435707
-0.164819
0.0361523
-0.153028
-0.150414
-0.0302161
-0.184171
0.0540664
-0.179974
-0.174648
-0.12696
0.0274848
-0.0305323
0.0393538
0.00520924
-0.0144002
0.00125811
-0.0104623
0.0185242
-0.0124099
0.0110173
0.00208377
-0.005932
-0.00339539
-0.0120892
0.085733
-0.129002
-0.0926843
-0.100604
-0.0519271
-0.077715
0.148098
-0.123832
-0.0599176
-0.129714
-0.00753869
-0.0881789
-0.108593
-0.10702
0.0564284
-0.225466
0.0364554
0.0360375
-0.161071
-0.20204
-0.136103
-0.152593
0.0259594
-0.263477
0.0276591
-0.0232931
-0.151336
0.0662682
-0.225744
-0.130968
0.00705544
-0.23407
-0.217437
0.018274
-0.157778
0.0253619
-0.201921
0.000292364
0.0424101
-0.211128
-0.150407
-0.206485
-0.0897683
-0.0936362
-0.154026
-0.0791274
0.0773664
-0.119881
0.045927
-0.0375196
0.0330121
-0.0539108
-0.00603547
-0.0261232
0.00679167
-0.00661538
0.0749156
-0.000413152
-0.0554308
-0.135361
0.0306291
-0.210451
-0.167929
0.02744
-0.294501
-0.00825016
-0.198258
0.0303014
0.0251151
-0.0361014
-0.188762
-0.221294
0.0215713
-0.0928349
0.0752948
-0.00658657
-0.1543
-0.122002
0.086646
-0.110568
-0.0612912
-0.0739368
-0.105109
-0.0490338
-0.0711053
0.0286951
0.147091
-0.0436019
-0.14905
-0.00885481
0.034212
-0.030956
0.00415114
0.00486789
-0.021554
-0.0053746
0.0426814
-0.0403123
-0.0491155
-0.0176324
0.0361024
-0.0186629
-0.00766832
0.0326845
-0.0289218
0.0100531
0.00304177
-0.026883
-0.042133
-0.184881
0.0332708
-0.0392768
0.0137758
-0.294281
-0.00205699
-0.2423
-0.141534
-0.0845116
0.000346385
-0.205339
0.0254472
0.0523404
-0.0845141
-0.131409
-0.0989415
-0.0127715
-0.124147
0.0397264
-0.197482
0.00839184
-0.114138
0.106179
-0.0261642
-0.0515689
-0.0382878
-0.0435073
-0.0875904
-0.073562
-0.0281165
-0.104111
0.00443134
-0.114639
-0.189425
0.0144437
-0.124098
-0.100023
-0.135542
0.0280723
0.0280839
-0.109331
0.0406381
-0.0137049
-0.236385
0.0297219
-0.0100951
-0.0202156
-0.104425
-0.204745
-0.137171
-0.0314674
-0.112762
-0.125161
0.0756185
-0.158766
-0.0653049
-0.11603
0.0230551
-0.0411441
-0.114599
-0.090097
-0.208518
-0.234762
0.00120202
-0.129052
0.0195862
-0.0267395
-0.278457
0.027535
-0.0225771
0.0618908
-0.121466
0.0689947
-0.128801
-0.155916
-0.137174
0.0127182
-0.136842
-0.127136
-0.0971962
-0.275463
-0.142164
0.0118216
0.0145196
-0.00871732
-0.152431
-0.0973879
0.00330798
0.0287184
-0.322281
0.0611178
0.0105901
-0.0500676
-0.22493
-0.180249
-0.153119
-0.0328053
-0.134399
0.0608933
-0.161439
-0.161202
0.00379056
0.0924324
-0.162052
-0.113841
-0.14122
-0.0826668
0.00543054
7.07378e-05
-0.160267
-0.140135
0.0319661
0.054871
-0.107065
-0.0197184
-0.215664
-0.108919
-0.0259903
-0.151515
0.00967101
-0.0318697
0.0186892
-0.11063
-0.050246
0.040489
0.00152402
-0.100057
0.0965941
-0.0702345
-0.173005
-0.0901812
0.0576023
-0.155427
-0.156182
0.079427
-0.155274
-0.181448
-0.137549
-0.250984
0.0249074
-0.0911585
-0.0422388
-0.249475
-0.157076
-0.0665594
0.025146
-0.0387496
-0.0326716
0.0305002
-0.0414818
-0.19004
-0.0982967
-0.155617
0.0492054
-0.225675
-0.0919379
-0.0933577
0.0289332
-0.096011
0.0525935
-0.0346011
-0.0425451
-0.0632788
-0.0758011
0.113349
-0.0624636
0.0211973
-0.133499
-0.13718
-0.170763
-0.008607
-0.234714
-0.0886859
-0.183543
0.0292149
-0.168541
-0.192218
-0.0623485
-0.0827805
0.0843597
0.0266212
-0.180174
-0.0707863
-0.0277852
-0.278442
0.0371
-0.0782761
-0.0513425
0.0152418
-0.212075
-0.215221
-0.123352
-0.121668
-0.0592534
0.0300985
0.0499884
-0.0952028
-0.0134253
0.0454584
-0.1236
-0.142001
-0.0323981
-0.018088
-0.060477
0.129689
-0.146302
0.106995
-0.107481
-0.165664
-0.171443
-0.0499634
-0.22294
0.00244223
0.00274685
-0.296839
-0.245153
-0.22007
-0.0269438
-0.021002
-0.00343716
-0.223837
-0.20793
-0.285337
0.0246797
-0.0188591
-0.0175712
-0.277205
-0.0378995
0.0356715
0.0179757
0.00584814
-0.184011
-0.259555
-0.216313
0.0198142
0.0557156
0.0229358
-0.214377
-0.0900414
-0.0323723
-0.0761949
-0.104326
-0.116257
0.078297
0.0486578
-0.126753
-0.125056
-0.16069
0.111513
-0.101097
-0.230939
0.0649375
-0.186478
-0.189089
0.0198253
-0.0528026
-0.107442
-0.20297
0.037859
0.00726886
-0.107157
0.0306382
-0.205679
0.0607642
-0.0716389
-0.243516
-0.0922397
0.0395447
-0.128591
0.0293804
-0.116254
-0.140777
-0.112063
-0.155095
0.115563
-0.142827
-0.0115536
0.154413
-0.17135
-0.202379
-0.127127
-0.114814
-0.0474432
-0.0598365
-0.0932128
-0.101927
0.163188
-0.0481788
-0.121646
-0.0500598
-0.01817
-0.0166041
-0.0119044
0.000887206
0.0120103
0.0124474
-0.0199809
-0.00349681
0.00158487
0.00878323
-0.159765
-0.245932
0.0142172
-0.0144537
0.00990316
-0.0859214
-0.278798
-0.0509189
0.0122546
0.000998037
-0.00665395
-0.020217
0.0112372
0.00551061
-0.00229103
-0.0153875
-0.016411
0.00814276
-0.0118648
0.0116752
0.00340076
0.00418357
-0.0227644
0.00925728
-0.00614808
0.00438653
0.0174981
0.00463415
0.000336464
-0.00406391
-0.0495878
0.14017
-0.0783977
-0.0476748
-0.0879052
-0.133128
0.0890083
-0.110202
-0.124513
-0.0714445
-0.157469
0.00664719
-0.0190649
-0.23288
0.0127767
-0.15354
-0.171023
0.00847903
0.0802822
-0.148857
-0.168947
-0.150429
-0.0831383
-0.0279631
-0.124567
0.0795719
0.0177065
-0.154048
-0.00515172
-0.112656
-0.221641
0.0277432
-0.00342785
-0.054121
-0.296225
-0.074403
-0.0411067
-0.159681
-0.0218059
-0.288007
-0.214078
-0.223581
-0.215334
-0.0197826
0.0641893
-0.140715
-0.20099
0.0406698
-0.0539143
-0.0162659
-0.069667
0.0897758
-0.142214
-0.13024
-0.00044262
-0.100632
-0.0957843
-0.131418
-0.176918
0.0559293
-0.107603
-0.145147
-0.0580671
-0.206974
0.0396492
-0.148381
-0.103624
-0.172449
0.0526801
-0.00990196
0.111755
0.0130156
-0.066493
-0.0367931
-0.0212598
-0.0450438
-0.0323394
-0.0280912
-0.0449643
-0.018748
-0.0205662
-0.0128332
0.00955904
-0.0195867
0.0187741
0.000868953
0.00302175
-0.00853618
0.0176687
-0.00872809
0.000977736
0.00559329
0.0131132
-0.00233247
0.00330601
-0.000607741
-0.0198902
0.00629428
0.0132705
-0.0256511
0.0548615
-0.150791
0.1286
-0.0893296
-0.0428974
-0.132058
0.0571581
-0.168403
-0.131908
-0.0926833
-0.126447
0.0578111
-0.129594
-0.0641363
0.103509
-0.0824973
-0.00297369
-0.229148
-0.221772
-0.0173741
-0.0524006
-0.138399
0.146468
-0.101147
-0.113626
-0.105456
0.0654301
-0.103146
-0.20145
-0.0846418
-0.0117488
-0.0127746
-0.0406584
0.0120698
-0.0600136
-0.0218155
-0.010962
0.0682106
-0.0435755
-0.0717722
-0.108654
0.0502901
-0.190669
-0.151445
-0.0685739
-0.0304386
-0.19801
0.0119809
0.067892
-0.115076
-0.0132305
-0.0135119
-0.028561
0.00934504
0.0101157
-0.00345866
-0.00530703
-0.000921131
0.00584072
-0.00854652
-0.0266672
-0.0212976
-0.0186721
0.00437485
0.0107985
-0.0234815
-0.0243591
-0.033372
-0.0117084
0.0534989
-0.031153
-0.147552
-0.19132
-0.199369
-0.00660746
-0.000460582
0.0198906
-0.0577789
0.0307031
-0.212545
-0.134885
0.0225418
-0.0627946
-0.153504
0.0947359
-0.210344
-0.261176
-0.17653
0.0528132
-0.0200768
-0.0814828
-0.110821
-0.0952346
0.0233694
-0.208534
0.0381561
-0.094478
-0.0510151
0.0211658
0.00796314
-0.013118
0.00545997
0.0186407
-0.0132635
-0.00942625
-0.00721279
0.0088279
-0.022164
0.0290026
-0.0189356
0.078216
0.109522
-0.106436
-0.160306
-0.159654
-0.119731
-0.121239
-0.00291797
-0.117608
-0.0759485
-0.196369
-0.208811
-0.0560659
0.0134591
-0.281684
0.0429851
0.031558
-0.223413
-0.00780559
-0.166246
-0.0648394
-0.0633333
-0.0230179
0.0740646
-0.121784
-0.169226
-0.0904011
0.0589802
-0.180392
-0.192321
-0.0775504
-0.234164
-0.153146
0.0421305
-0.218863
0.0460586
-0.171899
-0.0469531
0.0236762
-0.0335677
-0.0379796
-0.0687573
-0.111859
0.0848957
-0.0700749
-0.0132839
-0.106298
0.0829762
-0.131726
-0.13939
-0.118825
0.0662552
-0.118264
-0.0831994
-0.123819
-0.0509626
-0.129525
-0.0339802
-0.0874489
0.086118
-0.057756
0.0523882
-0.00561766
-0.112755
-0.152046
-0.114338
-0.0645897
0.0304267
-0.151648
-0.166729
-0.0156519
0.00232973
-0.0219447
0.0268255
-0.00094854
-0.0118459
0.00919076
-0.00075724
-0.0280931
0.00522837
-0.0102074
-0.0181022
-0.0118012
0.0171351
-0.012055
-0.0129241
-0.00127358
-0.0150673
-0.0211752
0.0532399
-0.0880632
0.000507698
-0.0708797
-0.139915
0.130191
-0.160544
-0.0851686
-0.0392194
0.00260785
-0.169174
0.0806311
-0.0955347
-0.101407
-0.0593309
-0.144649
0.0713998
-0.0507107
-0.00526538
-0.271819
-0.0605343
-0.132665
0.0423336
0.056712
0.0455771
-0.0860926
-0.127791
-0.10258
-0.116331
-0.190536
-0.113278
-0.245881
-0.0630881
-0.127338
-0.0858936
0.0162376
-0.197107
-0.141164
0.0171719
-0.00321569
0.0251583
-0.0738512
-0.0972664
-0.000993943
-0.162746
-0.0939865
-0.0626304
-0.0814135
0.158774
-0.102572
-0.146598
-0.024729
-0.162236
0.0815591
-0.104552
-0.106785
-0.0203054
0.0109281
-0.184644
-0.0483789
-0.155545