0.0813822
0.124797
0.147657
0.0165524
0.0935738
0.154253
-0.0353695
0.0810972
0.181172
0.191279
0.0504246
-0.0963546
0.147591
0.0865433
-0.0187258
0.190905
0.080196
-0.0239497
-0.0284594
0.0307146
0.0918003
-0.053724
0.0706256
0.0605677
-0.00354051
0.0338204
0.0992101
0.0218126
0.0953813
0.0816436
0.00362472
0.0955145
0.0675211
-0.0543702
0.112457
0.0742139
0.189767
0.178072
0.0909256
0.138392
0.128111
0.10825
0.147895
0.133376
0.107972
0.0136411
0.0570644
0.0894799
-0.0170959
0.0283148
0.0578412
-0.0367336
0.0134605
0.109509
-0.0696305
0.0421155
0.134103
-0.0717826
-0.00722227
0.0940041
-0.0704198
0.02794
0.101584
-0.0525007
-0.0218221
-0.00977669
0.000184559
0.0255791
0.00703139
0.01351
0.0243362
-0.0263439
-0.031571
-0.0695316
-0.0717061
0.00363325
-0.0206493
-0.0133538
0.0282907
0.0956308
0.0730961
0.166639
0.11874
0.028962
0.126253
0.13633
0.00870569
0.126641
0.0845455
0.0281725
-0.0772272
-0.00224773
0.121831
-0.133628
-0.0262183
0.145392
-0.144887
0.0238905
0.155928
0.0666627
0.156014
0.169819
0.0354205
0.150546
0.139498
0.0804928
0.13392
0.198069
-0.149607
-0.0155463
0.0738465
-0.0888312
0.0121812
0.121943
-0.109671
0.0593609
0.159913
0.241642
0.148545
0.0338783
0.189168
0.157546
0.037422
0.247292
0.148992
0.0230096
-0.0731334
0.00775574
0.0853571
-0.0605614
0.0800544
0.0299204
-0.0686526
0.0485968
0.0146583
-0.0118753
0.0294279
0.0638025
-0.0643626
0.0139644
0.0543636
-0.0779365
0.0160379
0.0374809
-0.00326542
-0.00396511
-0.0192941
-0.00917459
0.00983084
-0.0118101
-0.0101814
-0.00824213
-0.00633945
0.248178
0.163629
0.106153
0.207468
0.164395
0.0833634
0.211447
0.133156
0.11792
0.0564107
0.0748498
0.131615
0.0319315
0.12503
0.115052
-0.0447474
0.105701
0.137528
0.0658096
0.0835037
0.0773897
0.000680059
0.0730229
0.144611
-0.019014
0.0461592
0.147197
-0.071886
-0.0858019
-0.073307
0.0275841
0.0026387
0.0099284
0.0330425
0.0704333
0.043989
0.0934191
0.124404
0.0189277
0.0449528
0.0595885
-0.0125449
0.06085
0.0119442
0.0202696
0.215254
0.179939
0.0803321
0.157314
0.139018
0.0388918
0.200992
0.0933206
0.0515646
0.0349886
0.0783897
0.108278
0.0228171
0.00512162
-0.0229544
-0.0671303
-0.152452
-0.0688579
0.0638148
0.0967847
0.155112
0.0381185
0.134887
0.155937
0.0199161
0.100242
0.173377
0.147469
0.123127
0.108438
0.0624206
0.14178
0.115088
0.109825
0.110137
0.139749
0.151002
0.156564
0.130939
0.053083
0.148284
0.0946988
0.0721712
0.132424
0.130379
0.0947348
0.151669
0.173086
0.0609842
0.125343
0.184817
0.0426046
0.121687
0.200689
0.0155021
0.132403
0.12955
0.00167581
0.0905962
0.178061
-0.0221841
0.0744063
0.150754
-0.100643
-0.136747
-0.107189
-0.00781727
0.0133178
0.0380632
0.0831565
0.101396
0.0808954
-0.0502795
-0.0612633
0.0619614
-0.0771042
-0.0151346
0.0895021
-0.08301
0.0335828
0.0990844
0.128928
0.129635
0.115839
0.0697731
0.141211
0.107064
0.086634
0.106895
0.170542