-0.000179492
0.00700101
0.00429653
-0.0254015
0.00892132
0.00255791
-0.0075975
0.0106775
0.00596753
0.0101272
-0.0563333
0.132758
-0.0190519
-0.0159527
-0.0247163
-0.0364903
-0.0245711
-0.029225
-0.0136405
-0.0327315
0.0538721
0.0118798
-0.0542285
-0.0580887
-0.0501662
-0.0499249
-0.0446726
-0.0531998
-0.0579314
-0.0388106
0.0387588
-0.00734455
-0.0106215
-0.0120754
-0.0194737
-0.0172764
0.00349434
-0.017841
-0.014483
0.00572421
-0.0133851
-0.00230761
0.011745
-0.0180428
-0.0198838
-0.0151684
0.0111309
0.00255541
0.00447904
0.00025268
0.00666966
0.0125831
-0.000692933
-0.0341989
0.00834013
0.00846191
0.00470276
0.00152878
0.00105248
-0.00461718
0.00193052
-0.00186082
0.00656778
0.00171746
-0.00901715
-0.00136248
-0.00464184
-0.0035138
-0.00159269
0.0109881
0.0657318
-0.00786515
-0.00982287
-0.0122488
-0.0129262
-0.0241843
-0.0266129
-0.0347508
-0.0205169
-0.0267237
0.0387795
-0.00330492
-0.00843355
-0.0289193
-0.0203311
-0.0256414
-0.0159706
-0.0255661
-0.0181438
-0.0288235
-0.0683962
0.0813489
-0.0354212
-0.0315773
-0.0390503
-0.0155745
-0.0249843
-0.0254059
-0.0331356
-0.0267684
0.00938162
0.0346277
-0.00188976
-0.0207068
-0.0170779
-0.0285984
-0.0294364
-0.0136683
0.000613765
-0.0433844
0.0521673
-0.0409998
0.00211568
-0.011124
-0.0169405
-0.0087213
-0.00800517
-0.0178681
-0.00573956
-0.0147984
0.0824441
-0.0656528
-0.0301068
-0.0397551
-0.02045
-0.011521
-0.0180698
-0.0314473
-0.0410545
-0.0157092
0.0503489
0.00712496
-0.0166103
-0.0229271
-0.02982
-0.017821
-0.0378888
-0.0151908
-0.0206005
-0.0291226
0.00385916
0.00265201
-0.00887059
0.00808609
-0.00257902
0.0102118
0.0265388
-0.00995018
-0.00742301
-0.00601948
-0.0157602
0.0215582
-0.0451877
-0.0352767
-0.0117307
-0.0176707
-0.000860042
-0.0322939
-0.0167674
0.00307852
-0.0777322
0.12008
-0.0370637
-0.0425034
-0.0574143
-0.0482289
-0.0614835
-0.0527348
-0.0450231
-0.0416778
0.0143981
0.040443
-0.0325034
-0.0252139
-0.014781
-0.00680583
-0.0143766
-0.0229218
-0.00443468
-0.0202299
-0.0442723
0.081516
-0.0236296
-0.0286727
-0.00267652
-0.0271727
-0.0250422
-0.0152159
-0.0284344
-0.0154409
-0.0155017
-0.0106663
0.0104874
0.00311043
-0.0109929
-0.0079501
-0.00777252
0.000469653
0.0153146
0.00728472
0.074764
-0.0072208
-0.0196777
-0.0450431
-0.0233255
-0.027806
-0.0203175
-0.0283461
-0.0453067
-0.0198017
0.0304482
0.0356199
-0.00659301
-0.0249586
-0.00831402
-0.00980861
-0.0183747
-0.0326593
-0.0196521
-0.036009
-0.00178983
-0.00111112
-0.00929641
0.0125098
-0.00834642
0.00078178
0.00660843
9.37583e-05
0.00669792
-0.000382452
0.0187453
0.0232344
0.000690482
-0.0246119
-0.0229489
-0.0212019
-0.0217725
-0.00199129
-0.00143737
0.00419711
-0.0210093
0.0237257
-0.0130027
-0.00969962
-0.00376817
0.0252674
-0.000388941
-0.0108211
-0.00505359
0.00246756
0.00329765
0.00203663
-0.0155475
-0.00147493
-0.0200417
-0.0110698
0.000584197
-0.00809913
-0.00830732
0.00300431
0.00305413
-0.000499592
-0.00571144
0.0101606
0.00627505
-0.0132089
0.00689298
-0.00978251
-0.00291814
-0.00453806
0.0112093
0.00520685
-0.024073
0.000427235
-0.0157349
-0.0141351
-0.00297716
0.0061806
0.00239743
-0.0233834
-0.0819546
0.119434
-0.0297842
-0.0429093
-0.0333192
-0.0437827
-0.0276261
-0.0203589
-0.0556623
-0.0194734
-0.0546538
0.080802
-0.0138507
-0.0216345
-0.00481864
-0.0119323
-0.0271182
-0.013213
-0.027302
0.000775121
0.0362097
-0.0128545
-0.021926
-0.0006454
-0.0349295
-0.0222053
-0.0121004
-0.00483158
-0.0148119
-0.0243811
0.00402274
0.00494813
-0.00103112
-0.0148744
-0.0099347
0.00314243
-0.012203
0.00561668
-0.0183021
-0.0221872
-0.0957704
0.0686817
-0.017359
-0.0165203
-0.00858364
-0.0126712
-0.00344292
-0.0226602
-0.0176956
-0.0480436
0.00245256
-0.00527795
-0.00114863
0.0249066
0.00460533
-0.0112132
0.00039166
-0.00695174
0.0219026
0.00654861
0.0562798
0.00858547
-0.0304053
-0.0370044
-0.0170029
-0.0212847
-0.0355551
-0.0464113
-0.0507765
-0.0453749
-0.00211647
0.00292561
-0.00205678
-0.0103038
-0.00731324
-0.00512796
-0.0107138
-0.00570617
0.0134988
0.0166873
0.0546016
-0.0127515
-0.0258933
-0.035943
-0.0326817
-0.0355979
-0.0363787
-0.0254886
-0.0140787
-0.0185893
-0.0067217
-0.0131969
-0.00888324
-0.00865542
-0.0152345
-0.00690388
-0.00435667
-0.00604555
-0.0142714
-0.00422319
-0.0189852
0.0751856
-0.0308804
-0.0135053
-0.0198689
-0.0445631
-0.0128984
-0.0254254
-0.017921
-0.0418922
-0.0490599
0.0842135
-0.00661514
-0.0146113
-0.0211682
-0.0325423
-0.00801041
-0.0222107
-0.0406127
-0.0152952
-0.0818962
0.0925662
-0.0253437
-0.0104552
0.000358529
-0.016924
-0.0174577
-0.0272345
-0.0293206
-0.00714635
-0.0767797
0.115229
-0.0259193
-0.0221173
-0.0281601
-0.0323605
-0.0254486
-0.0372472
-0.0372356
-0.0390298
-0.0441674
0.0413382
-0.00214548
-0.00754168
-0.00670448
-0.000971978
0.0176563
-0.0105011
0.0157737
0.00379738
0.0136989
0.00869157
0.00384745
-0.00485643
-0.00311584
0.00716806
0.0112327
0.00662956
0.00719396
-0.00602789
-0.00613712
-0.00481877
0.00303877
0.00716319
-0.0103837
-0.00956562
0.0094959
0.00667753
-0.00105268
-0.00293623
0.0434218
-0.00212817
-0.0166971
-0.0241556
-0.0271675
-0.0203388
-0.0082584
-0.00279163
-0.0243612
-0.033919
0.0400999
-0.000619743
0.0112371
0.00120491
0.00732578
-0.00331975
-0.0185587
-0.0282614
-0.00530013
0.00115213
-0.0432973
0.104936
-0.0411521
-0.0227847
-0.0372796
-0.0388949
-0.0139361
-0.0361116
-0.0162167
-0.0304744
0.0331767
0.00402276
-0.0281369
-0.0167409
-0.0149073
-0.0221547
-0.0191844
-0.0179085
0.00074406
-0.0163204
-0.00782881
-0.00882748
-0.00375637
-0.00479619
0.0126655
0.0137104
-0.00651397
0.00267202
-7.43003e-05
0.0127483
-0.0025545
0.000316084
-0.0145084
-0.00596824
0.0178287
-0.002082
-0.00463835
-0.0131747
-0.000394017
0.0124318
0.0728031
-0.0155811
-0.0646807
-0.044677
-0.0647501
-0.0550593
-0.0461744
-0.0503889
-0.04896
-0.0392405
0.0336852
0.0152908
-0.0317613
-0.0189952
-0.00684965
-0.0133775
-0.012469
-0.0197208
-0.0269522
0.012356
-0.0173879
0.00596031
-0.0140962
0.00495065
-0.00865604
0.00389547
0.0101562
-0.0135766
0.00376361
-0.00481122
-0.00441128
0.0121882
0.00286092
0.0136493
-0.00153504
0.00524405
0.0154956
-0.00670084
6.21002e-05
-0.00161523
0.10418
-0.044663
-0.0258594
-0.0385048
-0.045165
-0.0286796
-0.043641
-0.033705
-0.0264638
-0.0344225
-0.00468583
0.00738756
0.00882982
-0.00649505
-0.0190271
0.0102585
0.0101998
-0.00466059
-0.000909257
0.0114161
-0.00469561
6.23251e-05
-0.0130195
0.0244549
2.80391e-05
0.00628815
0.0122838
-0.00523229
0.00619927
-0.00985022
-8.07751e-05
0.0332897
-0.0195369
-0.0128798
-0.0108744
-0.0191547
-0.0203389
-0.00182058
-0.0341717
-0.0328106
-0.0266218
0.00709888
-0.00758594
0.00971429
0.010774
-0.00556927
0.00112885
-0.0211418
7.03325e-05
-0.00720041
-0.0640794
0.090715
0.00304177
-0.0275631
-0.00887982
-0.0351413
-0.00568386
-0.00844711
-0.00724743
-0.00635741
0.0222085
0.0324633
-0.0373386
-0.0506784
-0.0507562
-0.0358093
-0.0474138
-0.0609753
-0.0508418
-0.0398722
0.0519933
-0.0266018
-0.0199672
-0.0181763
-0.0246243
-0.0104683
-0.0172519
-0.0335449
-0.0127287
-0.0292663
0.0522663
0.00746959
-0.0408397
-0.03598
-0.0312916
-0.0445952
-0.0272918
-0.0513362
-0.04382
-0.0351428
0.0341741
0.0234125
-0.0351778
-0.0199496
-0.0384011
-0.0320755
-0.0247476
-0.0309425
-0.0179929
-0.0227042
0.0682187
-0.00754574
-0.0370427
-0.0256001
-0.0288684
-0.046874
-0.0411081
-0.0585855
-0.029582
-0.0258719
0.0445447
0.00366793
-0.0264146
-0.00939412
-0.0258062
-0.0179063
-0.0336237
-0.0288173
-0.0301252
-0.0335579
0.000937161
0.00136926
-0.00570263
0.00144406
-0.000771939
-0.00158184
0.00699655
-0.0183999
0.00710627
-0.0126963
0.00737459
-0.00679308
-0.0114762
-0.0006643
0.00162589
-0.0256938
-0.0195408
-0.0058191
-0.0140607
-0.00513637
-0.0192112
-0.0138215
0.00574395
0.00818467
-0.00523469
-0.0117973
0.0206979
-0.0020259
-0.0202055
0.013269
0.089137
-0.0426392
-0.0284595
-0.0454382
-0.0308556
-0.0237021
-0.041402
-0.0278081
-0.0300702
-0.0266805
-0.00445882
-0.00511495
-0.00323712
0.00420329
-0.00674945
0.00759747
0.00463808
-0.0155999
-0.0127004
-0.000987817
0.00987155
0.032205
-0.00701408
-0.0112388
-0.0142514
-0.0185311
-0.00839717
-0.00500701
-0.000268202
-0.00926357
-0.0213626
-0.0114575
0.00253005
0.00990879
0.00363895
-0.0175657
0.0050137
-0.00710663
-0.00125087
0.000100602
-0.0051436
-0.0117657
-0.00190388
-0.0114501
-0.0135041
0.00777505
0.00458936
-0.00617575
0.0268638
0.00686562
-0.0118646
0.0297009
0.00504247
0.00786314
-0.000692318
0.00848056
-0.0195165
-0.0042746
0.00264317
0.00124448
-0.0178162
0.0371298
-0.0264382
-0.0239329
-0.0309217
-0.0273685
-0.0355221
-0.0358436
-0.0356296
-0.0146062
-0.0291389
0.0670941
-0.0280929
-0.0405553
-0.0403873
-0.0476416
-0.0357347
-0.0513994
-0.0388608
-0.0249588
0.00633968
0.0494521
-0.0302102
-0.0094452
-0.0212236
-0.0347544
-0.0347404
-0.0326695
-0.0329594
-0.0389948
3.30895e-05
-0.00952068
-0.00475858
-0.00585204
-0.00844946
0.0110079
0.000129174
0.0194854
-0.00404809
-0.000524974
-0.00664016
-0.00400867
0.00331156
-0.00249768
0.00903096
0.00394835
-0.0131224
0.0075794
0.0212062
0.0107807
0.00386116
0.0439597
-0.0259258
-0.0323535
-0.0198062
-0.0254007
-0.0248375
-0.0133707
-0.0107844
-0.0315151
-0.0152718
-0.00732461
-0.00525937
-0.00720664
-0.00131496
-0.00295677
-0.00322662
0.00158549
-0.00369268
0.00948917
0.0066913
-0.00281728
0.00410083
-0.0194595
-0.0111744
0.0109521
-0.0185233
-0.00337357
0.0112036
0.00669565
0.0647363
-0.038188
-0.0407777
-0.0134186
-0.00347623
-0.0211913
-0.00238992
-0.0192009
-0.0181338
-0.0314637
0.0620276
-0.0435917
-0.0428866
-0.0498268
-0.0515988
-0.0429759
-0.0470118
-0.0308197
-0.0313786
-0.0468036
0.0773391
-0.0328983
-0.0364637
-0.037037
-0.0293856
-0.0322252
-0.0163878
-0.0242194
-0.00796677
-0.0234136
-0.0257929
0.0175048
0.00241199
0.00699181
-0.0073355
0.00244113
0.0113803
-0.00519572
0.00484007
0.00425461
0.0537487
-0.0261716
-0.0184773
-0.0195652
-0.021484
-0.0120528
-0.0160397
-0.0152088
-0.00508982
-0.0266116
0.0196336
0.0230711
-0.0602724
-0.0472491
-0.0455302
-0.0390319
-0.052
-0.0414535
-0.0485797
-0.0546974
-0.0403169
0.0890634
-0.023547
-0.0489988
-0.0317771
-0.0298751
-0.0476809
-0.043759
-0.0295163
-0.0393853
-0.0372543
0.0886758
-0.00430258
-0.00744874
-0.0289316
-0.0352891
-0.0103375
-0.0176914
-0.0367051
-0.0251316
0.0871682
-0.0825244
-0.0136328
-0.0281595
-0.0238405
-0.0295976
-0.0190427
-0.0147018
-0.0337186
-0.0235725
0.0073332
0.00283063
0.00885814
0.0121869
-0.0114882
-0.0138985
-0.00895956
0.0120645
-0.00791152
0.0152739
-0.0385172
0.0825403
-0.0360053
-0.00532637
-0.00846652
-0.00967678
-0.0340941
-0.0108118
-0.0101496
-0.0277519
0.0137612
0.0186936
0.0110806
-9.0325e-05
-0.0122604
-0.00136995
0.0161481
-0.0186481
0.000674158
0.0123286
0.0524568
0.0311192
-0.052252
-0.047181
-0.0389862
-0.053335
-0.0534503
-0.0499738
-0.0345341
-0.0692733
-0.0774655
0.109513
-0.0427542
-0.0444588
-0.0413304
-0.0295232
-0.035415
-0.0427206
-0.0257761
-0.0330799
-0.0525273
0.121735
-0.0544379
-0.0525619
-0.0480412
-0.0519606
-0.054304
-0.0456811
-0.0534096
-0.0415525
0.00530912
-0.00784037
-0.00064673
-0.0034191
-0.010133
-0.0117741
-0.00854903
-0.0167432
0.000946537
0.0112128
0.0375139
-0.0370528
-0.0174259
-0.0105326
-0.0279814
-0.0150254
-0.039143
-0.0328707
-0.0101279
-0.0023361
0.0066663
-0.00997831
0.00557167
0.0118734
0.00306498
0.0026458
0.00454162
-0.000531566
0.00458334
-0.00562223
-0.00327117
0.0557894
-0.00439143
-0.027413
-0.0341521
-0.0243858
-0.0281354
-0.00624235
-0.00608159
-0.0239981
-0.0578039
0.128424
-0.0255468
-0.0134429
-0.0358087
-0.0276871
-0.0467201
-0.042291
-0.0387598
-0.0364227
0.0847168
-0.0625446
-0.0444557
-0.0304664
-0.0356497
-0.018437
-0.0345756
-0.0485889
-0.0301135
-0.0312592
0.00820781
-0.00468736
-0.0105789
-0.00193315
3.00924e-05
0.00122742
-0.0182093
0.0273547
0.00824215
-0.0127301
-0.00628335
0.00453443
0.0122192
-0.00570905
0.0167282
-0.0177013
0.0114245
0.00288104
0.00487349
-0.00053236
0.0297105
-0.0126535
-0.0138931
-0.00110858
0.00316386
0.00985985
-0.0115405
-0.00668454
-0.00763997
-0.00810075
-0.0510932
0.0850414
-0.0321537
-0.0365209
-0.0301194
-0.0346691
-0.0249269
-0.0266416
-0.038923
-0.0385896
-0.0123275
0.00952588
-0.0431909
-0.0169897
-0.0275341
-0.0211258
-0.0198773
-0.0282761
-0.0235658
-0.0356192
0.0587514
-0.0210848
-0.0257349
-0.0449408
-0.02465
-0.0468479
-0.0367488
-0.0333364
-0.0270134
-0.0245169
-0.0365711
0.0720818
-0.0146852
-0.0162658
-0.0319276
-0.0320313
-0.0430128
-0.0353315
-0.032694
-0.0249072
-0.00036147
0.00351241
-0.00736653
-0.0197171
0.00837816
0.0102645
0.0112738
-0.00353773
-0.0179528
-0.0098778
0.00312112
0.0167954
-0.00796671
0.00431807
-0.000449422
-0.0039563
-0.000797912
0.00226921
-0.00126619
-0.00830594
0.00325264
-0.0101607
0.0184274
-0.000761527
0.00971903
0.00380338
-0.00498201
-0.0047233
0.00454535
0.00570016
0.065542
-0.0437756
-0.0568077
-0.0544063
-0.0319164
-0.0445367
-0.0384433
-0.0416053
-0.0478954
-0.0539367
0.0398609
-0.0243976
-0.00669573
-0.0191571
0.00630971
-0.016265
-0.0108777
0.0024812
0.0104619
-0.0115819
0.0206369
0.00341252
-0.00522656
-0.00249059
0.000338888
0.00301564
0.00968955
0.00697037
0.0118951
0.0152199
-0.0578631
0.0761258
-0.00744755
0.00178892
-0.00672532
0.00069532
-0.0141984
-0.00368817
-0.00577264
-0.0169478
0.0647173
-0.000558431
-0.0343282
-0.0425802
-0.0403941
-0.0336477
-0.033191
-0.0333348
-0.0491276
-0.0462669
-0.0210155
0.00896714
-0.0131665
0.0107774
0.0138959
0.00676559
0.00191079
-0.00156136
0.0167937
-0.0181584
0.000236271
-0.0110585
0.00860474
-0.00287662
0.0135042
-0.000792388
0.00447586
-0.00857988
0.00569975
-0.00402809
-0.0127165
0.0280011
-0.0299806
-0.0271652
-0.0139183
-0.0164351
-0.0156851
-0.0201736
-0.0293947
-0.013269
-0.0491447
0.10632
-0.0388155
-0.0583829
-0.034913
-0.0293919
-0.0400933
-0.0500516
-0.0158584
-0.043841
0.00977322
0.00759015
0.00205115
0.00530925
0.00248161
0.00308804
0.00997502
0.000177704
-0.0152768
0.000175133
0.000249789
0.0018186
0.00234609
-0.0111289
0.0136582
0.00712026
0.00132284
-0.0180028
-0.00974853
0.00143527
-0.0476784
0.0721002
-0.0168804
-0.0339783
-0.0318188
-0.0345038
-0.0213964
-0.017588
-0.0182003
-0.0222365
-0.0721988
0.0604468
-0.0284815
-0.0398545
-0.0269797
-0.0380049
-0.0229016
-0.0386703
-0.0246989
-0.0222708
-0.00124929
-0.00217237
0.0135373
-0.0124035
-0.00860803
-0.0124314
0.0114353
-0.00908212
-0.0149133
0.00755528
-0.00561646
-0.00357513
-0.000447305
0.00472157
0.00387625
-0.00532629
0.0151656
-0.00740359
-0.0102283
-0.00572596
0.0874275
-0.0332241
-0.0275824
-0.0108756
-0.0206164
-0.0344707
-0.0274929
-0.0140039
-0.0182847
-0.0400682
0.0787037
-0.0501256
-0.0141906
-0.0197482
-0.0177936
-0.0129051
-0.0291571
-0.0233481
-0.028606
-0.0217268
0.0182658
0.0113428
-0.0125754
0.00284403
-0.0174563
-0.0191064
-0.0214892
0.00163434
-0.0246286
-0.0085328
0.0391591
-0.0288576
-0.0238062
-0.00687667
-0.0226208
0.000122193
-0.0160077
-0.0174239
-0.0211251
0.00914896
0.00786175
-0.00663977
0.00702551
0.00435011
0.000385083
-0.00337594
-0.0128221
0.00131518
0.00176215
-0.0119447
-0.00340772
0.0385582
-0.0326737
-0.0218035
-0.0319155
-0.0413537
-0.011336
-0.0168632
-0.0280469
-0.0149163
-0.00387688
0.0104242
-0.00678706
-0.00204863
-0.00941968
0.00315967
0.0157342
0.0083406
-0.0287146
0.013762
-0.0111707
0.00262498
-0.00242861
0.00304105
0.0134403
0.0117411
-0.0143424
0.0150175
0.00526012
0.0240756
-0.09243
0.115121
-0.037758
-0.0134312
-0.0394187
-0.0202948
-0.0375257
-0.0318067
-0.0178346
-0.0238984
-0.0526291
0.05446
-0.0151866
-0.0141254
-0.0147576
-0.0288152
0.00325676
0.0011357
-0.0114735
-0.00598104
0.0154135
0.00735936
0.00460429
-0.0130995
0.00857399
-5.65861e-05
0.00233165
-0.0136374
0.00613473
0.00372405
-0.00114968
-0.00314349
0.0122154
0.00544398
0.00926748
0.00358531
-0.0104807
0.0115759
-0.00206065
0.00101953
-0.00814534
0.0158225
-0.0103316
0.0010626
-0.00837408
-0.0209031
-0.0161764
-0.000510191
-0.00802307
-9.97173e-05
-0.0112475
0.0085864
-0.00322481
0.00367065
-0.00259014
-0.0113988
-0.0103719
0.00807347
0.0094091
0.0138879
0.0178749
0.0241409
-0.00904345
-0.0134617
-0.0199625
-0.00590142
0.0120946
-0.00695845
0.00243208
-0.0209628
-0.0593667
0.128509
-0.0404742
-0.0096654
-0.0463456
-0.0350213
-0.0349424
-0.027875
-0.0293354
-0.0417359
0.00815291
-0.00976777
-0.0116303
-0.00390029
-0.00829439
-0.00199058
-0.00505476
-0.00648761
0.0140337
-0.000967846
-0.0032862
0.00819891
0.000246618
-0.00618289
0.00119847
0.000720494
0.0119332
-0.0210728
-0.00257496
-0.00695336
-0.00285615
0.0454351
-0.0554118
-0.0357303
-0.0265017
-0.0469978
-0.0336052
-0.047991
-0.0391231
-0.0323441
0.0869199
-0.0649913
-0.0237369
-0.0139363
-0.0301096
-0.0273879
-0.0175362
-0.0308211
-0.0244155
-0.015576
0.0745106
-0.0306417
-0.0310612
-0.036494
-0.0488518
-0.0335259
-0.0416808
-0.0239639
-0.0339023
-0.0457892
-0.0279564
0.0550755
-0.0144896
-0.0124065
0.00174788
-0.0230407
-0.0147692
-0.0132379
0.00283071
-0.021622
0.00655471
0.0386738
-0.0225144
-0.0318021
-0.0160759
-0.0134765
-0.0406684
-0.00828761
-0.0201253
-0.00713699
0.0691214
-0.0321065
-0.0327877
-0.012579
-0.0296344
-0.0157005
-0.0230398
-0.00468529
-0.0165845
-0.0101719
0.0519371
-0.0046645
-0.0264707
-0.0156132
-0.0394757
-0.0229275
-0.0283907
-0.0293438
-0.029999
-0.026319
0.0628838
-0.0335115
-0.0338116
-0.0111198
-0.00368012
-0.018121
-0.0191832
-0.0233676
-0.0151426
-0.0407471
0.0256079
0.0234893
-0.00277025
-0.0323329
-0.0215338
0.0111485
-0.00669177
-0.00527652
-0.00981287
-0.0160321
0.00425547
0.00707819
0.0100071
0.00269729
-0.00373912
0.0110514
0.0136842
0.00313182
-0.00864457
-0.00231151
0.0862268
-0.06426
-0.0218074
-0.0265733
-0.0147781
0.000165525
-0.0217837
-0.0152203
-0.0209626
-0.0128876
0.0827056
0.00297369
-0.0285036
-0.0310293
-0.00435475
-0.0326068
-0.0476967
-0.0367633
-0.0180122
-0.0277998
0.00602605
0.0102455
0.0171812
-0.000236344
-0.00146259
-0.00453752
-0.0030138
0.00804012
0.0114782
-0.00834436
-0.00488744
0.0163386
-0.00308206
0.00885509
-0.0132925
0.00136463
0.00529111
0.00612351
-0.00828838
-0.00545172
-0.0647523
0.101816
-0.0473808
-0.0404467
-0.0542872
-0.045041
-0.0384643
-0.0539123
-0.0467786
-0.055904
0.0808608
-0.0120767
-0.0397066
-0.0204775
-0.0281306
-0.0457479
-0.0476049
-0.0344956
-0.0387565
-0.0242747
0.0193381
0.0153844
-0.00864879
0.000843074
-0.00608973
-0.0263557
-0.0175842
-0.00865967
0.0185137
-0.0029855
-0.00523302
0.00115424
-0.0130707
0.00565422
-0.000714338
0.00446801
0.0011392
-0.00721938
0.00211184
0.00569838
-0.00442891
-0.00285622
0.00545365
-0.00198159
0.00214212
-0.00510948
0.0118731
-0.00961008
0.0156427
-0.0108656
-0.0748431
0.0851663
-0.0026055
-0.0172931
0.000691435
-0.0152364
-0.0232739
-0.0224417
-0.031564
-0.0306914
0.0643506
-0.0166954
-0.0125914
-0.0292091
-0.0131816
-0.0173208
0.00032287
-0.0123086
-0.0230304
-0.0196407
0.00450973
0.0426076
-0.0375408
-0.0344772
-0.0335692
-0.0431695
-0.0371246
-0.0210386
-0.0232267
-0.0324233
-0.00809383
0.00230099
-0.0225659
0.0109756
0.00776611
-0.0170349
-0.00323136
-0.00142488
-0.0126676
-0.00765978
0.0115308
0.00808512
-0.00424039
0.00593639
0.0137495
0.00442453
-0.00605829
0.0194573
0.00215239
-0.0089571
-0.00227688
0.000722688
0.00246962
0.000254669
-0.0138562
0.00276643
-0.0220568
-0.00368217
0.0172134
-0.00990015
0.0344923
-0.059819
-0.0183819
0.00218257
-0.0150109
-0.0213625
0.00576969
0.00757382
0.00340386
-0.0153693
-0.0598296
0.0880633
-0.0154934
-0.0114295
-0.0331175
-0.025134
-0.027998
-0.0371651
-0.0192444
-0.0209132
-0.00622348
-0.0220218
0.0147788
0.00623316
-0.00388309
-0.000169523
8.16632e-05
0.0136245
-0.00435253
0.0114185
-0.0380741
0.076108
-0.0374202
-0.0249693
-0.0385722
-0.0334613
-0.0202612
-0.0344474
-0.038874
-0.0310147
0.0695855
-0.0424256
-0.0195319
-0.0166914
-0.00829
-0.0131274
-0.0258089
-0.00691048
-0.0274816
-0.0266154
-0.00219751
0.0312043
-0.0169344
-0.0131796
-0.0121051
-0.014336
-0.00996136
-0.00310592
-0.00951462
-0.0292861
-0.0120979
0.0219375
0.00335387
0.0153972
0.00144081
-0.00331291
-0.00952972
0.0107968
0.0209604
-0.00491953
0.0866143
-0.0535551
0.00276015
-0.0197441
-0.0079252
-0.0334167
-0.00793094
-0.0336095
-0.0306383
-0.0155321
0.0658683
-0.0402213
-0.0291363
-0.0503409
-0.0412827
-0.0398513
-0.0427478
-0.0187018
-0.0469819
-0.0357705
0.00568286
-0.00479978
0.0018954
0.00111324
-0.00612877
0.00378934
-0.00249178
-0.00157363
0.00994563
-0.011063
0.0775496
-0.0207578
-0.0513403
-0.0552516
-0.0647836
-0.0702123
-0.0557543
-0.0489055
-0.0674722
-0.0550017
-0.00895295
0.0807586
-0.0414549
-0.0202717
-0.0260151
-0.0475134
-0.0277316
-0.0285361
-0.0202222
-0.032802
-0.0118795
-0.01446
-0.000581101
-0.00148254
0.00280821
-0.0070798
0.00427218
-0.00320292
0.000916511
0.00625341
0.0103645
0.0374336
-0.0439062
-0.0243666
-0.0356895
-0.00874673
-0.0119022
-0.0155626
-0.0221685
-0.00637074
0.105196
-0.0381268
-0.0475327
-0.0449845
-0.0388304
-0.0282158
-0.0388567
-0.0316318
-0.0651674
-0.035448
0.0113314
-0.00430619
-0.00336543
0.00176967
-0.00319734
0.00450471
0.00585897
-0.0111948
0.0230782
-0.00188258
-0.0100718
0.00328294
-0.00240439
0.00335967
0.0196922
-0.00213897
0.00221402
-0.00880489
-0.0059242
-0.00753518
-0.0789874
0.125689
-0.0222422
-0.0337196
-0.0203219
-0.0255035
-0.0173361
-0.0292942
-0.0326931
-0.0315444
-0.0121539
0.00574261
0.00625699
-0.0110481
0.00443471
-0.00121101
-0.0070998
0.00443511
0.00679297
0.0175793
0.016921
0.0198546
-0.0134059
-0.0143878
-0.032061
-0.0285108
-0.0367111
-0.0242786
-0.0211221
-0.0214525
0.00805226
0.0217996
-0.00559003
-0.0243364
-0.00974565
-0.0270859
-0.0153584
-0.0164872
-0.0216919
-0.0168678
0.0196527
-0.0029432
-0.025352
0.00253047
0.00430153
-0.00461109
-0.00269303
0.00289259
-0.0226583
-0.00675425
0.0034596
0.002612
-0.00972435
0.00534769
-0.00596319
0.00222125
-0.00783115
0.00967757
0.00397811
0.00612429
0.0914129
-0.0302713
-0.0163889
-0.0243039
-0.0122155
-0.0134547
-0.0403818
-0.0298228
-0.00861989
-0.0258619
0.0258223
0.0140569
-0.0354843
-0.0184777
-0.0306307
-0.0247048
-0.0152231
-0.0400048
-0.0485468
-0.0262442
-0.0142305
0.0133958
-0.0117869
0.00203572
0.00803695
-0.0151729
-0.0192675
0.00588982
-0.00486903
0.00569636
-0.000595885
-0.00840667
0.00288041
0.000486194
0.0104782
0.012819
-0.00334474
0.0177184
-0.00710835
0.000898287
-0.00527867
0.00498562
-0.0180865
0.0183704
0.00204962
0.0119109
-0.000920525
-0.00797816
0.0127677
0.0102869
0.0768472
-0.0170191
-0.0256435
-0.027065
-0.026122
-0.0252275
-0.0198026
-0.0301681
-0.0266887
-0.0297617
-0.0670301
0.0588805
-0.00604116
-0.015235
-0.026452
-0.0217774
-0.0188944
-0.012503
-0.010599
-0.0142228
0.0262455
0.0252533
-0.0286415
-0.00266693
-0.0331463
0.00267467
-0.0287229
-0.0337516
-0.0243678
-0.0216002
0.008369
-0.0047592
-0.00179377
-0.00115022
0.0334261
0.013566
-0.00683413
0.00567564
0.0114015
0.00357093
0.00143727
0.00179821
0.0108008
0.000473064
0.0179803
-0.000374744
0.0111486
0.00457875
0.0235123
0.00512414
0.0032226
0.00053687
0.00417285
-0.00993
-0.0125409
0.00451041
-2.97845e-05
-0.000160294
-0.00651867
-0.000120076
-0.00555806
-0.0143161
-0.0109386
0.00273749
-0.00597316
0.00694754
0.00419044
-0.00409013
-0.00464352
0.00263307
0.0370619
0.00224985
0.00494497
-0.00815492
-0.0226474
-0.0137861
0.00593469
-0.00820272
-0.0102451
-0.0179322
-0.1028
0.150492
-0.030012
-0.0539021
-0.0318186
-0.0312588
-0.0433438
-0.0197043
-0.0395289
-0.049713
-0.00901481
-0.00902849
0.00083166
0.00299762
-0.00304385
0.00117735
0.0143271
-0.0159281
-0.00147655
-0.0117949
-0.0129872
0.000364585
-0.00488416
0.00491381
-0.0125741
-0.0076172
0.00591823
-0.00173316
-0.00832014
0.00304474
0.0870433
-0.0477193
-0.0344761
-0.0530737
-0.0320504
-0.0375702
-0.0441521
-0.040029
-0.0363648
-0.0211432
-0.0104706
0.00118303
-0.0066234
-0.00039545
0.0125403
0.00978361
-0.00429312
0.00174883
-0.0125757
-0.00503237
0.0272829
-0.0171613
-0.0296629
-0.00651021
-0.00705134
-0.0192162
-0.0155521
-0.0238766
-0.00288995
-0.00511045
-0.00820189
0.00415688
-0.0170021
0.00234562
0.00371443
-0.00336346
-0.00748909
0.00190433
0.0139089
-0.00849152
0.00519216
-0.00386752
-0.0233911
0.00394489
-0.00895666
-0.0209849
-0.00427446
-0.0107182
0.0261991
0.002336
0.00171692
0.00759724
0.00280994
-0.0078518
0.000898401
0.00726002
0.00932392
0.000816707
-0.0156576
-0.0165459
0.0197699
0.000315013
-0.0214005
-0.0176432
0.00401124
-0.0231928
-0.0208377
-0.0102669
-0.00493273
-0.0277732
0.11078
-0.0338718
-0.0542929
-0.0305561
-0.0339908
-0.0332309
-0.0334169
-0.0414346
-0.0365626
-0.0406038
0.0143691
0.00236392
-0.0079509
0.00421827
0.00428061
-0.0114219
-0.0113822
-0.0222182
-0.0177803
0.00209252
0.00152719
-0.000278975
0.00213903
-0.0116452
0.00800611
0.0143093
-0.013206
-0.0030887
-0.0117883
0.00541851
-0.00489349
0.00336949
-0.0150578
-0.0169402
0.000774953
-0.0065797
0.0145961
-0.025673
-0.0256019
0.0236763
0.00730174
0.00730506
0.0112107
-0.00970599
0.00340591
0.0044065
-0.00935886
-0.00184091
0.00544273
0.0184252
-0.00548576
-0.00609508
0.0143649
0.00419223
-0.00678554
0.000183773
-0.00228439
-0.00266509
0.00618079
-0.0164865
-0.0109003
0.0102518
0.00405466
-0.00687409
0.00751864
0.0143958
-0.0169417
-0.000105039
0.00214547
-0.00432459
-0.0104861
0.0543376
-0.0276363
-0.0192751
-0.0273914
-0.0228957
-0.0348645
-0.0145321
-0.0130474
0.00205735
-0.0275225
0.0792794
-0.0256753
-0.0312367
-0.0240244
-0.0154637
-0.0368292
-0.0276062
-0.0476481
-0.0277488
-0.0394008
0.0488453
-0.0236009
-0.0172517
-0.0109167
-0.0134335
-0.0166423
-0.0165754
-0.0130697
-0.0172378
-0.097901
0.136663
-0.0110884
-0.0225221
-0.0204001
-0.031997
-0.0401424
-0.0293673
-0.0207993
-0.0310822
0.00578254
0.00399506
0.0126834
0.00128581
0.00898827
0.0077572
0.00517793
-0.00756805
-0.000182382
-0.00407952
0.0368164
-0.014339
-0.0224007
-0.0131486
-0.0261315
-0.0251155
-0.0339899
-0.00519563
-0.0256049
-0.031689
-0.054277
0.111581
-0.0511466
-0.0501448
-0.0492739
-0.0461525
-0.0461102
-0.0518276
-0.0560561
-0.053745
0.000774179
-0.00513491
-0.00456586
-0.00577619
0.00109329
0.00924671
0.00265787
-0.00947074
0.00963097
-0.00751873
0.0767746
-0.0500008
-0.0191954
-0.0177097
-0.0309491
-0.0211709
-0.0203305
-0.0325386
-0.0235701
-0.0337503
-0.0268204
0.0597011
-0.00287722
-0.00730671
-0.0167453
-0.00926663
-0.00409836
-0.00888785
-0.0114125
-0.0099456
-0.0148053
0.0643132
-0.0130873
-0.0161395
-0.0223578
-0.0161983
-0.0361878
-0.00929498
-0.0122958
-0.0123799
0.00581963
0.0169562
-0.00245457
0.011747
0.00605361
-0.0118556
-0.000955299
0.00213239
-0.0117574
-0.00849198
0.0324948
0.0247743
-0.0154118
-0.0380146
-0.0249019
-0.0362732
-0.0323755
-0.0369148
-0.0554402
-0.0562718
0.0034112
0.00289887
-0.00248631
-0.0111745
-0.00189228
0.00928989
0.00755648
0.00654879
-0.00157281
0.0006753
0.0593998
-0.0191263
-0.031223
-0.026225
-0.0166458
-0.0252836
-0.0104661
-0.012229
0.0082684
-0.0285608
-0.0653198
0.0978071
-0.026932
-0.0246228
-0.0277397
-0.0229728
-0.0386558
-0.0205716
-0.025619
-0.0455878
0.0789105
-0.0454838
-0.0460584
-0.0267648
-0.0211348
-0.0212384
-0.00906044
-0.0271805
-0.0286459
-0.0104423
0.0558879
-0.0206641
-0.00504515
-0.00737855
-0.0226469
-0.00386927
-0.0187672
-0.00819765
-0.0145703
-0.01319
-0.0295748
0.0798763
-0.020261
-0.0203039
-0.0313752
-0.0139121
-0.0128791
-0.0138585
-0.0258835
-0.0160829
0.109952
-0.0349499
-0.0321038
-0.0404197
-0.0382585
-0.0442431
-0.0358429
-0.0396975
-0.0215386
-0.0392316
-0.0398804
0.0932017
-0.0426252
-0.0508066
-0.0136564
-0.040356
-0.033397
-0.0314095
-0.0327082
-0.0324314
0.0428637
0.00850158
-0.00771953
-0.0386985
-0.0316738
-0.0280038
-0.0408329
-0.0242878
-0.0350406
-0.0321749
0.00203314
0.00581833
-0.00231589
-0.0204799
-0.00582715
0.00813973
-0.00870861
-0.00571132
0.00845431
-0.00631479
-0.017605
0.0387277
-0.0082646
-0.0130931
-0.00136465
0.00127134
-0.0167227
-0.00528365
-0.0220242
0.0181093
0.0223949
0.0246767
-0.024345
-0.015025
-0.0257655
-0.0249308
-0.00730724
-0.0274227
-0.017204
-0.031048
-0.00933682
0.000654379
0.000283538
-0.00436213
0.00162921
0.0156035
-0.00418202
-0.00646541
0.00365054
-0.00456296
0.0318046
0.012127
-0.0033887
-0.0116779
-0.0144119
-0.0146601
-0.00780453
-0.0145257
-0.0359183
-0.003547
0.0024979
0.00230294
-0.0134343
-0.00201712
0.0170889
0.0121132
-0.00825551
0.000908195
-0.0124348
0.0088659
-0.0271553
0.00745033
0.0129815
0.00329868
-0.00139448
0.0182486
-0.0090975
-0.00629844
0.0142706
0.00317299
0.03288
-0.00898867
-0.0141959
-0.0139233
-0.0231846
-0.0234363
-0.0223224
-0.0360117
-0.012382
-0.0304419
0.0178847
0.000642928
-0.0136224
0.00149668
-0.00511758
-0.0146272
-8.43239e-05
-0.0145984
-0.00871571
-0.0144292
0.0179381
0.0200411
-0.026289
0.00472168
-0.0286718
-0.0186836
-0.0162521
-0.0279411
0.0011336
-0.00490236
0.0063715
-0.00392339
0.0208231
0.0119038
0.0149674
-0.00886609
-0.00591644
-0.00814765
-0.000261736
-0.0068115
-0.00806294
0.0678211
-0.0365029
-0.0125666
-0.0175039
-0.0197111
-0.0259754
-0.0148683
-0.0264504
-0.0195295
0.000560926
0.000270237
0.00675651
0.0191333
0.0186823
0.00425305
-0.0171856
-0.00295021
0.00794734
-0.00527524
-0.060021
0.100246
-0.0280453
-0.0394862
-0.0246605
-0.0184202
-0.0317589
-0.0286478
-0.0326963
-0.041911
0.0797148
-0.0439399
-0.0433368
-0.0398299
-0.0410895
-0.0200748
-0.0300249
-0.0120001
-0.00662273
-0.0357991
0.00497446
0.00288551
0.00820713
0.00235822
0.0117683
-0.0168488
0.00845827
0.00306879
0.0099068
0.0200142
0.0191544
-0.0345545
-0.0175832
0.010215
-0.0239027
-0.00670188
-0.015994
-0.00835439
-0.00592165
0.010743
-0.0637222
0.092895
-0.0444518
-0.0292309
-0.0361302
-0.0336161
-0.0359954
-0.0391936
-0.0416116
-0.0433654
-0.00853548
0.0055603
0.00840907
0.011462
0.00510331
-0.0159032
0.00110413
0.00134264
0.0087013
0.00598009
-0.0139904
-0.00657644
0.00476622
-0.00347975
-0.00674041
-0.00738324
-0.00420676
-0.0189172
0.0243393
-0.00677227
-0.0677003
0.0705187
-0.0067615
-0.00449404
-0.0181433
0.0065066
-0.00384874
-0.00354648
-0.0233851
-0.00348944
-0.0286388
0.0563859
-0.0287712
-0.0110789
-0.0346459
-0.0167733
-0.0316175
-0.0406208
-0.0246977
-0.046943
0.00833756
0.0013933
-0.0137568
-0.00511772
-0.00808357
0.00902863
-0.0111378
0.0111394
0.00922921
0.0171192
-0.0594517
0.0573563
-0.0127956
-0.0133708
-0.0114722
-0.038582
-0.00848228
-0.0171775
-0.0300826
-0.0394946
0.0235127
0.0165245
0.00702258
-0.00963873
-0.000799242
-0.0153842
-0.0346834
-0.0136095
-0.0262231
-0.00759372
-0.074894
0.127024
-0.0411335
-0.0469693
-0.034367
-0.0495871
-0.0457176
-0.018669
-0.0219069
-0.0325189
0.0182992
0.0225781
-0.0134821
-0.0149936
-0.00848853
-0.0174361
-0.00191657
-0.020202
-0.00903147
-0.001981
-0.090731
0.0967875
-0.0613662
-0.0375442
-0.0531016
-0.0394614
-0.0561781
-0.0305617
-0.0280036
-0.0640027
0.00650429
0.0525924
-0.0307414
-0.0278147
-0.0315617
-0.0212721
-0.0273327
-0.0188703
-0.0143108
-0.0125018
0.0120374
0.029211
-0.0127902
0.00880608
0.00672372
0.00367923
-0.00402191
0.00129646
-0.0162267
-0.00192149
-0.0839713
0.153273
-0.0219579
-0.0425476
-0.0341602
-0.0257986
-0.040821
-0.0191317
-0.0420462
-0.0423922
-0.0414673
0.0579318
-0.0559618
-0.0491727
-0.0595132
-0.043327
-0.0395157
-0.0538413
-0.0445849
-0.0323848
-0.0887716
0.100521
-0.0222746
-0.0200429
-0.00784681
-0.0173028
-0.014604
-0.0170967
-0.0356746
-0.00418823
-0.078171
0.0996018
-0.022948
-0.0141823
-0.0283979
-0.022972
-0.014983
-0.010099
-0.025782
-0.0233034
0.0159504
0.00562023
0.00406784
-0.0095194
-0.00655858
-0.0143139
0.000107966
-0.00538844
-0.00426498
0.0150417
-0.00724649
0.0369476
-0.0168379
-0.0187705
-0.00656431
-0.0147455
-0.00937494
-0.0272481
-0.0189972
-0.0117327
-0.0397346
0.0497606
-0.0106651
0.010343
-0.0139216
-0.013944
-0.00803736
-0.0058872
-0.0100239
0.0112778
-0.00086769
0.00301475
-0.0111144
-0.00880165
-0.0154956
0.000222456
0.00950557
-0.000637977
0.0166769
0.00738929
-0.00690139
-0.00342629
-0.0166237
-0.0133434
0.0190721
0.00343049
-0.00426373
-0.00284189
0.00954695
-0.00889331
-0.0153794
0.014956
-0.00522517
-0.00983208
-0.0179703
0.00839398
-0.0154031
-0.0103086
0.0114245
-0.0226611
0.097779
-0.0832671
-0.0227649
-0.030909
-0.015286
-0.0223646
-0.0158956
-0.0169071
-0.0341586
-0.0307284
0.0186659
0.0237451
-0.0216218
-0.0221697
-0.019913
-0.00304086
-0.00570052
-0.0202581
-0.00336191
0.00925609
-0.00460885
0.00546519
0.0112045
0.00730004
-0.0067245
0.00314269
-0.0050978
-0.0110866
0.0164207
0.0137978
0.0958028
-0.0571173
-0.0182937
-0.0193126
-0.0166499
-0.0143013
-0.0082314
-0.0183594
-0.0133414
-0.0276508
-0.00514171
0.00238003
0.00294174
-0.0163693
-0.0128527
0.0149397
-2.66034e-06
0.0124936
-0.0182227
0.00413598
-0.0271411
0.0693389
-0.0246217
-0.0279262
-0.0236854
-0.0220112
-0.0162442
-0.0474739
-0.0295551
-0.00789115
0.00499175
0.00160428
-0.0233952
0.00213004
-0.00962545
-0.0108622
-0.0017524
-0.0140742
0.0034075
-0.0109419
-0.0110574
-0.00344334
0.00130154
0.00864834
0.0203415
-0.0115249
-0.0112708
-0.00832649
-0.0125974
-0.0191243
0.029921
0.0293168
-0.0140122
-0.0307049
-0.0210813
-0.0113215
-0.0246815
-0.00417507
0.00406869
-0.0250192
0.0377686
0.00030115
-0.0053639
-0.00668475
-0.0128531
-0.0189437
-0.00946259
-0.00580894
-0.000832207
-0.0217569
0.000434451
0.00715905
-0.010439
-0.0103756
0.00792211
-0.00337272
0.000502117
-0.00996584
-0.0198199
-0.00968151
0.0313905
-0.0190636
0.0059324
-0.00454708
-0.000317819
-0.0221431
-0.0102971
-0.0171846
-0.0142595
0.00161267
0.0038248
-0.000592578
-0.00557876
-0.0102432
-0.0165713
-0.0124234
-0.00770804
0.0100081
-0.012826
-0.00605653
0.0343008
-0.0202134
0.00645829
0.005289
-0.0103906
-0.00821786
-0.0147501
0.00651808
-0.0137547
-0.00751785
0.0663655
-0.060079
-0.0271443
-0.0253572
-0.0151436
-0.0361768
-0.0222947
-0.0206493
-0.0261488
-0.0252865
-0.0425014
0.0433225
0.00351294
-0.00333483
-0.0115348
-0.00388333
0.0192075
-0.0133542
0.00454209
0.00772195
-0.0150524
0.00607246
-0.00360395
0.00210508
-0.00843828
-0.00107779
-0.00175909
0.00283332
0.00658014
0.0198184
0.020674
0.0470817
-0.0167243
-0.0246639
-0.0143255
-0.0284054
-0.0120236
-0.0225179
-0.0247319
-0.0222592
0.0211375
0.0102637
-0.0161883
-0.00397802
-0.00415665
-0.0115622
0.0043719
-0.0193198
-0.000553844
-0.0103101
-0.0428286
0.0746588
-0.0339866
-0.0413951
-0.0238285
-0.0240861
-0.00837722
-0.0160261
-0.0185643
-0.0259261
-0.00657485
0.02793
-0.00409773
0.00946326
-0.0123955
-0.0152385
0.00771433
-0.00218424
-0.00300033
-0.0122821
-0.0293636
0.0234534
-0.0134941
0.0103108
0.00258537
-0.0111958
0.010563
0.00324772
0.0128504
-0.00810171
0.0758258
-0.0384786
-0.0280217
-0.025887
-0.0221627
-0.0145015
-0.0170622
-0.0333013
-0.0314232
-0.0375406
-0.0891365
0.0933493
-0.0281393
-0.030384
-0.0306235
-0.0331481
-0.0402475
-0.0304875
-0.0438134
-0.0162009
0.0350757
0.0189491
-0.0524206
-0.0670908
-0.0510114
-0.0552556
-0.0338815
-0.0608094
-0.0449677
-0.0653522
-0.00494143
0.00133903
0.0120696
-0.00250952
0.00397304
-0.00183399
0.00356919
-0.000272513
-0.0186426
-0.0125859
-3.31264e-05
-0.0107702
-0.010212
-0.0127036
0.024999
0.00692064
0.00346179
0.000263006
-0.0101593
0.00378168
0.0101261
-0.0139636
0.000489718
0.00983969
-0.0145763
0.00767384
0.00769765
0.0117074
-0.00628805
-0.000563979
0.0143411
0.00116289
-0.0102114
-0.0155661
-0.0281448
-0.029044
-0.0141174
-0.00328466
-0.023034
-0.0193647
0.031426
0.00815744
-0.0218028
-0.0110272
-0.0216285
-0.032431
-0.0167193
-0.0171811
-0.0239751
-0.0337571
0.0582867
0.00110793
-0.0334418
-0.0318781
-0.0383474
-0.0319665
-0.0245806
-0.0345055
-0.0314589
-0.0360527
0.0962836
-0.0469383
-0.03413
-0.0394557
-0.0266593
-0.0136159
-0.0338108
-0.0308543
-0.014046
-0.0198322
-0.00545933
0.00442157
-0.00365736
0.0072565
0.00304502
-0.00554307
-0.00561326
-0.00514759
0.00667728
0.00215343
0.00845089
0.0175345
-0.0149802
-0.0145293
0.00488971
-0.02174
-0.0181843
-0.0233237
0.00213247
-0.0101447
-0.00859722
-0.00910847
0.00523668
0.00838214
0.0045707
0.000526727
-0.000770485
0.0051492
-0.0037841
-0.00264081
-0.00140866
-0.0102263
-0.00774248
0.0135694
0.00331678
0.0085232
0.0100225
-0.00284072
0.0155028
-0.00162603
-0.000377953
0.00643737
-0.000844433
-0.00111907
-0.00808122
0.0195966
0.017678
-0.0114836
-0.00235488
-0.00662144
0.00782084
0.0313246
-0.025948
-0.0104363
1.13699e-06
0.00351789
-0.014842
-0.00688858
-0.0253895
-0.00536924
-0.00546675
0.00214969
0.0190841
-0.0148722
0.00599327
0.0158815
0.0114811
0.012474
0.00376413
-0.006255
-0.0138293
0.00184432
0.0340666
0.00451759
0.0112611
0.022873
0.00509454
-0.00174325
-0.00572134
0.00596409
0.0280757
-0.00500132
-0.039273
-0.0104482
-0.0232238
-0.0429175
-0.0189712
-0.0152301
-0.0240262
-0.0370997
-0.00811061
0.00168747
-0.0129736
0.00726062
-0.00271215
0.0085407
0.0146871
-0.00398521
0.0167571
-0.00709483
0.0810898
-0.0578351
-0.0358385
-0.0421685
-0.0398118
-0.0319685
-0.0345825
-0.0494064
-0.0431055
-0.0320137
0.0224286
0.0225446
-0.0277822
-0.0128662
-0.0168324
-0.00285314
-0.0122812
-0.0137468
-0.00816377
-0.0298007
-0.0182903
0.0153917
0.00462447
0.00721418
-0.0105213
-0.000345394
0.00753142
0.00218385
-0.00584632
0.000169995
-0.0464926
0.0576826
-0.0200947
-0.0142434
-0.014466
-0.00423475
-0.00765396
-0.00919735
-0.00290811
0.00821947
-0.005429
0.00962994
0.00121049
0.00907559
0.00281724
-0.00805248
-0.0118772
-0.0111779
0.00955862
0.0153719
-0.007225
0.00108848
-0.00829142
0.0101205
0.00284622
-0.0093995
0.00486582
-0.0110301
-0.00998898
0.0129418
-0.02713
0.0180119
0.00139546
0.0192581
-0.0162826
-0.00777392
-0.00805825
-0.0147197
-0.00563242
-0.0121484
0.0222816
0.00475777
0.00170361
-0.0112806
0.00702255
0.00443917
-0.00145699
0.0037411
-0.00731694
0.00199915
-0.0409362
0.0529294
-0.015467
-0.00383831
0.000622754
-0.0167771
-0.0175439
-0.0211922
-0.0176892
-0.0186637
0.0846634
-0.046371
-0.0366696
-0.0445896
-0.0383457
-0.0299513
-0.0169724
-0.0033821
-0.0436996
-0.0250614
0.0674103
-0.00888271
-0.0404316
-0.0448384
-0.0401983
-0.0357931
-0.0415009
-0.0444883
-0.0473929
-0.0383634
-0.0175118
0.0121207
0.00327987
0.0153882
-0.0110853
0.0208564
-0.0177952
-0.00184277
0.0089724
-0.00951393
-0.067634
0.139819
-0.0171077
-0.0256682
-0.039293
-0.0270669
-0.0360962
-0.0459493
-0.0264125
-0.0167406
-0.00765681
0.0673912
-0.0429496
-0.0679035
-0.0440125
-0.0678784
-0.0475438
-0.0545931
-0.0325116
-0.0598467
0.0252217
0.0347342
-0.0335491
-0.0392288
-0.0284946
-0.0308272
-0.0231426
-0.0290474
-0.0307654
-0.0406496
0.0439626
0.00716771
-0.0182813
-0.0155529
-0.00506645
0.0118519
-0.0126019
-0.0170174
-0.0118047
-0.0140597
-0.0133603
0.0050709
-0.000617067
-0.00158903
-0.000145022
-0.0152993
-0.00202909
0.00623316
-0.0149221
0.000229569
-0.0178497
-0.00147423
0.0108318
-0.00632856
-0.0171779
0.00493022
-0.00379203
0.013442
0.00589448
0.0203109
-0.0304049
0.0234472
-0.0163538
0.0161789
-0.00174163
-0.00992228
-0.0057689
0.00844667
0.00207435
0.00405664
0.0207844
-0.0126609
0.00734423
-0.0127138
0.0107969
-0.00469248
-0.00368951
-0.0145111
0.00160983
-0.00760759
-0.0513447
0.101318
-0.0452034
-0.0325725
-0.0467131
-0.0443348
-0.0623042
-0.0627488
-0.0484199
-0.0588854
-0.0533914
0.0518075
-0.00849766
-0.00520364
-0.0125164
-0.00686804
-0.0214355
-0.00129995
-0.00746518
-0.0131751
-0.00467008
-0.0216322
-0.0126269
0.0210601
-0.00882532
-0.017556
0.00886914
0.00995959
0.00186672
0.005219
0.0716043
-0.01252
-0.0380941
-0.0313381
-0.04059
-0.0453306
-0.0231707
-0.060237
-0.0391318
-0.0289097
-0.0279917
-0.0106561
8.0017e-05
-0.0040784
0.00662141
-0.00771206
0.0151524
-0.00955253
0.00454618
-0.0104899
0.00640396
-0.0022252
-0.000565736
0.00658814
-0.0083569
-0.00454732
0.0129676
-0.0102596
0.0023419
-0.0107974
0.0776501
-0.0313063
-0.0255355
-0.030669
-0.0340037
-0.032427
-0.0224599
-0.0385515
-0.0273949
-0.023656
0.00377837
0.0114698
-0.00183102
-0.0118665
0.0163229
-0.00411406
-0.0122678
-0.000917148
0.0107241
-0.00331932
-0.00412887
-0.000186021
0.00727786
0.0178427
-0.000870299
0.013023
0.0180079
0.00934449
0.0165463
0.01086
-0.00457253
0.059621
-0.0304097
-0.0387713
-0.0340498
-0.0526876
-0.0416427
-0.054622
-0.0503944
-0.0471874
0.00965535
-0.0162954
-0.000927042
-0.0104729
-0.00625175
-0.00419699
0.000719146
0.00616635
-0.00799207
0.00947905
-0.023202
0.0221162
0.00450045
-0.0136477
-0.0069721
-0.00933326
0.00269036
-0.0102184
0.00224758
0.0010135
0.0705005
-0.0303605
-0.0467199
-0.0532542
-0.0425223
-0.0494301
-0.0509023
-0.0583672
-0.0363224
-0.0292269
-0.0651598
0.119826
-0.0340158
-0.043181
-0.049988
-0.0348425
-0.0339467
-0.0323871
-0.0376166
-0.0413
0.0137257
-0.00695415
0.000378028
0.0158601
-0.00213005
0.00699726
-0.0064757
0.00404737
0.000820795
0.0074117
0.0148315
0.0144486
-0.0147223
-0.0236472
-0.0109121
-0.0212228
-0.0102897
-0.0178424
-0.019647
-0.00568933
-0.0188238
0.0364741
-0.024894
0.0108118
-0.0156323
-0.0151847
0.00678108
-0.00590134
-0.00214792
-0.0116699
0.104413
-0.0523859
-0.021785
-0.0174453
-0.0175311
-0.0199861
-0.0333443
-0.0251574
-0.0213534
-0.0112378
0.0695207
-0.00547487
-0.0605953
-0.0627784
-0.0517057
-0.069189
-0.0520184
-0.0591276
-0.0677284
-0.0749499
0.00526617
0.0031351
0.0150277
-0.005607
-0.000648194
0.00899818
-0.00242749
-0.0095685
-0.00630727
-0.00135343
0.00170954
-0.0184365
-0.0147487
0.00280193
0.000801078
0.0111916
-0.0225851
0.00285554
0.0142192
-0.00430326
-0.0549524
0.0566599
-0.028851
-0.0409981
-0.0232681
-0.0223635
-0.0153947
-0.0229637
-0.0107822
-0.0138127
-0.0543645
0.0573765
-0.0212356
0.00449976
-0.00980486
-0.0216959
-0.0154723
-0.0266376
-0.0152107
-0.0279495
0.0990685
-0.0628351
-0.0395014
-0.0504126
-0.0306435
-0.0371358
-0.0416899
-0.0438092
-0.036847
-0.0293027
0.0032796
0.0400983
-0.0228721
-0.00590847
-0.0194599
-0.01697
-0.0154286
-0.0148494
-0.0177922
-0.00401536
0.00942067
-0.00708763
0.0104487
0.00404683
0.0126858
0.000542569
-0.0214257
0.0052415
0.0130541
0.00447564
-0.00322271
-0.0021627
0.00233233
-0.00328118
0.014826
0.0135673
-0.00517791
-0.0111901
-0.00856925
0.00510799
-0.0119935
0.0454922
-0.0318204
-0.0121177
-0.0279934
-0.0301106
-0.0262493
-0.0349119
-0.0325175
-0.0379053
-0.0583091
0.0674666
-0.00209455
-0.0322188
-0.0121546
-0.0211829
-0.0220585
-0.0149794
-0.00605174
0.00547726
-0.00145502
0.002416
-0.000117317
0.0081854
-0.0138764
-0.0142067
-0.0104714
0.0118561
-0.00736288
-0.004886
0.00653868
-0.00786844
0.00435768
0.000782167
0.00434873
-0.00676963
-0.000501289
-0.014094
-0.00177933
-0.00296944
0.00244464
0.0291765
-0.0225482
-0.0217147
-0.0179744
-0.012541
0.0170387
-0.00515676
-0.0062045
-0.0133078
0.03992
-0.00637478
-0.0222977
-0.0266372
-0.0332107
-0.015636
-0.0187726
-0.0241001
-0.00679684
-0.0176478
0.0736047
-0.0432075
-0.0384468
-0.0228071
-0.040523
-0.0240734
-0.0319594
-0.0209496
-0.0222331
-0.0386869
-0.00021962
-0.023166
-0.00179822
-0.00157007
-0.00244473
0.00182073
0.00289473
-0.0148935
-0.00542014
0.00300539
-0.0379691
0.0421087
-0.00388457
-0.00133353
-0.015301
0.0109485
0.0152311
-0.00152936
0.00525447
0.00134479
-0.0349104
0.0250826
-0.0217055
-0.0214653
-0.0077349
-0.0214343
-0.0268629
-0.0200648
-0.0212306
-0.0142902
0.00690895
-0.0106832
0.00452287
0.000879417
-0.00596725
-0.00275187
0.0023618
-0.000664752
-0.00480344
0.0154675
0.00415311
-0.00624162
0.00646925
0.00994336
0.00269198
-0.00255192
0.00157223
0.0129848
0.00643658
-0.00894587
0.00059268
-0.00926244
-0.0123048
0.00273905
0.00646244
-0.00327016
-0.00389805
0.0117541
-0.0245583
0.00533812
-0.078574
0.103646
-0.046346
-0.0101499
-0.0474865
-0.0546344
-0.043589
-0.0265251
-0.0299475
-0.0213438
0.0448931
0.00828091
-0.0283909
-0.0488483
-0.0292374
-0.0479093
-0.0584553
-0.0258768
-0.0344544
-0.0278159
0.00253981
0.0138843
-0.0114583
-0.00346256
0.0118301
0.00364358
-0.000775307
0.00301398
-0.0144889
0.00388518
-0.0263903
0.0542831
-0.0137696
-0.0194429
-0.0154257
-0.0111421
-0.0106603
-0.0128233
-0.0146949
-0.0203553
-0.001728
0.00150371
0.0125334
0.0051144
-0.0058086
-0.0127602
0.00606635
0.0152804
-0.0111756
0.0136486
-0.0720967
0.120733
-0.0304107
-0.0375332
-0.0179226
-0.0207258
-0.0180601
-0.0322319
-0.0318444
-0.0268121
0.0259462
0.0090152
-0.0035288
-0.0142853
0.000362997
-0.0211743
-0.0202798
-0.0322454
-0.00622501
-0.020615
0.00158609
0.0427538
-0.0275134
-0.0163888
-0.0194068
-0.0044166
-0.0293914
-0.0120722
-0.0051611
-0.0310474
-0.000985596
0.0123299
0.00900946
0.0013372
-0.00304534
-0.0146628
-0.0202941
0.0132722
-0.00837187
-0.0115358
0.00119995
-0.00172023
-0.00894607
0.00967389
-0.00098705
0.0070495
-0.00281276
0.00263215
0.000694518
-0.00164006
-0.0155128
-0.00326414
-0.00042885
-0.0110843
-0.00145449
-0.0195991
-0.00873982
0.00913374
0.00309629
0.00107898
0.0633961
-0.0333465
-0.0220314
-0.0125864
-0.0180943
-0.0320243
-0.00491541
-0.036174
-0.0171487
-0.0213698
-0.0807515
0.0997025
-0.0300269
-0.00824925
-0.0227216
-0.00903312
-0.0357957
-0.0305406
-0.0398008
-0.039073
-0.0418188
0.0596996
-0.0131357
-0.0134315
-0.001758
-0.0064267
0.00375909
-0.00907569
-0.0197149
-0.00886675
0.0142153
-0.0113883
-0.0132299
-0.0133277
-0.00208279
-0.0105627
-0.00308417
-0.00892966
-0.00116666
-0.00885425
-0.0890822
0.114322
-0.0581408
-0.0483965
-0.0482986
-0.0429981
-0.0351176
-0.0436051
-0.0307943
-0.0353067
-0.0253274
0.0648465
-0.0354376
-0.0306284
-0.0610063
-0.0145533
-0.0440483
-0.0145962
-0.0406592
-0.0240205
-0.0196662
0.0188902
0.0209649
-0.00312749
-0.00697839
-0.0182587
-0.00537542
0.000231915
0.0197304
-0.00995994
0.0496667
0.025993
-0.0479999
-0.0359272
-0.0633857
-0.0621683
-0.0720721
-0.0572091
-0.0728931
-0.0638257
0.00869009
0.00257196
-0.00982747
0.000194346
-0.00543632
0.00107706
-0.0136734
0.00130903
-0.00608238
-0.0186458
0.00124263
0.0474317
-0.00958105
-0.0270491
-0.0139341
-0.0201385
-0.0202876
-0.0187819
-0.0337931
-0.0361155
-0.0741046
0.0623246
-0.0104747
0.00641715
0.00189045
0.00296055
-0.00829118
0.00116793
-0.00560837
-0.0245694
-0.000370849
-0.000267106
-0.00610873
0.00813191
0.00053573
8.58877e-05
0.00444944
0.00371902
0.00892213
0.00965124
-0.00174218
-0.00620572
0.00699896
0.00978496
-0.00243607
0.00694409
0.000523017
0.00353177
0.0159309
0.00572381
-0.0177208
-0.00309713
-0.0125545
-0.00783717
0.0132437
0.00779852
0.0198281
0.00240366
0.00972409
0.00933125
0.063837
-0.0352583
-0.0175244
-0.0185272
-0.0350622
-0.0173864
-0.0345191
-0.0176702
-0.0400298
-0.0298793
-0.049195
0.104119
-0.0194957
-0.0325207
-0.0448458
-0.0495399
-0.0491601
-0.0320168
-0.0416365
-0.0329716
0.0172801
0.0112956
-0.035515
-0.0170704
-0.0177863
-0.0113595
-0.00974047
-0.0261928
0.000303698
-0.0256719
-0.0408362
0.0466089
-0.00327005
-0.00421158
0.0165286
0.00246164
0.00237619
-0.00514989
0.0286849
0.00882966
-0.00829874
0.0380865
-0.00488597
-0.034521
-0.0328254
-0.035802
-0.024289
-0.0256018
-0.0268426
-0.0159425
-0.00936097
-0.00735774
0.00992581
0.00783417
-0.00540963
0.00504519
0.0099832
0.00335967
-0.0158911
0.00231094
-0.0700017
0.0627816
-0.0142416
-0.0191991
-0.0118539
-0.0195032
-0.0136872
-0.0147143
-0.0296721
-0.0278964
0.0152607
0.00100364
0.0110515
-0.0104164
-0.0206568
-0.0204675
-0.0125506
-0.0146571
-0.00139731
-0.0227951
-0.000669573
-0.00287341
0.0114744
-0.00506684
-0.0190449
-0.00567231
0.000950186
-0.00275395
0.00028573
-0.0168163
0.100037
-0.0166497
-0.0145121
-0.0331008
-0.00780098
-0.0260656
-0.0212938
-0.0465951
-0.0346598
-0.0340458
0.0201823
0.0366364
-0.00401265
-0.00820919
-0.0251774
0.00958009
0.00471648
-0.0154003
-0.0169489
-0.0298116
-0.0465819
0.0784236
-0.0374803
-0.016375
-0.00522408
-0.0386428
-0.0227181
-0.0138187
-0.0243665
-0.0268608
0.00648215
0.00493991
-0.00239257
-0.00215779
-0.0125546
-0.00903923
-0.00334559
-0.00670378
-0.0203069
-0.00839743
-0.0274989
0.108211
-0.0324669
-0.0349318
-0.0456322
-0.045312
-0.0306218
-0.0349529
-0.0137939
-0.0493164
-0.000220541
-0.0122835
0.0125516
-0.00239548
0.0155995
-0.000960203
-0.0124341
0.00748145
-0.0124069
-0.00607572
-0.0141288
0.0468522
-0.00803851
-0.0175734
-0.0213605
-0.00784641
-0.00923269
-0.0117438
0.000623629
-0.0313444
-0.0117345
0.0027682
0.00518047
-0.00637998
0.0115871
-0.00911285
0.0034315
-0.00758473
0.00857883
-0.00516242
0.0406102
0.010284
-0.0382766
-0.0478235
-0.0362129
-0.0504517
-0.0282739
-0.0358077
-0.0493925
-0.0443774
0.107439
-0.0490767
-0.0345743
-0.0230999
-0.0373294
-0.019306
-0.0218385
-0.0314791
-0.0322958
-0.0287632
-0.0139154
-0.00410388
0.0119085
0.00659019
0.0011539
-0.0125336
-0.00535863
0.00541745
0.0163083
0.000682461
0.0752455
-0.0304753
-0.0281509
-0.0411896
-0.0461857
-0.0458036
-0.0416323
-0.0358978
-0.0363884
-0.0247807
-0.0166208
0.0894789
-0.0368835
-0.0406192
-0.0478132
-0.0472104
-0.0216123
-0.0302777
-0.0446586
-0.0260882
-0.0119346
-0.00913696
-0.000187257
0.00201969
0.00932228
0.00686252
0.00348693
0.00310477
-0.0135022
-0.012273
-0.0741949
0.124446
-0.0576671
-0.0532373
-0.0472837
-0.049127
-0.0491112
-0.0628891
-0.0511673
-0.0672817
-0.00130343
0.00532066
-0.0092839
-0.015674
-0.00596751
0.000649917
-0.00979664
-0.0123905
-0.00667434
0.00353845
-0.0119331
0.00498851
-0.00754244
0.004799
0.0151902
0.02057
-0.00467127
0.00127457
-0.00754674
-0.00717502
-0.0117825
0.00452245
-0.00816308
-0.00708697
-0.00901668
-0.00769315
0.00389085
0.016455
-0.00173065
-0.0100349
0.0858313
-0.0276526
-0.0333888
-0.0315715
-0.0263641
-0.019657
-0.0258033
-0.0183099
-0.0220826
-0.0213337
-0.00433352
-0.00978129
-0.00509543
0.00634753
-0.00212791
-0.0109888
0.0124327
0.0205095
-0.00257969
-0.0136895
0.00636901
0.00844026
-0.00900214
0.00754815
-0.0306019
0.00263189
-0.0162119
0.00966589
0.00211735
-0.0163645
0.062093
-0.00954616
-0.021615
-0.0429758
-0.0303247
-0.0282602
-0.0238352
-0.0306733
-0.0369198
-0.0267097
0.0254317
0.038007
-0.0676167
-0.0497891
-0.0517532
-0.0479606
-0.0306997
-0.0397583
-0.0597261
-0.0541305
-0.00261515
-9.90492e-05
-0.00951986
0.00157577
-0.0197996
0.00639147
0.00646744
-0.00874448
0.0193084
0.000728598
-0.0489701
0.0878174
-0.0342294
-0.0418229
-0.0195395
-0.0474724
-0.0359494
-0.0593062
-0.0353928
-0.0293652
0.0792797
-0.0407631
-0.0121595
-0.0124245
-0.0337171
-0.0398293
-0.0423102
-0.0133773
-0.023511
-0.0378241
0.00336373
0.00186346
0.0180884
-0.000370663
0.000450053
-0.00235293
-0.00910549
-0.000990886
0.00653519
-0.00478089
-0.0076081
-0.00985985
0.000854931
0.0108561
0.0208092
0.00585525
0.0196025
-0.00228431
-0.0188329
-0.0109911
-0.00251561
0.00462065
0.000214112
0.00109376
0.00301203
0.016442
-0.000410103
-0.00930466
0.0240426
-0.00376226
0.0254897
0.0159474
-0.00447931
-0.0274455
-0.0274412
-0.000809524
-0.00107802
-0.00240711
-0.000982004
-0.0199727
0.00180882
-0.0115415
0.0141066
0.00997791
0.00422413
-0.00649278
-0.0034529
0.0130695
-0.00772213
0.00762478
0.00766143
0.0214336
-0.0118811
-0.00348062
0.0149616
0.00329372
-0.00329693
0.0183575
0.00395247
-0.0122718
0.0888626
-0.0467656
-0.0176398
-0.0224681
-0.0298106
-0.0488999
-0.0416883
-0.0317373
-0.0291251
-0.0234585
0.058853
0.0108217
-0.0183482
-0.0156119
-0.015058
-0.0252226
-0.0139737
-0.0306401
-0.029252
-0.0285973
0.00440416
-0.00264758
0.00298395
0.00390763
0.0131969
-0.0146766
0.00189083
0.00675651
-0.00039185
0.00163681
-0.00229639
-0.00603918
0.0202557
-0.00520679
0.00324081
0.0111784
0.0150894
-0.00100934
-0.0128503
0.00231295
-0.00393238
0.00864483
0.00776306
-0.00588388
0.0100004
-0.00545128
0.000557008
0.00716237
0.000543762
-0.00162738
-0.000543981
-0.0116182
-0.00834862
0.013841
-0.000281241
-0.00912816
-0.00962244
0.0172158
-0.00703167
-0.00354084
0.0396576
-0.0116778
-0.00564837
-0.00568288
-0.0146415
0.00202593
-0.00288445
-0.023349
-0.0224338
-0.00812323
-0.0527921
0.123196
-0.0536226
-0.0514212
-0.0416755
-0.0445917
-0.0441252
-0.0349246
-0.0449557
-0.0347329
0.00783993
0.012826
-0.00146567
-0.0054435
-0.0191081
-0.0033533
0.000156351
-0.0136753
-0.00460585
-0.0202312
0.0602048
-0.00340583
-0.0285169
-0.00189746
-0.041477
0.00447781
-0.0198407
-0.0381568
-0.033766
-0.017441
0.0040898
0.000182378
0.00105073
-0.00775054
-0.00809973
-0.00913315
-0.0132582
-0.0072292
-0.00332132
0.00352878
-0.0581025
0.101987
-0.0387857
-0.0539038
-0.0352283
-0.0340238
-0.0390543
-0.0258599
-0.0335138
-0.0354462
0.00339158
-0.010809
-0.0141264
0.00128763
0.00936237
-0.00406551
-0.00398263
-0.0060577
-0.00479193
0.00841678
-0.0115008
0.00940694
-0.0069762
0.00145279
-0.00058958
0.00810978
0.0073244
0.000193145
0.00533169
0.00618829
0.00163106
-0.00197048
-0.0134611
-6.59912e-05
0.0152724
0.0112381
-0.0061807
0.00990986
0.00218988
-0.0060589
0.00831479
0.00985329
-0.00530344
-0.0125384
-0.0125783
0.0109776
-0.011837
-0.00932436
-0.0142772
-0.0141296
0.037552
-0.0109822
-0.0113751
-0.0298603
-0.0213096
-0.0299662
-0.0315285
-0.0396395
-0.0415337
-0.0434192
-0.0677419
0.0543699
-0.016235
-0.0252937
-0.0197081
-0.0169369
-0.00282453
-0.0152499
-0.0217385
-0.00483194
0.0145554
-0.019917
0.00626536
0.0201698
-0.00960261
-0.00333371
0.0219268
-0.0183199
0.00196493
-0.023994
0.017467
-0.00778748
0.00297167
-0.00266722
0.0101017
-0.0253273
0.0217727
-0.0151173
0.000672972
-0.00863693
0.00226624
-0.00305267
0.0153614
0.00718992
-0.00603234
0.00288553
0.00574474
0.00580749
0.00420245
-0.00323284
-0.0106653
-0.0144495
0.00157332
-0.00225359
-0.00300193
0.0108394
0.0056641
0.00451425
0.000471421
7.70532e-06
-0.0561457
0.0373582
-0.036633
-0.0338526
-0.0238398
-0.0240129
-0.0287756
-0.00626349
-0.0331979
-0.0155871
-0.0109656
-0.0136272
-0.0150468
-0.0110288
-0.00157512
-0.0019156
-0.00288957
-0.0215879
-0.00966829
-0.000618886
-0.0191988
-0.0064948
-0.00477632
0.0101342
-0.00202183
-0.00711484
0.00942301
0.0105533
-0.016432
0.0157283
0.000608764
0.0131296
-0.0090967
0.00420936
-0.00320501
-0.00279156
-0.0155385
-0.00406392
-0.0146117
-0.00212085
-0.0174922
0.0554972
-0.00970489
-0.0224778
-0.0272458
-0.012714
-0.018339
-0.0191379
-0.0140697
-0.0368583
-0.0314657
0.0155672
0.00995006
-0.00756553
-0.00490554
0.00717839
-0.00197597
-0.0150231
-0.0139624
-0.003934
-0.00232523
-0.00571241
-0.0187299
-0.0131143
-0.00840234
-0.00144342
-0.00621318
0.00648356
0.00647856
0.00479532
0.0875542
-0.0265375
-0.0322032
-0.0231775
-0.0373266
-0.0131524
-0.0258489
-0.0277112
-0.0246778
-0.0207381
0.0336052
-0.00332926
-0.0626791
-0.0563372
-0.0500948
-0.0432041
-0.0640573
-0.0566543
-0.0334827
-0.0573578
0.0321701
-0.0256628
-0.0160797
-0.00471913
-0.000857407
-0.0122367
-0.0120076
-0.000260103
-0.0104637
-0.00339835
0.00587922
-0.00512711
0.00314926
-0.00450378
0.012033
-0.00488479
-0.0014844
-0.0230474
-0.00248762
-0.00640489
0.0216437
0.00751294
-0.0248078
-0.0073058
-0.0116908
-0.00549261
0.00602803
-0.0117371
-0.0181165
-0.000853533
0.090512
-0.00836591
-0.0118266
-0.0511215
-0.0471098
-0.0421063
-0.0432402
-0.0382961
-0.0208308
-0.0129688
0.015188
0.0206325
0.00834907
-0.0283438
-0.00997829
-0.0259762
-0.0352716
-0.0139173
-0.0280106
-0.0151357
-0.00494485
-0.00244743
0.00967066
0.020976
0.000322284
-0.00259367
0.0080042
0.0217327
0.00619009
0.00147721
0.0591009
0.00401283
-0.00164177
-0.00585871
-0.0115877
-0.0101643
-0.0150626
-0.00020463
-0.0128834
-0.0324663
-0.0420274
0.0463563
-0.0389224
-0.0345965
-0.0378243
-0.0343345
-0.0143177
-0.0354781
-0.0181709
-0.0274862
0.0859561
-0.0511982
-0.0250996
-0.0224174
-0.0334905
-0.0185717
-0.0273933
-0.0216242
-0.0343334
-0.0325432
-0.000812899
-0.00723251
-0.00656514
-0.00592324
0.0008543
-0.00643212
-0.00117251
-0.012606
0.00362323
0.0210659
0.0627753
-0.0314873
-0.0308316
-0.0477194
-0.0215961
-0.0434783
-0.0418393
-0.0403939
-0.0272586
-0.0373533
0.0106012
0.00709999
0.0141995
0.01018
0.0087657
-0.000143989
0.00232745
-0.00815211
-0.00611787
0.00336381
-0.0884264
0.117017
-0.000338058
-0.00120149
-0.00573874
-0.0137329
-0.0331329
-0.0212846
-0.0240374
-0.00979542
0.00300616
0.00510746
0.0213725
0.00267816
-0.0124861
0.00527521
-0.0072779
0.00203053
0.00509265
-0.00357757
0.0756914
-0.0167368
-0.0568558
-0.029161
-0.0546217
-0.0441899
-0.0453665
-0.0431616
-0.0307032
-0.0337057
-0.0108069
0.0127406
0.00492541
-0.0104155
-0.0081143
0.00464355
-0.0136259
-0.000539828
-0.000721152
-0.00753792
-0.113646
0.118025
-0.0276447
-0.0158819
-0.0288345
-0.033461
-0.0320615
-0.0266313
-0.0286313
-0.0155751
-0.0249953
0.0840843
-0.0112027
-0.017576
-0.0291956
-0.037668
-0.00488112
-0.031814
-0.0274735
-0.0302088
-0.00952985
0.0210141
-0.0266684
-0.0169711
0.0164941
-0.0163666
-0.00324288
-0.0170042
-0.00457841
0.00637848
-0.0108327
-0.00192798
0.0037246
-0.00733421
-0.0155588
-0.00369953
0.014318
0.00467096
0.0134665
0.00639968
-0.0156231
-0.0107088
-0.0182667
0.00472606
-0.00261519
0.010585
-0.00261676
-0.00757606
-0.00465717
0.00820235
-0.101262
0.105932
-0.00894811
-0.0212883
-0.00464143
-0.0128839
-0.0140581
-0.00945788
-0.0100799
-0.00709248
0.11748
-0.0614124
-0.0272847
-0.019599
-0.0402656
-0.043677
-0.0220571
-0.00856929
-0.0260532
-0.0285887
0.0517059
-0.00877434
-0.0411999
-0.0316752
-0.0433907
-0.0440605
-0.0418267
-0.0376488
-0.0452297
-0.048264
-0.0303194
0.0375004
-0.0132568
0.0063537
-0.0177064
-0.0143482
0.000482814
-0.00085708
-0.0157773
-0.00652484
0.012297
-0.00944876
0.0130601
0.00533487
-0.00171992
-0.00458282
0.00643017
0.00247838
0.000766065
-0.0165003
-0.00208811
-0.00667977
-0.000840596
-0.0126821
0.019937
0.0206595
0.00770587
0.00124305
-0.000502659
0.0154411
-0.00960922
-0.00778123
-0.00259241
0.00663
0.00121902
-0.0101115
0.013591
0.00351804
0.00768319
-0.018743
0.00536112
-0.00188517
-0.0194468
0.00216035
0.0165295
-0.00380038
-0.00474812
-0.0139979
0.0054609
-0.00305729
-0.00967631
-0.0263637
0.0143516
0.00536748
-0.00582425
-0.018953
-0.0139908
-0.00693115
0.00313856
0.00248262
-0.00818776
0.0137139
-0.0103276
-0.00967072
0.00332635
0.00338431
0.00105964
-0.0018574
0.00637371
-0.0210989
0.0327781
-0.0183071
-0.0170745
0.00414575
-0.00133463
-0.0266209
-0.0265306
-0.000410617
-0.00503182
-0.00396411
0.0133388
0.00685878
-7.96338e-05
-0.000739099
0.0134989
-0.0111544
0.0207508
-0.00323731
-0.00881522
-0.00212141
-0.109252
0.1318
-0.0452796
-0.0436644
-0.038001
-0.0343003
-0.0343949
-0.0187942
-0.0381609
-0.037585
0.0437235
-0.0427902
-0.0144219
-0.0192979
-0.0297121
-0.0272143
-0.00381574
-0.0074991
-0.0105022
-0.00882378
-0.00457303
-0.0204549
0.00803423
-0.00922988
0.000134947
0.0134993
0.0127523
-0.0137211
-0.0232225
-0.0132261
-0.010774
0.0391193
-0.00633049
-0.022286
0.00183469
-0.0179182
0.00530463
0.00149429
0.00112077
-0.0185337
-0.0132272
-0.00506425
-0.0195026
-0.0128626
0.0101645
0.00331325
0.000338091
0.00145576
-0.0180275
-0.00381584
0.0213302
0.00183052
0.000903822
0.0205228
-0.00074871
0.00651964
0.00592617
0.0154338
0.00167529
0.00694292
-7.04454e-05
-0.0100159
0.00758598
0.00266961
0.0174822
-0.00345985
0.00734778
-0.00257714
0.00740908
0.000396504
0.0306039
0.0204444
-0.032145
-0.021463
-0.0361824
-0.0343162
-0.0402891
-0.0385682
-0.047162
-0.0512814
0.00281383
0.00519385
-0.00703408
0.00509177
0.00018462
0.0142388
-0.0136414
-0.00966137
-0.0102836
-0.00145329
-0.0286718
0.0734445
-0.0283406
-0.0224893
-0.0257449
-0.0199417
-0.0329924
-0.0204492
-0.020611
-0.029471
-0.000543355
0.02202
-0.00334956
-0.0203555
-0.0109773
-0.00488582
-0.0350536
-0.0252731
-0.00717096
-0.026852
0.00341621
-0.00305127
-0.00314623
-0.000761752
0.00146957
-0.00374712
0.0138563
-0.00227671
0.00261788
0.000454155
0.030544
0.0159986
-0.00763414
-0.0256614
-0.0196537
-0.0251041
-0.0226469
-0.0208388
-0.00669958
-0.021153
-0.00306377
0.00696145
0.00485598
-0.00711117
0.00154701
0.0070265
0.000625779
-0.00548753
0.0121197
0.011673
0.0337781
-0.00730347
-0.0317889
-0.0233506
-0.024621
-0.0184925
-0.0238119
-0.0213879
-0.00896241
-0.0180773
0.0978753
-0.0525117
-0.0362951
-0.0366817
-0.0193138
-0.0113936
-0.0279565
-0.0164966
-0.028722
-0.0319107
0.0037118
-0.0014147
-0.0126663
0.00363747
0.0115063
-0.00524539
0.0113436
0.00385672
-0.0125976
0.00346081
-0.060766
0.116045
-0.0204567
-0.00788692
-0.0278864
-0.0134637
-0.0300346
-0.030009
-0.0182621
-0.0169583
-0.0755951
0.122384
-0.0330018
-0.0457496
-0.0549435
-0.0236359
-0.0343014
-0.0544219
-0.0300855
-0.0286213
0.00655898
0.000317772
-0.0217133
0.0142169
-0.00457093
0.00731538
-0.00446538
0.00268283
-0.0132701
0.0102107
-0.00302869
0.00243603
-0.00727018
-0.00652714
-0.00192834
-0.0194335
-0.00409329
-0.00538364
-0.000369502
-0.00609213
-0.00359548
-0.00611186
-0.00464439
-0.017918
-0.00614772
0.00717869
0.00880282
-0.0197111
-0.00931041
0.000508503
-0.0125197
0.067259
-0.0310182
-0.042763
-0.0175734
-0.0177597
-0.0426823
-0.0386729
-0.0309949
-0.0380084
0.00576695
0.0445753
-0.054154
-0.0349836
-0.0166918
-0.0384968
-0.0489203
-0.0486971
-0.0347064
-0.0395178
0.0105053
0.0253143
-0.0141877
-0.00759049
-0.0126025
-0.0388505
-0.0216483
-0.0187599
-0.022054
-0.0174488
0.0461358
0.00498021
-0.0225288
-0.0197363
-0.0216182
-0.0237125
-0.011505
-0.0288545
-0.0136539
-0.0131151
-0.0190706
0.0343664
-0.00747521
-0.00504159
-0.00813487
0.00887262
0.00156782
-0.000572978
0.00670006
-0.0088914
0.0160699
0.00886147
-0.0126145
0.00107776
-0.0104949
-0.00202016
0.0076415
-0.00823119
-0.0143236
-0.00257065
-0.0876431
0.103009
-0.0284526
-0.0333885
-0.0160427
-0.0310072
-0.03525
-0.0146868
-0.0156976
0.00792497
-0.0257303
0.0262284
-0.00894379
-0.02509
-0.024038
-0.0307943
-0.0283496
-0.015895
-0.0161544
-0.0302989
0.00704723
-0.0263887
0.00270827
0.00758254
-0.0100682
-0.023868
-0.01417
0.0251224
0.0106602
-0.00448207
0.0145729
0.0149182
0.00123488
-0.00127681
-0.00645817
0.00181258
-0.0194984
0.00324585
-0.0105483
-0.0141722
0.0226033
-0.0217469
0.0136148
0.00766285
-0.0129221
0.00192842
0.00569168
0.0137522
0.000459497
-0.00915006
0.00482008
0.00097531
-0.00943143
0.00167175
-0.0177325
-0.0102013
-0.00804732
0.00185682
-0.00400719
0.000444674
0.0432963
-0.0100861
-0.0256156
-0.029444
-0.0188088
-0.0300699
-0.0229783
-0.0302427
-0.0167444
-0.0241976
-0.0098149
0.00600331
0.0180592
-0.00205136
-0.00370208
0.00500674
0.00327246
0.0204758
0.00417552
-0.0163604
0.0135135
-0.00240183
-0.00129781
-0.00666212
0.0097181
0.00718112
0.00786695
0.00671408
0.00380832
-0.00288556
-0.00451593
0.0252704
0.000912278
-0.00734107
-0.0119515
-0.00191602
-0.0148868
0.0101373
-0.00131213
-0.00471872
0.044139
0.0279724
-0.0268952
-0.00545218
-0.0120717
-0.0173504
-0.0199207
-0.0324042
0.00205358
-0.0173979
0.0150596
0.010514
0.00662231
-0.00262724
0.0164408
-0.0236863
-0.00712954
-0.0032502
0.0240392
-0.00214795
-0.0534157
0.0898879
-0.0115389
-0.029119
-0.0286526
-0.0244789
-0.0266183
-0.00501526
-0.0315456
-0.0309785
0.0620749
-0.0434227
-0.0258784
-0.0288819
-0.0209373
-0.0167264
-0.040531
-0.0397688
-0.036912
-0.0345088
-0.00346997
-0.00506204
0.0106742
0.0112547
0.0102935
-0.00281994
0.000894182
0.00547379
0.0159133
0.000823104
0.00468228
0.00266284
0.000511795
-0.0134777
0.0029016
-0.00694458
0.000185357
-0.000956765
0.024517
-0.00390668
-0.0939765
0.121967
-0.0406693
-0.0263506
-0.034317
-0.0304677
-0.0242213
-0.0201683
-0.0268188
-0.0449957
0.00250565
0.011523
-0.00923258
-0.00775907
-0.0145488
-0.0124182
0.00670141
-0.0065741
-0.0388947
-0.0198607
0.0250839
-0.0260258
0.00912845
-0.0135232
-0.0178638
0.00929875
-0.0114692
0.00224467
-0.00332502
-0.00166026
0.00185203
0.0149103
0.0129401
-0.0166318
-0.00347932
0.00019783
0.00503593
0.0121416
-0.025218
-0.0102218
-0.0450269
0.075884
-0.0159809
-0.0118461
-0.0169579
-0.0294479
-0.0297744
-0.0195391
-0.0281726
0.0002975
0.00713581
0.0280751
0.00980786
-0.00545524
-0.0207312
-0.0213429
-0.0164967
-0.00526791
-0.01075
-0.00197134
-0.00473371
0.0155015
-0.00360551
-0.00389276
-0.00329726
0.0180788
0.000462265
-0.00404883
0.0171683
-0.0115688
0.0422284
-0.00204474
-0.00414171
-0.0284586
-0.0294649
-0.0201186
-0.0198945
-0.0178314
-0.0478942
-0.0219564
0.0142847
0.00360839
0.00608221
0.0169299
-0.00105811
-0.00568265
-0.0111121
-0.00363209
-0.00888607
0.0164517
-0.0177646
0.0102015
0.00550624
-0.0257404
0.00197605
-0.0150861
-0.00775898
-0.017052
0.00287759
0.00952976
-0.0414222
0.0689331
-0.0314639
-0.0256697
-0.0176806
-0.0297391
-0.0246435
-0.0344707
-0.024856
-0.0291181
0.0204472
-0.0135718
-0.014088
-0.0268927
0.00206874
-0.0138166
-0.00892475
-0.00953998
-0.0148966
-0.0197452
-0.02041
0.05859
-0.0148574
-0.0256116
-0.0103137
-0.0189786
-0.0228915
-0.0352732
-0.0190946
-0.0144989
-0.00628911
0.00658388
0.012281
0.00491686
-0.00719061
0.00128551
-0.00989971
0.0190875
-0.000907002
-0.00761108
0.0892443
-0.0222507
-0.0402861
-0.0264717
-0.0452017
-0.015595
-0.0455032
-0.052802
-0.0326736
-0.0344675
0.0170246
-0.00764332
-0.00282726
-0.00787521
0.000589087
-0.0101986
-0.00550663
-0.00319642
-0.00299345
0.0187096
-0.000430453
-0.00320552
0.0171421
-0.00309119
-0.00137598
-0.00192512
0.00561743
-0.00821462
-0.0143678
-0.00734191
0.027104
0.00686967
0.00431652
-0.006882
-0.0115913
0.0194391
-0.0192556
-0.00527095
-0.0195545
-0.00202485
-0.00647366
0.00388603
0.00068732
-0.00337307
0.00894084
-0.0053662
0.018416
-0.00905212
-0.00363055
0.0058562
0.00689837
0.0388095
0.00458514
-0.0175349
-0.00744818
-0.0331096
-0.0164404
-0.0298241
-0.0208795
-0.00592652
0.00630068
0.0028812
-0.000454273
-0.0102281
0.00497749
-0.00433134
0.00273979
-0.00480933
-0.0107433
-0.00603262
-0.00184216
0.0250329
-0.00606677
-0.00206826
0.00895306
-0.010594
0.00628649
-0.0135678
-0.0126663
-0.00998495
-0.0181363
0.0569138
-0.0246148
-0.0249652
-0.0158513
-0.0231071
-0.022725
-0.0143451
-0.0172142
-0.0234442
0.0840523
0.00273025
-0.0233822
-0.0195995
-0.0221072
-0.0291856
-0.0172816
-0.0257946
-0.0335209
-0.0382675
0.0063203
-0.000786976
-0.0103963
0.000648535
0.00805562
-0.00780199
-0.0169728
-0.0135485
6.31835e-05
0.00504845
0.00099225
0.00217944
-0.00340209
-0.0107158
0.00332423
-0.000257089
0.0139122
0.00385722
-0.00522657
-0.00815943
-0.010772
-0.0115964
0.0219669
0.0114769
0.00901424
-0.0120664
-0.000344829
0.00987381
0.0186015
0.00978925
-0.0304401
0.0235139
0.00301405
-0.00357816
0.0134846
-0.0271723
4.93626e-05
-0.00860324
0.00640313
-0.0157944
0.00096436
-0.0290605
-0.00752295
-0.00740924
-0.00208146
-0.00622304
0.00324117
-0.0197629
0.00656894
0.000569177
-0.00220489
-0.0163845
0.0033163
0.0184894
0.0124332
0.0157088
0.0199296
0.0100998
0.00990243
-0.00763807
0.00533797
0.0058665
-0.00958225
0.00317572
-0.0192584
0.0020239
-0.00960259
0.00871151
-0.0017754
0.00348506
-0.0471548
0.10531
-0.0121443
-0.00923545
-0.0218802
-0.0142213
-0.00750146
-0.0233832
-0.0341455
-0.0162171
0.0530792
0.00841373
-0.0275317
-0.0378396
-0.0163986
-0.0191717
-0.0167711
-0.0304473
-0.0236217
-0.022918
0.010034
0.0164994
-0.012252
-0.00239363
0.00446448
0.0101085
-0.0213731
0.00592898
-0.00744865
0.00640137
-0.00155501
-0.00236976
-0.000136773
-0.000952181
-0.00770594
0.0172578
0.00465926
-0.00119879
0.0086539
-0.00628679
-0.102821
0.119117
-0.018866
-0.0217509
-0.0254302
-0.0173369
-0.0133987
-0.018476
-0.0137488
-0.037865
0.00304297
0.00723508
0.00518849
-0.00710991
-0.00732426
-0.0159606
0.00690832
0.0107912
0.00486743
-0.00191702
-0.0156238
0.00107588
0.0187613
0.00106381
-0.0118021
-0.00446045
-0.00964525
-0.0149551
0.0146824
-0.00752319
0.0115038
0.0125066
-0.0066084
-0.0324132
-0.00974797
-0.0111147
-0.010071
-0.0214753
-0.000846315
0.00322495
0.0039305
0.0161707
-0.015751
-0.00602573
-0.02011
-0.00773018
-0.00849441
-0.00195865
-0.00934417
-0.0266836
0.108419
-0.0795319
-0.0406004
-0.0447208
-0.0265662
-0.0208837
-0.0467804
-0.0346105
-0.0398298
-0.0179354
0.00117305
-0.00349083
-0.00250058
-0.00882606
-0.0180291
-0.0256942
-0.00234955
0.00480239
0.0135252
0.00672263
0.0129321
0.00676362
0.00273944
-0.00721251
0.00254926
0.0164133
-0.00420258
0.00796878
-0.016036
-0.00640727
0.0228515
0.0350539
-0.0134198
-0.0229896
-0.0243619
-0.0173979
-0.0335483
-0.0101935
0.00252089
-0.00134635
0.0790263
-0.0364975
-0.0215095
-0.0170336
-0.0321042
-0.031507
-0.0218097
-0.00863175
-0.0276108
-0.0181748
-0.0254546
0.0600236
-0.00162813
-0.0107373
-0.0163616
-0.0101655
-0.0332837
-0.00625616
-0.00833414
-0.00236492
-0.00608522
0.0131583
0.00671887
-0.00362404
0.002906
-0.00614284
-0.00181484
-0.0019678
0.00806875
0.0109071
-0.0102578
-0.0110744
-0.00493741
0.00629768
0.00222153
0.00301107
0.00874179
0.0128691
-0.000880541
-0.0034334
0.0385419
-0.000150101
-0.0223194
-0.0106822
-0.0181567
-0.0252568
-0.00812597
-0.0135818
-0.0190904
-0.0248489
0.00317483
-0.00500829
-0.000573707
-0.00511085
-0.00670388
-0.0102226
0.000367152
-0.00798329
-0.00113695
-0.000587707
-0.0246993
0.0258782
0.00342877
-0.00483913
0.000462256
-0.00619276
0.0018967
-0.0126475
-0.0143706
-0.0147792
-0.00173584
-0.0166379
0.00800618
-0.000132455
0.00633278
-0.0150819
0.0192283
0.00280377
-0.0206498
0.012773
-0.000609316
0.00670189
0.00599559
-0.00490217
-0.00455448
-0.00509299
0.00105514
0.01389
0.00866298
0.0204273
-0.0460084
0.0567149
-0.0156799
-0.0204677
-0.0343424
-0.0281353
-0.0329962
-0.0273612
-0.0166816
-0.00589384
0.00894326
-0.0023886
0.00921531
-0.00480706
-0.00970773
0.00875582
-0.000544197
0.000310008
0.0192882
-0.00879532
-0.0186778
-0.0157825
0.0055682
-0.0220369
-0.00471861
0.0160921
0.00483115
0.00875498
-0.0124207
-0.00133717
-0.00908372
-0.00106487
-0.00891178
0.0157216
-0.00392339
-0.0176283
-0.00873522
-0.00473919
-0.00125445
0.0142859
-0.103147
0.128988
-0.00685962
0.000233913
-0.00817791
-0.0252835
-0.0061252
-0.0161448
-0.0115499
-0.013526
0.0101681
0.00201545
0.0144846
0.0221184
-0.00520973
-0.012986
-0.0192734
-0.00165996
-0.0100381
0.00887237
-0.0380495
0.0762133
-0.0329614
-0.0155706
-0.0112547
-0.0186837
-0.0378323
-0.00423841
-0.0239405
-0.0223719
0.00896112
-0.00299801
-0.00972405
0.0214729
-0.00666404
-0.000901876
-0.013501
-0.00536404
-0.0146366
0.0167039