0.0958349
0.166817
0.0612721
0.125669
0.0124507
0.119713
-0.31701
-0.210123
0.00389301
0.185925
-0.0637194
-0.291998
0.186325
0.0157632
-0.1248
0.0719434
-0.0267813
-0.240487
-0.181553
-0.162169
-0.0646072
-0.0249476
0.131146
0.145569
0.170321
0.0576067
0.0179254
0.301108
0.0549206
-0.344733
0.102624
-0.261242
-0.0414714
-0.257357
-0.0909549
0.0440849
-0.0840845
-0.0481527
-0.0516241
-0.0529073
0.0622743
0.150361
-0.09886
-0.0680763
-0.0146547
0.0380012
0.0367839
0.0166729
0.0757466
0.0847706
0.0926163
-0.181619
-0.126501
0.0616576
-0.306152
0.111082
0.0368489
-0.18924
0.131977
0.0148954
0.0250496
0.093368
0.0409046
-0.323337
-0.31194
-0.146125
0.086878
0.00952681
-0.0723037
0.183338
0.145173
0.0743004
-0.138024
-0.13399
-0.215272
0.0199301
-0.0432205
-0.0991292
0.103216
0.148494
0.0832239
0.0766937
-0.0317952
-0.203451
0.116623
0.132986
-0.0157649
0.0399557
0.0627536
0.048692
-0.052095
0.0121309
0.134451
-0.255873
-0.0125724
0.13925
-0.0624448
0.0580073
0.026877
0.107936
0.036642
-0.0541837
-0.083991
-0.185354
-0.118287
-0.121532
-0.0553169
-0.0947828
-0.287412
-0.0383392
0.0782819
-0.211267
0.103487
0.104338
-0.0172729
0.0987825
0.118307
0.154795
-0.142214
-0.207988
0.146868
0.0857547
-0.0706867
0.0309815
-0.0981356
-0.156753
-0.364776
0.105103
0.210765
-0.152997
-0.00759895
0.180449
-0.313353
-0.287216
0.0871483
-0.0501034
-0.00811236
-0.0254276
-0.0891818
-0.0267187
-0.00213552
-0.0915342
-0.0402369
-0.0246499
-0.00526637
-0.00780906
-0.0206645
-0.0122123
0.00514269
-0.0135185
-0.0104314
-0.011071
-0.00704135
0.0432041
-0.0295503
-0.0829863
0.109704
0.115402
0.144975
0.0501382
0.0169703
0.0447973
0.143294
0.0528234
-0.135426
0.1229
-0.104511
-0.0907771
-0.177313
-0.061363
-0.102656
0.04889
0.0244117
-0.14654
0.0121027
0.0365008
0.0506587
-0.0464106
0.0348008
-0.00318649
-0.202368
-0.198371
-0.279398
0.092176
0.0169678
-0.1044
0.108011
0.16645
0.102021
0.19122
0.0805217
-0.298222
0.0111031
0.118654
-0.113619
-0.0250269
0.0802288
-0.13017
0.124323
0.0878493
-0.0326529
0.123998
0.0989508
-0.0152016
-0.0219626
0.0842364
-0.026949
0.0876404
0.0975152
0.193246
0.0233915
0.0575896
0.0272341
-0.150388
-0.196258
-0.241221
0.131817
0.00990994
0.0405821
0.16017
0.0937794
-0.0962321
-0.0760592
-0.196101
-0.29293
0.0353871
-0.0170543
-0.0668226
0.0381544
0.0798454
0.146908
-0.027854
-0.0888168
-0.0337173
-0.00121898
-0.0109857
-0.152038
-0.0687453
0.031084
-0.0250345
-0.0702577
-0.040431
-0.0206811
0.0558665
0.0262081
-0.041503
0.0336749
0.0779282
0.0277192
-0.000690612
0.00275541
0.0815709
-0.107501
-0.0293373
-0.137331
-0.00823292
-0.0106503
0.043451
-0.0123858
-0.0633327
-0.0846067
-0.155652
-0.192238
-0.263818
-0.00259423
-0.0205199
-0.0449177
0.093963
0.126681
0.0546403
-0.0908746
-0.224128
0.131183
-0.0644525
-0.0218577
0.0875055
0.0498468
0.135644
0.0490246
0.166601
0.123695
-0.19499
0.145331
-0.0049853
-0.229387
-0.0679521
-0.202947
-0.192483