-0.00608174
-0.00208261
0.0105891
-0.0227598
0.00573112
-0.000717184
-0.0108423
0.00755766
0.0026805
0.00668736
-0.077108
0.224511
-0.0924708
-0.0694229
-0.103003
-0.0658086
-0.0556129
-0.0591109
-0.0436761
-0.0629632
-0.078379
-0.0357455
-0.0820082
-0.186447
-0.190698
-0.205764
-0.200149
-0.208203
-0.210765
-0.194627
0.161225
-0.02901
-0.148427
-0.125713
-0.0385638
-0.0396795
-0.0186713
-0.0390988
-0.0365344
-0.0166451
-0.107639
-0.027787
0.0996183
-0.148855
-0.10755
-0.0975424
-0.0734996
-0.0821163
-0.0796304
-0.0832769
-0.017415
0.00865729
0.00586243
-0.0461853
-0.00534309
-0.00680303
-0.0115899
-0.0146612
-0.015362
-0.0207924
-0.0135855
-0.00102869
0.0105705
-0.0242213
-0.0260664
-0.0179751
-0.0219219
-0.0213557
-0.0199693
-0.00662954
0.114766
-0.0594855
-0.0968132
-0.0953441
-0.0393284
-0.0668256
-0.0695252
-0.0772976
-0.0637134
-0.0697551
0.187068
-0.0282166
-0.167009
-0.105863
-0.0303673
-0.0421188
-0.0324557
-0.0416507
-0.0348727
-0.0452814
-0.0845053
0.238466
-0.136138
-0.0515269
-0.13881
-0.0377945
-0.047125
-0.047238
-0.0546519
-0.0485256
0.0093557
0.0308623
-0.00325086
-0.0184997
-0.0141299
-0.0286086
-0.029446
-0.0136788
0.000603777
-0.043395
0.10663
-0.0712555
-0.0619115
-0.0494616
-0.0322801
-0.0275506
-0.0272191
-0.0365234
-0.0252868
-0.0342095
-0.0510521
-0.240746
0.146723
-0.238985
-0.121319
-0.131481
-0.138468
-0.151394
-0.157861
-0.135402
0.0426959
0.000322642
-0.010324
-0.0203349
-0.0304366
-0.0213928
-0.0418052
-0.0190996
-0.0245055
-0.0329814
0.0098738
-0.00367254
-0.00674403
0.00127815
0.00160648
0.00821474
0.0245269
-0.011838
-0.00944548
-0.00806065
-0.0157604
0.0163088
-0.0399309
-0.0352777
-0.0117317
-0.0176717
-0.000861035
-0.0322949
-0.0167685
0.0030775
-0.146034
0.183816
-0.103324
-0.0935368
-0.154446
-0.128727
-0.140808
-0.132673
-0.125149
-0.121595
0.0128338
0.0311166
-0.0248474
-0.0228002
-0.0150831
-0.00710034
-0.0146643
-0.0232147
-0.00475224
-0.020556
-0.0598484
0.279235
-0.112664
-0.0772528
-0.135321
-0.043932
-0.0421637
-0.032157
-0.0451317
-0.0323697
-0.10173
-0.0182959
0.0520606
-0.0710956
-0.0828046
-0.0830083
-0.0838931
-0.0760941
-0.0618855
-0.0691487
0.131473
-0.0708993
-0.124048
-0.231855
-0.0954842
-0.10842
-0.100923
-0.107581
-0.12473
-0.0997491
0.0272269
0.0250637
-0.00110743
-0.0191672
-0.00904446
-0.0105254
-0.0190943
-0.0333708
-0.0203773
-0.0367199
-0.183674
-0.167262
-0.168201
0.21333
-0.167445
-0.0911828
-0.0860684
-0.0930823
-0.0865838
-0.0937288
0.0158767
0.0195618
0.00991683
-0.0257931
-0.0245966
-0.0228393
-0.0236513
-0.00381902
-0.00331949
0.00248639
-0.0422395
0.105416
-0.0647302
-0.0130373
-0.165549
0.0123432
-0.0143916
-0.0237879
-0.0182432
-0.0113217
0.00200907
0.00396298
-0.0152565
-0.00410778
-0.0182664
-0.0113108
0.000354776
-0.00830847
-0.0085209
0.00276903
-0.186869
-0.138386
-0.124533
0.178066
-0.113394
-0.108179
-0.0890137
-0.104821
-0.0989282
-0.101259
0.00558126
-0.000322813
-0.0132857
-0.000918295
-0.0139638
-0.0152696
-0.00414694
0.00498063
0.00122729
-0.024557
-0.118321
0.200215
-0.111672
-0.0934208
-0.0848642
-0.0945721
-0.0790188
-0.0717787
-0.106302
-0.0704416
-0.0594843
0.204015
-0.126158
-0.0994282
-0.0643608
-0.0637241
-0.0789265
-0.0639185
-0.0777663
-0.0511603
-0.0853825
-0.166608
-0.0334169
0.0835378
-0.158231
-0.13755
-0.128332
-0.122634
-0.1313
-0.141128
-0.0437697
-0.00878809
0.0218034
-0.0339961
-0.0295766
-0.0190331
-0.0351903
-0.0177205
-0.0417663
-0.0450528
-0.278298
-0.0245248
-0.209611
-0.145918
0.0626435
-0.174443
-0.169163
-0.181862
-0.178453
-0.20785
-0.0383093
-0.0044591
0.0117939
-0.00868449
-0.0252284
-0.0435209
-0.0324641
-0.0400764
-0.0117378
-0.0267456
0.174742
-0.0448594
-0.115284
-0.239424
-0.0212583
-0.0634351
-0.0767437
-0.0865336
-0.0910223
-0.0862749
-0.154534
-0.12746
0.144282
-0.0913637
-0.0718656
-0.0877936
-0.0947085
-0.0895493
-0.0706652
-0.068517
0.138881
-0.0671334
-0.144933
-0.200981
-0.0435648
-0.0933227
-0.094197
-0.0821154
-0.0716997
-0.0765404
-0.0764216
-0.0630939
0.0668529
-0.0376936
-0.034943
-0.0348374
-0.0336363
-0.0355259
-0.0436681
-0.0332071
-0.182088
0.038938
0.0642974
-0.170975
-0.210621
-0.19515
-0.167005
-0.179362
-0.170464
-0.192952
-0.31747
0.00600446
-0.00817463
-0.207355
-0.26703
-0.260748
-0.24176
-0.253211
-0.266653
-0.246764
-0.12334
0.139474
-0.0670541
-0.0407878
-0.0386543
-0.0704922
-0.0710518
-0.0804925
-0.0822955
-0.0601
-0.248517
0.12447
-0.26108
0.00517015
-0.219664
-0.1733
-0.168147
-0.17919
-0.178418
-0.180288
-0.268726
0.00439722
-0.0932457
-0.105866
-0.240783
-0.236262
-0.221668
-0.245346
-0.223499
-0.23224
-0.0246482
0.0140236
0.00972412
-0.018567
-0.0179091
-0.0109116
-0.00767499
-0.0123203
-0.0120299
-0.0246843
-0.0971816
-0.0357295
0.0735621
-0.0382002
-0.0585424
-0.0577165
-0.0394095
-0.0425796
-0.0495022
-0.0515695
0.133709
-0.0486127
-0.114693
-0.1271
-0.0228717
-0.0437999
-0.0320203
-0.02584
-0.0483851
-0.0575333
-0.137106
-0.0876278
0.132897
-0.112968
-0.0928572
-0.113682
-0.127765
-0.137081
-0.115195
-0.108776
-0.0812481
0.221758
-0.129737
-0.0893913
-0.153192
-0.087491
-0.0644813
-0.08474
-0.0654547
-0.0797209
0.0167237
-0.0484366
-0.275824
-0.0282252
-0.0662625
-0.122266
-0.119348
-0.11685
-0.0997373
-0.116254
-0.233919
-0.198985
0.190021
-0.178192
-0.105077
-0.135182
-0.155169
-0.145938
-0.146805
-0.136492
-0.19254
-0.0922897
-0.190019
-0.190119
0.141252
-0.138828
-0.143807
-0.146782
-0.137941
-0.132382
0.00879648
-0.14865
-0.0977879
-0.229925
-0.182197
-0.219167
-0.210993
-0.21467
-0.212261
-0.204481
0.0427724
-0.0522761
-0.051135
-0.051606
-0.0443153
-0.0602398
-0.0598505
-0.0668749
-0.0733942
-0.0348505
-0.0155134
0.00480136
-0.0143237
0.00457691
-0.00869226
0.00385911
0.010118
-0.0136115
0.00372808
-0.00484736
-0.00442792
0.0115579
0.00374865
0.0136182
-0.00157088
0.00520776
0.0154597
-0.00673547
2.89936e-05
-0.0016508
0.222743
-0.0908658
-0.191676
-0.166165
-0.0576068
-0.0884374
-0.103159
-0.0920223
-0.0858959
-0.0938693
-0.0872722
-0.0447591
0.0792274
-0.0590888
-0.0808647
-0.0528705
-0.0528293
-0.0679034
-0.0641391
-0.0518005
-0.161192
-0.104045
-0.0713134
0.109682
-0.0684295
-0.0629569
-0.0564721
-0.0745521
-0.0628656
-0.0794728
-0.160232
-0.0880801
-0.19571
-0.157398
0.114403
-0.147404
-0.150455
-0.131049
-0.159659
-0.161832
-0.0290997
0.00673062
0.000335775
0.00720228
0.00846291
-0.00651135
0.000170887
-0.0221179
-0.000889219
-0.00814933
-0.0852863
0.310697
-0.110162
-0.0188026
-0.190434
-0.0666485
-0.0379062
-0.0403822
-0.0391487
-0.0382677
0.0193935
-0.0967993
-0.272692
-0.387471
0.0306594
-0.196137
-0.208166
-0.215691
-0.208735
-0.202277
0.0267038
-0.140381
-0.177589
0.0016702
-0.00150607
-0.0615424
-0.0694182
-0.0839534
-0.0647565
-0.0808416
0.0117339
-0.0720593
0.0374193
-0.0564824
-0.0706433
-0.0902161
-0.0730923
-0.0966421
-0.0885519
-0.0806216
0.199405
-0.0398445
-0.187722
-0.172844
-0.0683916
-0.0791426
-0.0720817
-0.0775791
-0.0656957
-0.0697672
0.160657
-0.0542472
-0.180178
-0.135251
-0.0613304
-0.096247
-0.0904968
-0.106799
-0.0793721
-0.0756594
-0.0220041
-0.0190096
0.0119724
-0.0461131
-0.0654094
-0.0618049
-0.0769945
-0.0724183
-0.072666
-0.076835
-0.189539
-0.233629
-0.163151
0.168803
-0.181515
-0.166794
-0.1595
-0.180553
-0.158195
-0.176844
-0.236932
-0.258608
-0.242203
0.0706995
-0.0504123
-0.230019
-0.225382
-0.213009
-0.220222
-0.216034
-0.0858715
-0.0332248
0.0443459
-0.0343012
-0.0475404
-0.0538778
-0.0228262
-0.0447544
-0.0625847
-0.0300404
0.0142779
-0.110082
0.0688313
-0.113065
-0.0768426
-0.0796042
-0.0967393
-0.0843266
-0.0846283
-0.0822494
-0.218277
-0.0641035
0.0539413
-0.110277
-0.0697449
-0.0770693
-0.0807327
-0.100364
-0.0969213
-0.0862918
0.00986797
0.0292877
-0.00402297
-0.0112504
-0.0142633
-0.0185423
-0.00840842
-0.00501883
-0.000279932
-0.00927476
-0.258617
-0.165422
0.140814
-0.179976
-0.0938622
-0.19665
-0.177273
-0.187744
-0.181906
-0.180728
-0.0198541
-0.0117596
0.000116465
-0.0346389
-0.0230472
-0.00737636
-0.0114648
-0.0220394
0.0103502
-0.00897261
-0.3422
-0.198728
-0.277165
0.0624074
0.000440288
-0.202457
-0.227377
-0.212336
-0.206409
-0.212014
-0.0182688
0.0345614
-0.023428
-0.0218952
-0.0317779
-0.0281025
-0.0362501
-0.0366119
-0.0364229
-0.0153448
-0.0434842
0.209737
-0.0804467
-0.0657315
-0.135871
-0.0632434
-0.0514408
-0.0668806
-0.054347
-0.0403628
0.00551506
0.0400845
-0.019935
-0.0101851
-0.0229475
-0.03556
-0.0356328
-0.033556
-0.0338705
-0.0398115
-0.00917849
-0.0169973
0.00608646
-0.00504307
-0.00459375
0.00989521
-0.00104127
0.0183607
-0.0051405
-0.0016966
-0.00671572
0.0032527
-0.00731898
0.000464542
0.0100746
0.00365312
-0.0134168
0.0072829
0.0209066
0.0104856
0.00363456
0.0415584
-0.0258376
-0.0290059
-0.0201864
-0.0258656
-0.0253209
-0.0138613
-0.0112579
-0.0319657
-0.0128945
-0.00290288
-0.00961148
-0.0087528
-0.00157156
-0.00334575
-0.00361518
0.00118739
-0.0040892
0.00909934
0.0049195
0.00238044
0.000539791
-0.0158798
-0.0144137
0.0104872
-0.0189786
-0.00381975
0.0107524
0.00624508
-0.00407189
-0.159665
-0.130009
0.0404768
-0.0466915
-0.0924743
-0.0742557
-0.0895774
-0.0897915
-0.103332
0.170418
-0.0706496
-0.178413
-0.148205
-0.0661732
-0.0750789
-0.0791279
-0.0620009
-0.063726
-0.0786232
0.166954
-0.0773228
-0.204102
-0.0988726
-0.0244841
-0.0762849
-0.0611171
-0.067741
-0.0527259
-0.0679341
-0.255617
0.0204315
0.134076
-0.314654
-0.162649
-0.166066
-0.160348
-0.173577
-0.164345
-0.165486
0.19453
-0.0783013
-0.145377
-0.107215
-0.0598799
-0.0593625
-0.0639187
-0.0620389
-0.0532489
-0.074013
0.103982
-0.0580379
-0.132334
-0.22573
-0.0771493
-0.101836
-0.114199
-0.103057
-0.110848
-0.116537
-0.0618417
0.140901
-0.0355726
-0.0778232
-0.0928371
-0.0516163
-0.0698588
-0.0644884
-0.0508479
-0.0615944
-0.0465944
0.112378
-0.0156077
-0.0172784
-0.10802
-0.0427166
-0.0182217
-0.0253594
-0.0444081
-0.032891
0.0709787
-0.141032
-0.016075
-0.078425
-0.0565347
-0.069448
-0.0595089
-0.0548876
-0.0735371
-0.0638394
-0.0604775
0.0120112
0.0259033
-0.0335616
-0.0550264
-0.0569082
-0.0532359
-0.0330192
-0.0524073
-0.0297156
-0.0409262
0.0741488
-0.0258655
-0.00827986
-0.0114234
-0.0127417
-0.0370941
-0.0138969
-0.0131983
-0.0308056
0.0130082
0.016312
0.0139732
0.000780526
-0.0128207
-0.00194627
0.0155252
-0.0192595
8.32732e-05
0.0117361
0.185995
-0.0116704
-0.188511
-0.124461
-0.0600577
-0.0861931
-0.0865979
-0.0822477
-0.0679542
-0.102113
-0.0900834
0.172185
-0.0782915
-0.0979606
-0.121118
-0.044017
-0.050606
-0.0573843
-0.0406861
-0.0480607
-0.113384
0.167771
-0.125343
-0.0828939
-0.132941
-0.137119
-0.139667
-0.131273
-0.13855
-0.12735
-0.212924
-0.0671883
0.157564
-0.178434
-0.0714467
-0.076345
-0.074218
-0.082049
-0.0650084
-0.0552068
-0.0856823
-0.226847
-0.107051
0.0886444
-0.124964
-0.134733
-0.157763
-0.150044
-0.130568
-0.123479
-0.03926
-0.0194441
0.0301
-0.0248147
-0.0320284
-0.0327514
-0.0315802
-0.0366977
-0.0311943
-0.0414708
-0.0208297
0.151311
-0.0340375
-0.0884403
-0.126492
-0.0355891
-0.0405577
-0.0179911
-0.0181369
-0.0358679
-0.0991762
0.308136
-0.161033
-0.0700034
-0.173529
-0.0953382
-0.114333
-0.109488
-0.106518
-0.103658
0.0228163
-0.198952
0.00248884
-0.215228
-0.133762
-0.140528
-0.155152
-0.166981
-0.149345
-0.151614
0.00365001
-0.00512914
-0.0067094
-0.00284568
0.00138985
0.000149804
-0.0193189
0.0262805
0.00715728
-0.0138676
-0.183906
-0.116706
0.174628
-0.134238
-0.0569305
-0.117461
-0.0910788
-0.0983132
-0.0957185
-0.102129
-0.0773657
-0.168047
-0.148378
0.187021
-0.099823
-0.0776219
-0.0975826
-0.0943
-0.0947484
-0.0963862
-0.0994036
0.15616
-0.0977313
-0.0726343
-0.11955
-0.0745063
-0.0662405
-0.0674849
-0.079752
-0.0791482
-0.0112854
0.00517319
-0.0429522
-0.0143943
-0.0259573
-0.0215678
-0.0203132
-0.028702
-0.0240102
-0.0360516
-0.0431074
-0.236432
-0.049667
-0.222933
0.111391
-0.154254
-0.145634
-0.142399
-0.135218
-0.133865
-0.0378201
0.0582274
-0.00891285
-0.0155838
-0.0261841
-0.0328405
-0.0438271
-0.0361332
-0.0335025
-0.0257203
-0.00566185
0.000814029
-0.00292362
-0.0135076
0.00719167
0.00959863
0.0105947
-0.00420002
-0.0186276
-0.0105616
-0.21684
-0.14362
-0.0759254
0.159006
-0.158071
-0.0995911
-0.0962346
-0.0938083
-0.0972582
-0.10519
-0.172218
-0.119925
0.145091
-0.0716849
-0.0400916
-0.0620041
-0.0710949
-0.0709514
-0.0610454
-0.0605001
0.0288776
-0.159911
0.086777
-0.0744762
-0.0635434
-0.0830567
-0.0770962
-0.0800261
-0.0859926
-0.0923256
-0.0276821
-0.135044
0.0629906
-0.220255
-0.100564
-0.151828
-0.147504
-0.135508
-0.127967
-0.147237
0.0180424
0.000138992
-0.000945494
-0.0027558
-0.00123453
0.00146393
0.00803664
0.00535644
0.0102986
0.013624
-0.120706
0.124939
-0.0483966
-0.0587183
-0.0755872
-0.0629257
-0.07764
-0.067509
-0.0694076
-0.0799762
0.0132728
-0.133171
-0.034346
-0.136185
-0.137766
-0.159864
-0.160377
-0.159565
-0.173957
-0.170214
-0.26756
-0.219968
-0.0874393
0.146845
-0.248555
-0.167527
-0.172378
-0.175034
-0.159283
-0.189281
-0.00308503
-0.00905072
0.0139749
-0.0052346
0.0132435
-0.00155994
0.00368287
-0.00935392
0.00490752
-0.00479087
-0.0269374
0.0377463
-0.0463291
-0.100988
-0.000248928
-0.0351256
-0.035012
-0.0394168
-0.0484992
-0.0324231
-0.0936676
0.289029
-0.166617
-0.104292
-0.172553
-0.0937617
-0.104548
-0.113168
-0.0800596
-0.10802
-0.152692
-0.156595
0.214672
-0.149975
-0.0647718
-0.0937975
-0.0881184
-0.0976214
-0.111585
-0.0971963
-0.180731
-0.0529743
0.1368
-0.165766
-0.0798408
-0.0959942
-0.10243
-0.120933
-0.112089
-0.101903
-0.0477926
0.063479
-0.00336336
-0.0378851
-0.0348681
-0.0347393
-0.0216305
-0.0178331
-0.0184493
-0.0224676
-0.260619
-0.0438285
-0.239976
-0.19147
0.0401197
-0.206685
-0.200069
-0.207023
-0.198389
-0.20019
-0.263205
-0.0712749
0.158496
-0.23885
-0.166126
-0.186559
-0.166951
-0.183937
-0.187175
-0.169343
-0.0324569
-0.00624141
0.00812474
-0.0118104
-0.0150948
-0.0247934
-0.00511487
-0.0275176
-0.0307488
-0.025804
0.160621
-0.0792814
-0.177688
-0.0644933
-0.0457212
-0.0943749
-0.0877642
-0.0736093
-0.0789359
-0.100403
-0.0470832
-0.148569
0.129988
-0.142573
-0.0890326
-0.0965954
-0.112694
-0.107351
-0.111452
-0.105055
-0.0869866
-0.259332
-0.0847654
0.0707062
-0.291742
-0.245155
-0.247718
-0.229897
-0.248359
-0.237002
-0.0629164
-0.106871
-0.104782
0.10608
-0.141782
-0.0714227
-0.0871246
-0.0892737
-0.0927752
-0.0641039
-0.117177
-0.0602189
0.0783546
-0.0988276
-0.111233
-0.114785
-0.123982
-0.111428
-0.110232
-0.12283
-0.00354209
0.0387734
-0.0291341
-0.0246625
-0.0321758
-0.0416046
-0.011604
-0.0171375
-0.0283503
-0.0151926
-0.00371091
0.00567593
0.00894859
-0.01182
-0.0184264
0.00192075
0.014466
0.00704333
-0.0299899
0.012447
-0.0266958
-0.0211009
0.0248824
-0.00211125
0.00915343
0.00735729
-0.0189224
0.0107199
0.000679298
0.0193396
-0.155791
0.231783
-0.17274
-0.0587956
-0.158823
-0.10248
-0.119574
-0.11316
-0.100488
-0.106381
-0.0777736
0.179094
-0.0528183
-0.0834702
-0.197545
-0.0575706
-0.0277066
-0.0287151
-0.0411263
-0.0361152
-0.139085
-0.0856309
-0.173962
-0.168688
0.141437
-0.112328
-0.112351
-0.121743
-0.106175
-0.114017
-0.144787
-0.115545
0.230314
-0.198158
-0.0929487
-0.102224
-0.116997
-0.0956103
-0.10796
-0.105539
-0.0104729
0.0149252
-0.0192022
-0.000382342
-0.016693
-0.0227698
-0.0181887
-0.00232264
-0.00980812
-0.00211855
-0.16726
-0.107107
-0.119746
0.142276
-0.072585
-0.093708
-0.0926068
-0.0763446
-0.0746616
-0.0720468
0.0179393
0.021825
-0.00681605
-0.0133343
-0.0197703
-0.00596517
0.0120264
-0.0070236
0.00236545
-0.0210285
-0.0998564
0.233956
-0.116488
-0.0553436
-0.129407
-0.082176
-0.0822571
-0.0748063
-0.0761938
-0.0884599
0.00805348
-0.0248905
-0.021348
0.00590139
-0.0086015
-0.00427501
-0.0074121
-0.00876177
0.0116521
-0.00334959
-0.0695992
-0.0314417
0.0680648
-0.0641236
-0.0575463
-0.0582025
-0.0477486
-0.0803141
-0.0627047
-0.0661518
-0.0031508
0.0321569
-0.0416732
-0.0413812
-0.0212852
-0.0473635
-0.0340095
-0.0483414
-0.0394721
-0.0327272
0.122999
-0.13631
-0.145813
-0.0483012
-0.0580579
-0.0969231
-0.0876783
-0.0995221
-0.0942745
-0.0858836
-0.0164695
-0.230115
0.11765
-0.248736
-0.163168
-0.219398
-0.227348
-0.210857
-0.218604
-0.229189
-0.0279579
0.0543971
-0.0119914
-0.0136684
0.00121593
-0.023046
-0.0147744
-0.0132433
0.00282499
-0.0216273
-0.0421824
-0.00794532
-0.1691
-0.125135
-0.0534988
-0.0980848
-0.126742
-0.0953967
-0.107321
-0.0939863
-0.016234
-0.196522
-0.104569
0.039174
-0.155037
-0.159781
-0.166363
-0.149562
-0.16084
-0.154642
0.0494895
-0.0973421
-0.0535429
-0.0735384
-0.0912129
-0.093068
-0.0987182
-0.0991921
-0.100659
-0.0971781
0.0210065
-0.124136
-0.0633414
-0.0141847
-0.122022
-0.0908843
-0.0925498
-0.0962503
-0.0889303
-0.113821
-0.0897256
-0.053131
0.0126601
-0.12977
-0.132449
-0.121064
-0.138161
-0.137128
-0.14073
-0.146022
-0.14772
-0.022863
0.064744
-0.101621
-0.0806843
-0.0819461
-0.0800062
-0.0904072
-0.100522
-0.0951987
-0.082512
-0.213506
0.0858678
-0.252087
-0.132991
-0.18433
-0.203989
-0.197263
-0.201506
-0.195153
0.162483
-0.035384
-0.110698
-0.120137
-0.0219043
-0.0636186
-0.0786898
-0.0675807
-0.0495815
-0.0590221
-0.0488043
0.000300041
0.0653656
-0.037824
-0.0402066
-0.042876
-0.0423383
-0.0314933
-0.0283946
-0.0476331
-0.196967
-0.0556018
-0.0393818
0.0337159
-0.113902
-0.0758502
-0.0722209
-0.0725243
-0.0859989
-0.0838334
-0.0321146
0.187344
-0.283429
-0.113492
-0.193404
-0.1665
-0.160601
-0.17408
-0.167146
-0.177192
0.138484
-0.0433489
-0.171415
-0.0328187
-0.0574855
-0.102165
-0.104447
-0.0898517
-0.0952992
-0.0814833
0.017178
-0.0242275
-0.0659909
0.0246217
0.00655053
-0.035351
-0.0269588
-0.0174236
0.00938579
-0.0122082
-0.235188
-0.199301
-0.0305687
0.0861492
-0.218426
-0.164797
-0.168196
-0.174754
-0.167168
-0.164787
-0.104156
0.0110882
0.0141364
-0.0931911
-0.0869023
-0.0910423
-0.0762829
-0.0959062
-0.0723413
-0.0962804
-0.169773
0.209702
-0.131726
-0.127098
-0.0951379
-0.123687
-0.132174
-0.130494
-0.139584
-0.13919
0.16045
-0.0542292
-0.0859076
-0.09451
-0.0327764
-0.0451754
-0.0281209
-0.0400687
-0.0516189
-0.0477986
-0.0924494
0.0491289
-0.283657
0.0745159
-0.158165
-0.123413
-0.118688
-0.104273
-0.10555
-0.113879
-0.00734457
-0.0010806
-0.0179764
0.0111951
0.00417322
-0.0179521
-0.0041416
-0.00234461
-0.0136302
-0.00858413
-0.13241
-0.121805
-0.0787872
0.117154
-0.0424319
-0.0423393
-0.0527332
-0.0285202
-0.0441999
-0.0561366
-0.071062
-0.00853383
0.0177765
-0.0323009
-0.0531866
-0.0368311
-0.0618883
-0.0435634
-0.0231762
-0.0496856
-0.0129058
-0.305019
-0.159374
0.0393907
-0.20259
-0.222258
-0.198792
-0.195766
-0.199942
-0.218112
-0.0771266
0.153525
-0.105884
-0.037686
-0.0506235
-0.0510244
-0.053977
-0.0621681
-0.04472
-0.0469768
-0.160921
-0.0763221
0.0991506
-0.130178
-0.101357
-0.105768
-0.106756
-0.0951405
-0.109424
-0.0956788
-0.0514584
0.123409
-0.056121
-0.131086
-0.0914341
-0.0443283
-0.0323249
-0.04569
-0.0504126
-0.0426325
-0.0476761
-0.276653
-0.144336
0.0706401
-0.153567
-0.191882
-0.20231
-0.184386
-0.203223
-0.202954
-0.00614978
0.0244722
-0.0121467
-0.00976334
-0.0132656
-0.0154672
-0.0111238
-0.0042375
-0.0106979
-0.0304238
-0.0893254
0.0142835
0.0259115
-0.033064
-0.0642245
-0.0718703
-0.0775671
-0.0590869
-0.0483181
-0.0725615
0.129794
-0.0925573
-0.0604025
-0.0872525
-0.0278512
-0.0683566
-0.0434386
-0.0685124
-0.0664339
-0.051286
-0.0513697
-0.185478
0.135959
-0.133543
-0.0732141
-0.107966
-0.110847
-0.0881083
-0.113548
-0.10349
0.0068033
-0.00451101
0.00496062
-0.0039972
-0.00594761
0.00358444
-0.00269389
-0.00177708
0.00974961
-0.0112603
0.0136906
-0.096224
-0.0651682
-0.256318
-0.166743
-0.187663
-0.172851
-0.166118
-0.183245
-0.172667
-0.0457395
0.151004
-0.131696
-0.0534159
-0.0979545
-0.077086
-0.0588189
-0.0590409
-0.0512746
-0.0635146
-0.21235
-0.170379
0.175362
-0.125713
-0.114484
-0.139392
-0.129935
-0.137529
-0.131993
-0.127588
0.00893794
0.03279
-0.0387465
-0.0249304
-0.0344264
-0.00921775
-0.0124723
-0.0160797
-0.0226995
-0.006868
-0.0400035
-0.170331
-0.0593438
-0.356324
-0.14973
-0.246381
-0.254143
-0.246848
-0.273387
-0.25011
-0.00304467
-0.00019695
-0.00509296
0.00862194
-0.00610431
0.00195034
0.00324897
-0.0137886
0.0204576
-0.00448789
-0.0707506
0.0217102
0.00670166
-0.0326017
-0.0211885
-0.0425414
-0.0392864
-0.050028
-0.0473598
-0.0488152
-0.129433
0.239337
-0.109898
-0.110656
-0.087146
-0.0918168
-0.0842982
-0.0959006
-0.0988377
-0.0977106
-0.0130935
0.00622351
0.0072865
-0.0105926
0.00376427
-0.0018765
-0.0077703
0.00372491
0.00607805
0.0168998
-0.0240557
0.0154215
0.0160204
-0.0338921
-0.0561269
-0.0537202
-0.0621516
-0.0503213
-0.0468148
-0.0468716
0.0085119
0.0195091
-0.0154521
-0.0121514
-0.0110456
-0.0283522
-0.0167169
-0.0178065
-0.0230541
-0.0181831
0.0140692
-0.00930492
-0.0183945
0.00591063
0.00272311
-0.00680366
-0.00496583
0.000625714
-0.0250659
-0.00897582
-0.221373
-0.255336
-0.0259367
0.0404203
-0.215627
-0.213157
-0.220988
-0.20727
-0.211941
-0.210641
-0.0745664
-0.092318
0.0603376
-0.164381
-0.124605
-0.148327
-0.17234
-0.163719
-0.143724
-0.158909
0.0630084
0.00211907
-0.113187
-0.0391904
-0.0255969
-0.0313504
-0.0219546
-0.0466274
-0.0551867
-0.0329829
-0.202109
-0.192323
-0.0816766
0.116908
-0.164437
-0.13775
-0.142091
-0.121604
-0.12948
-0.121626
-0.191753
-0.179957
0.226924
-0.183667
-0.0994991
-0.116013
-0.131557
-0.11292
-0.133784
-0.126685
-0.134848
-0.164167
-0.155824
0.162394
-0.198265
-0.133438
-0.145044
-0.151918
-0.133818
-0.136645
0.143247
-0.0551148
-0.113953
-0.125035
-0.0547448
-0.0662213
-0.0609585
-0.0707282
-0.0680031
-0.0708372
-0.0852398
0.128117
-0.0361274
-0.0682183
-0.110384
-0.0390544
-0.0369034
-0.0300578
-0.0282641
-0.0320701
-0.120956
-0.13198
-0.138123
0.171155
-0.184545
-0.0942067
-0.123396
-0.129016
-0.119795
-0.118213
-0.0573576
-0.234718
-0.187137
-0.106641
0.218555
-0.0605331
-0.0799769
-0.0646409
-0.0604593
-0.0722007
-0.165017
-0.117048
0.183277
-0.208031
-0.0572889
-0.129894
-0.120032
-0.125526
-0.107428
-0.12484
-0.113472
-0.137141
0.151125
-0.112701
-0.0931326
-0.0825242
-0.0877686
-0.0881014
-0.0934077
-0.0874865
-0.34593
-0.278054
-0.278261
0.0337458
-0.0140487
-0.208937
-0.212173
-0.216811
-0.218207
-0.215176
-0.0463564
-0.12659
0.069092
-0.1922
-0.0936925
-0.120036
-0.102525
-0.114809
-0.117681
-0.123271
-0.15074
0.338391
-0.18066
-0.0797337
-0.179972
-0.0987833
-0.110839
-0.0870801
-0.10663
-0.116952
-0.156524
-0.209908
0.23472
-0.155279
-0.120147
-0.125989
-0.115411
-0.143367
-0.129198
-0.138701
-0.0929582
-0.0033858
0.0151213
-0.0491037
-0.0729162
-0.0675782
-0.055533
-0.0631847
-0.0695118
-0.0584377
-0.0295094
-0.10968
0.0296648
-0.110508
-0.102364
-0.113474
-0.119608
-0.115957
-0.110862
-0.0970262
-0.325621
-0.148925
-0.0421304
-0.0411762
-0.195269
-0.1892
-0.201725
-0.194637
-0.208043
-0.202529
-0.0558548
-0.231879
-0.0935349
0.0402967
-0.153628
-0.175515
-0.171933
-0.179612
-0.161387
-0.164406
-0.242839
-0.202182
-0.0413217
0.100331
-0.187623
-0.141531
-0.145396
-0.136446
-0.125484
-0.147717
-0.150466
-0.146744
-0.157162
0.198371
-0.126435
-0.107322
-0.0924559
-0.0983828
-0.0634467
-0.0867085
-0.0471105
0.00672517
0.013114
-0.0326484
-0.0285734
-0.0221438
-0.0207286
-0.028866
-0.0456287
-0.0460942
0.0818784
-0.040354
-0.0610195
-0.14059
-0.012716
-0.0452165
-0.0427239
-0.0319216
-0.0266895
-0.0493172
0.170505
-0.0961403
-0.138235
-0.0832059
-0.0597561
-0.0865082
-0.0865661
-0.0940515
-0.0896387
-0.0941486
-0.1301
-0.122191
-0.117044
0.173096
-0.186991
-0.0766738
-0.0769135
-0.0883207
-0.0840395
-0.0656494
-0.070889
-0.006636
0.0325759
-0.0587995
-0.0387979
-0.0324444
-0.059918
-0.0502518
-0.0583798
-0.0412709
-0.194362
-0.0888057
-0.25382
-0.159039
0.0553917
-0.190828
-0.181357
-0.202828
-0.204132
-0.176188
-0.0319681
0.00627964
0.0287526
-0.0329608
-0.0209263
-0.0197672
-0.0338782
-0.0263921
-0.0196122
-0.00645383
-0.0547549
-0.0187367
0.0418656
-0.0306276
-0.0417371
-0.037211
-0.0409019
-0.0415169
-0.0331799
-0.0552249
-0.0341268
0.0104239
0.0127038
-0.0135917
-0.00222074
0.00485793
-0.0271162
-0.0103707
-0.00825812
-0.0144228
-0.0304186
0.122915
-0.0870628
-0.051311
-0.0763544
-0.0372412
-0.0495065
-0.029154
-0.028051
-0.0130162
-0.0413123
0.0810739
-0.0331381
-0.0450169
-0.0255834
-0.0266092
-0.0481612
-0.0380183
-0.0583188
-0.0393274
-0.0499164
0.0473747
-0.0226477
-0.0208632
-0.0254678
-0.0185634
-0.0218798
-0.0212514
-0.0179554
-0.022593
-0.128514
0.234375
-0.0950031
-0.0549232
-0.104937
-0.078526
-0.0866555
-0.0752457
-0.0667708
-0.077214
-0.16497
-0.0917002
0.13267
-0.0755337
-0.0290286
-0.063094
-0.0657871
-0.0777985
-0.0707093
-0.0742461
-0.0603106
-0.231655
-0.0855373
0.0641212
-0.268567
-0.219802
-0.225894
-0.204969
-0.220138
-0.225602
-0.079457
0.267566
-0.180645
-0.0479419
-0.151562
-0.0955878
-0.0955643
-0.101093
-0.105311
-0.102282
0.00726166
-0.0250824
0.0113087
-0.0272022
-0.00261075
0.00553268
-0.00117588
-0.013127
0.00581224
-0.0114759
-0.0949381
-0.173484
0.14869
-0.115836
-0.0629066
-0.111529
-0.110912
-0.122575
-0.112453
-0.123791
-0.0761941
0.110581
-0.07019
-0.0332904
-0.0559949
-0.0583507
-0.0529365
-0.0577072
-0.0595756
-0.0585335
-0.0332762
0.140643
-0.0321837
-0.0564625
-0.0838631
-0.0272922
-0.0475316
-0.0201247
-0.0233737
-0.0237294
-0.198194
-0.121552
-0.0589273
0.127969
-0.0617715
-0.0914507
-0.0808554
-0.0780194
-0.0913649
-0.0893765
0.0343198
-0.0359397
-0.0451115
-0.130165
-0.0702877
-0.100396
-0.0968856
-0.100648
-0.118715
-0.118512
0.000134466
-0.00314451
0.0138287
-0.0138058
-0.00358989
0.00818245
0.00640208
0.0053643
-0.00276993
-0.000486969
0.162168
-0.0588632
-0.134112
-0.0962328
-0.0494859
-0.0603557
-0.045764
-0.0473412
-0.0273987
-0.0638467
-0.0927859
0.174177
-0.135873
-0.0189438
-0.0629027
-0.0638657
-0.0794605
-0.0628284
-0.0673749
-0.0861316
0.215068
-0.117571
-0.174239
-0.231562
-0.058939
-0.0754497
-0.0629407
-0.0793298
-0.0817698
-0.0642255
0.12592
-0.0700939
-0.107947
-0.0530404
-0.0428348
-0.0439834
-0.0589481
-0.0483886
-0.055217
-0.0540812
-0.0298697
0.0731535
-0.0142207
-0.0194227
-0.0312111
-0.0139299
-0.0128961
-0.0138745
-0.0258993
-0.0161007
0.153848
-0.115203
-0.120253
-0.239817
-0.0576825
-0.114798
-0.106792
-0.109189
-0.0924799
-0.109451
-0.207049
0.0364605
-0.221319
-0.183465
0.0239923
-0.17669
-0.173711
-0.168149
-0.170143
-0.174391
0.17708
-0.0397631
-0.120406
-0.149154
-0.0321228
-0.0510535
-0.0639278
-0.0466542
-0.058319
-0.0553289
-0.0611674
0.00121664
0.0230773
-0.0595381
-0.0497965
-0.0360826
-0.0535333
-0.0504054
-0.0363619
-0.0508292
-0.0643654
0.0289891
0.00515302
-0.0152428
-0.0176266
-0.00956515
-0.0275565
-0.0160866
-0.032822
0.00723073
-0.0296913
0.0655785
-0.0834856
-0.0571248
-0.1185
-0.0550643
-0.0392107
-0.0577855
-0.0488278
-0.0629129
-0.160754
-0.070638
0.107367
-0.108554
-0.0564321
-0.075973
-0.0955331
-0.0977908
-0.0870115
-0.0950901
0.0251324
-0.00353439
0.00569115
-0.0159047
-0.0188597
-0.0192292
-0.0126262
-0.0192794
-0.0406772
-0.0083013
-0.111453
-0.129124
-0.145925
0.14013
-0.0873092
-0.0925475
-0.111513
-0.10481
-0.115913
-0.0969225
-0.222514
-0.0586871
0.120918
-0.115398
-0.117411
-0.110439
-0.137078
-0.133917
-0.114901
-0.125407
0.115748
-0.0453924
-0.0673559
-0.144016
-0.0430439
-0.0572737
-0.0562931
-0.0689119
-0.0466247
-0.0642284
-0.159463
-0.156273
-0.216672
-0.189808
0.131207
-0.166946
-0.158068
-0.165632
-0.163109
-0.170621
-0.138862
-0.104077
-0.213596
0.243229
-0.172764
-0.0930455
-0.0911916
-0.101084
-0.0744414
-0.0807434
-0.206485
-0.118748
0.222953
-0.0816428
-0.0398433
-0.0796888
-0.0772433
-0.0789984
-0.0710087
-0.0772253
-0.00962576
0.0743618
-0.0347528
-0.00394521
-0.0515934
-0.0206226
-0.0268884
-0.0156816
-0.0273011
-0.0204477
-0.0363561
-0.00444203
0.0318202
-0.00975738
-0.0072868
-0.0213058
-0.043219
-0.0292945
-0.0185824
-0.0315257
-0.110217
0.184072
-0.126619
-0.103547
-0.0337616
-0.0838871
-0.0972584
-0.0931013
-0.0970849
-0.107385
0.199905
-0.109548
-0.125021
-0.173488
-0.0599476
-0.078585
-0.08777
-0.0700272
-0.0651691
-0.0935018
-0.0938992
0.00532658
0.0283997
-0.0678805
-0.0609605
-0.0878359
-0.0642496
-0.0702055
-0.0630184
-0.0532691
-0.0917401
-0.101963
0.0499597
-0.102508
-0.144167
-0.13003
-0.138546
-0.132276
-0.128521
-0.113998
-0.102147
0.237028
-0.163689
-0.0795143
-0.146395
-0.079082
-0.081671
-0.0841619
-0.0864955
-0.0882853
-0.0959019
-0.0183952
0.0635446
-0.0523118
-0.0596507
-0.0802461
-0.0647229
-0.0642712
-0.0564765
-0.0595063
-0.0604227
-0.00778255
0.0118405
-0.0250829
-0.0336709
-0.033867
-0.0310265
-0.0459643
-0.00365185
-0.0340877
-0.102313
0.104447
-0.0665524
-0.0359798
-0.0716555
-0.0247483
-0.0361111
-0.0343161
-0.0538859
-0.0350453
-0.0288012
0.0592887
-0.0328379
-0.00819022
-0.0354428
-0.0169705
-0.0318048
-0.0408106
-0.0248902
-0.0471306
0.004874
-0.00346215
-0.00867135
-0.00439578
-0.00894944
0.0081013
-0.0120396
0.0102136
0.00830424
0.0161763
-0.0699413
0.105596
-0.0227686
-0.0538254
-0.0692474
-0.0447022
-0.0148363
-0.0230145
-0.0360154
-0.0457352
-0.0841129
0.0181439
0.0373353
-0.0844553
-0.0775616
-0.090466
-0.109915
-0.0905941
-0.101103
-0.0850675
-0.107606
0.240685
-0.115478
-0.108898
-0.119007
-0.0914402
-0.0883223
-0.0616737
-0.0647023
-0.0755055
0.168336
-0.0235566
-0.128226
-0.133557
-0.0290639
-0.0463686
-0.031032
-0.0485238
-0.0383108
-0.0308895
-0.120067
0.145172
-0.116347
-0.06294
-0.101832
-0.0814939
-0.0979642
-0.0721609
-0.069821
-0.105352
-0.0134635
0.165069
-0.0677698
-0.0856607
-0.129004
-0.0451172
-0.0513843
-0.0429134
-0.0381212
-0.0368224
0.00893597
0.026531
-0.00570907
0.00644415
0.00521672
0.00212172
-0.00558495
-0.000329311
-0.0178101
-0.00350738
-0.127782
0.20718
-0.0958637
-0.0596464
-0.114697
-0.0981844
-0.113018
-0.0917974
-0.1137
-0.113974
-0.045356
0.0866543
-0.0797849
-0.0539615
-0.0646241
-0.0489514
-0.0452416
-0.0593221
-0.0502631
-0.0381917
-0.0897915
0.0855182
-0.0188381
-0.012428
-0.0090419
-0.0185953
-0.0159377
-0.0184022
-0.037015
-0.00546509
-0.238973
0.131114
-0.286801
0.0208096
-0.228969
-0.162932
-0.157352
-0.153048
-0.166076
-0.164835
-0.132371
-0.0700687
0.147006
-0.234445
-0.0616798
-0.11572
-0.102831
-0.107911
-0.106086
-0.0884692
-0.0305158
0.0701819
-0.04922
-0.018045
-0.0352713
-0.0350315
-0.0296558
-0.0475815
-0.039452
-0.0317525
-0.234557
0.0129136
0.0371934
-0.0885254
-0.0292553
-0.10961
-0.105537
-0.101963
-0.106593
-0.0862376
0.00369773
0.00127899
-0.0120733
-0.0135615
-0.0133175
-0.000318597
0.00895539
-0.00116075
0.0161628
0.00683119
-0.158446
-0.134443
-0.156592
-0.127643
0.17611
-0.100594
-0.108687
-0.104166
-0.0949194
-0.114424
-0.141579
0.0244707
0.00760358
-0.1022
-0.118784
-0.0964361
-0.118751
-0.115129
-0.0936464
-0.125054
-0.0547678
-0.25041
0.126975
-0.211797
-0.0547104
-0.13676
-0.130793
-0.131625
-0.145966
-0.143702
0.0101407
0.0149581
-0.0157091
-0.0160491
-0.0201062
-0.00413719
-0.00682164
-0.0213782
-0.00450487
0.00810426
-0.23319
-0.0644935
0.125531
-0.107822
-0.127147
-0.117346
-0.12508
-0.131233
-0.105655
-0.107454
-0.00426837
-0.237369
0.120686
-0.11659
-0.099701
-0.120357
-0.1156
-0.124843
-0.119195
-0.133014
-0.221937
-0.199249
0.281357
-0.249834
-0.109755
-0.114845
-0.129123
-0.118416
-0.146511
-0.124963
-0.0297738
0.0868704
-0.0181207
-0.0348818
-0.0614062
-0.0249976
-0.0192816
-0.0502793
-0.0324193
-0.0109683
-0.152351
-0.0873406
-0.155344
0.175447
-0.108879
-0.0693515
-0.061438
-0.0729489
-0.0562525
-0.0716638
-0.109682
-0.0425108
0.0764372
-0.0638719
-0.0577307
-0.0881603
-0.0890442
-0.0860827
-0.0899341
-0.0963524
0.0851213
-0.00681107
-0.119903
-0.0924974
-0.0089128
-0.0289548
-0.0422854
-0.0212686
-0.0136239
-0.0423802
0.0145179
-0.0586319
-0.104612
0.00643119
0.010528
-0.0403792
-0.0317115
-0.0271806
-0.0232248
-0.0436984
-0.0958365
-0.0261531
0.049698
-0.104759
-0.09581
-0.101688
-0.0987914
-0.108797
-0.117285
-0.108298
-0.0727306
-0.22161
-0.210998
-0.392619
0.117799
-0.175051
-0.167737
-0.169546
-0.167857
-0.157694
-0.00519656
0.0074487
0.000170272
-0.00953474
-0.0231105
-0.0171774
-0.0125414
0.00508003
-0.0176626
-0.0107994
-0.0221189
-0.0306526
0.0361081
-0.0298071
-0.0446332
-0.042259
-0.0493861
-0.0288811
-0.0477872
-0.0418928
0.125914
-0.182408
-0.161584
-0.132256
0.0756972
-0.0887817
-0.0754601
-0.0724253
-0.0788139
-0.0786335
-0.241637
0.0493111
0.0538854
-0.192587
-0.152086
-0.176846
-0.157262
-0.185493
-0.169364
-0.167063
-0.16693
-0.0363609
-0.136128
0.0905713
-0.217639
-0.0895744
-0.091357
-0.0857349
-0.0825708
-0.0719699
0.0200908
0.0288893
-0.0113596
-0.0257665
-0.00263071
-0.0291997
-0.0128534
-0.0233249
-0.0255194
-0.0230594
-0.102306
-0.192441
-0.139707
0.142843
-0.186211
-0.176239
-0.162074
-0.182359
-0.166095
-0.176169
-0.0543224
0.238993
-0.135773
-0.086939
-0.0856015
-0.0407346
-0.0250015
-0.0326901
-0.0350312
-0.0422856
-0.00717938
0.0236989
0.00209935
0.00811855
-0.0128631
-0.0157235
0.00722678
-0.00269103
-0.00349423
-0.0127674
-0.278924
-0.217559
-0.0976803
-0.00442236
-0.128407
-0.233085
-0.215774
-0.222099
-0.213687
-0.231822
0.0336474
-0.124862
0.0770142
-0.0493712
-0.0568315
-0.0491975
-0.0523104
-0.068081
-0.0657929
-0.0721183
-0.114751
0.220492
-0.126725
-0.0357229
-0.152763
-0.0690663
-0.0758039
-0.0660734
-0.0791734
-0.0523793
0.0662666
-0.0424214
-0.102244
-0.141855
-0.0831164
-0.11361
-0.0933722
-0.119302
-0.103917
-0.123195
-0.292883
-0.159493
-0.104768
-0.256814
0.120564
-0.185513
-0.183493
-0.184242
-0.199254
-0.198291
-0.00663157
-0.0188527
-0.00613149
-0.00782554
0.0230177
0.00489871
0.00137575
-0.0017709
-0.0121822
0.00167791
-0.248979
-0.171146
0.227007
-0.188934
-0.126086
-0.144523
-0.145161
-0.142302
-0.156828
-0.151623
-0.0340213
-0.0132896
0.0444076
-0.0325315
-0.0374308
-0.0381384
-0.0236841
-0.0128911
-0.0325073
-0.0289628
0.133824
-0.0256531
-0.121168
-0.106986
-0.0271685
-0.05069
-0.0353793
-0.0354354
-0.0430273
-0.0522001
0.082615
-0.0535081
-0.0473732
-0.0704864
-0.0603401
-0.0641512
-0.0569724
-0.0666153
-0.0640275
-0.0686698
0.212673
-0.111597
-0.152695
-0.271256
-0.04197
-0.0921382
-0.11143
-0.107041
-0.0922886
-0.0979554
-0.1576
-0.184602
-0.100462
0.144326
-0.134101
-0.11673
-0.116765
-0.117852
-0.105848
-0.111767
-0.150607
-0.186892
-0.289405
-0.193855
0.138594
-0.18562
-0.184997
-0.185374
-0.166901
-0.179704
-0.065261
-0.0111948
0.0219935
-0.0266856
-0.0324524
-0.0362095
-0.0384137
-0.0326575
-0.041188
-0.0401931
-0.141027
-0.159294
-0.170274
0.221361
-0.0809848
-0.0674414
-0.0661943
-0.0777447
-0.0610691
-0.0786078
-0.0728073
0.0217093
0.0128028
-0.053109
-0.0645578
-0.0383964
-0.0404757
-0.0692324
-0.0597182
-0.0639195
-0.0971014
0.0603989
-0.0512439
-0.109923
-0.0838229
-0.0948683
-0.111119
-0.104952
-0.120336
-0.102258
-0.0356302
0.00696969
0.028532
-0.039248
-0.0180665
-0.0082345
-0.0127281
-0.0117916
-0.0206188
-0.0304719
-0.116393
-0.00123012
0.0703002
-0.0640429
-0.0632883
-0.0520456
-0.0699017
-0.0772197
-0.0799597
-0.0688795
-0.0212511
-0.234969
-0.162641
0.121569
-0.211564
-0.18339
-0.161894
-0.159248
-0.167398
-0.179309
-0.00991313
0.00186926
-0.0078083
0.00417508
-0.00310428
0.00778018
0.0138976
-0.00478893
0.0159643
-0.00788313
0.167485
-0.120999
-0.1692
-0.156597
-0.0588156
-0.0883596
-0.0913278
-0.104957
-0.0995989
-0.0882782
0.0600725
0.0285106
-0.271265
-0.030777
-0.133339
-0.119567
-0.128329
-0.128456
-0.123261
-0.144797
-0.137891
-0.064228
0.0730111
-0.0419711
-0.120542
-0.0998885
-0.0937578
-0.0979513
-0.105836
-0.100654
-0.0467319
0.0491321
-0.0155951
-0.0112412
-0.0148051
-0.0047653
-0.00823829
-0.00967686
-0.00339477
0.00765134
-0.217079
-0.10668
0.169773
-0.197536
-0.105693
-0.16612
-0.17035
-0.169866
-0.150204
-0.146044
-0.297696
-0.250098
-0.00603398
0.0631626
-0.236927
-0.213308
-0.202767
-0.214462
-0.214072
-0.195615
-0.0271681
0.0180159
0.0013524
0.019375
-0.0162897
-0.00778031
-0.008065
-0.0147265
-0.00563887
-0.0121549
-0.0339944
0.00539082
0.0182069
-0.0404423
-0.0267774
-0.0289347
-0.035769
-0.0309543
-0.0421271
-0.0323229
-0.116516
0.196136
-0.175372
-0.0406072
-0.146023
-0.118174
-0.119158
-0.122379
-0.118391
-0.119864
0.22424
-0.104615
-0.218727
-0.157464
-0.0635043
-0.0772665
-0.0643018
-0.0508057
-0.0908741
-0.0724502
0.203059
-0.0857604
-0.175025
-0.187708
-0.0766972
-0.0862932
-0.0921811
-0.0943367
-0.0980989
-0.0887251
-0.147012
-0.0374283
-0.0525873
0.0777149
-0.0660562
-0.0283384
-0.0655387
-0.050988
-0.0401908
-0.0580236
-0.0981749
0.278855
-0.106076
-0.0579155
-0.114137
-0.0581778
-0.067145
-0.0762653
-0.0567172
-0.0476926
-0.0382078
0.166845
-0.0703907
-0.164267
-0.134265
-0.107978
-0.088387
-0.094992
-0.0734477
-0.0999441
0.162259
0.0154417
-0.208859
-0.174511
-0.0828338
-0.0705559
-0.0630931
-0.0678352
-0.0703871
-0.0799985
0.174337
-0.06274
-0.179525
-0.089329
-0.0279649
-0.0369251
-0.0610699
-0.064893
-0.0608023
-0.062431
-0.130656
-0.121366
-0.111154
0.0802236
-0.215484
-0.139152
-0.127715
-0.121446
-0.140199
-0.126789
-0.0998237
-0.0109156
0.0411643
-0.0334528
-0.0624375
-0.0385652
-0.0475534
-0.030516
-0.0379731
-0.0235958
-0.0305009
0.0190304
-0.0115025
0.0151527
-0.00181279
-0.0100671
-0.00592609
0.00829511
0.001927
0.00390234
-0.0206341
-0.120663
0.150132
-0.0409211
-0.0300267
-0.0447954
-0.0451557
-0.0558917
-0.040092
-0.0489318
-0.248106
0.0729589
-0.00510015
-0.244411
-0.265981
-0.241249
-0.257388
-0.258677
-0.244783
-0.253615
-0.0544315
0.0834658
-0.0408604
-0.00464504
-0.0162171
-0.00804196
-0.0225683
-0.00244115
-0.0086099
-0.0143243
-0.11198
-0.129544
-0.0542267
0.106745
-0.0832178
-0.090375
-0.0648125
-0.0641565
-0.0721721
-0.069509
0.125943
-0.0339663
-0.148683
-0.124393
-0.0779698
-0.0947961
-0.0727145
-0.10918
-0.0885532
-0.0784362
-0.0247742
-0.00797189
-0.00524802
-0.00470111
0.00662496
-0.00778829
0.0150708
-0.00963447
0.00446147
-0.010565
-0.241998
-0.173818
-0.0830343
0.172907
-0.199807
-0.113281
-0.0972617
-0.118859
-0.106851
-0.120121
0.0195363
-0.090095
0.0560452
-0.0794781
-0.0727544
-0.080135
-0.0708578
-0.0863295
-0.0752529
-0.0715007
0.00164709
0.0107373
-0.00413541
-0.00684573
0.0160628
-0.00437375
-0.0125541
-0.00119793
0.010445
-0.00363304
-0.158457
-0.157915
-0.114135
0.172674
-0.122794
-0.0909468
-0.0867249
-0.0944363
-0.088052
-0.0946968
-0.0253134
0.161917
-0.119239
-0.0735006
-0.109793
-0.0761068
-0.0660264
-0.07843
-0.0747207
-0.0714612
0.0769584
-0.0599977
-0.0255261
-0.0752816
-0.0154456
-0.0165146
-0.0117975
-0.0064853
-0.020174
-0.00317304
-0.0228649
0.0140751
0.0117785
-0.0128213
-0.00720317
-0.00957773
0.00244933
-0.0104487
0.00200308
0.000771749
0.0319983
-0.169627
0.0400889
-0.177181
-0.0974438
-0.126077
-0.127912
-0.134508
-0.113438
-0.106672
-0.0889139
0.19687
-0.14809
-0.106948
-0.131129
-0.109974
-0.10965
-0.106748
-0.111538
-0.115988
-0.159304
-0.172009
-0.111248
0.196528
-0.129212
-0.0818324
-0.0948005
-0.0849509
-0.0882068
-0.0828024
0.116057
-0.0483124
-0.107612
-0.16989
-0.028169
-0.0548441
-0.0440402
-0.0514569
-0.0535875
-0.0392545
-0.0586809
0.0535155
-0.0811325
-0.0392207
-0.110847
-0.0519582
-0.0329444
-0.0437092
-0.0407321
-0.0506739
0.19133
-0.0846606
-0.154226
-0.0547196
-0.0514651
-0.0601111
-0.0734253
-0.0651057
-0.0620321
-0.0517723
-0.103008
-0.207785
-0.17385
-0.44352
0.041054
-0.258496
-0.245835
-0.248265
-0.256428
-0.265972
-0.162557
-0.0357987
0.151764
-0.159302
-0.075897
-0.0725534
-0.0838727
-0.0913135
-0.0882211
-0.0832541
-0.171696
-0.168001
-0.145701
-0.171435
0.169852
-0.116508
-0.145303
-0.121427
-0.113148
-0.131402
-0.266622
-0.0123284
-0.255579
-0.198057
0.0202478
-0.205474
-0.20335
-0.20516
-0.197028
-0.202595
-0.0600716
0.241054
-0.137613
-0.0086889
-0.174634
-0.0466377
-0.0407353
-0.0516519
-0.0408195
-0.053169
0.191068
-0.153788
-0.16529
-0.174948
-0.0428189
-0.0973203
-0.102367
-0.103109
-0.0969673
-0.0899555
0.00257142
0.0375006
-0.0185817
-0.00672924
-0.0194957
-0.0170057
-0.0154648
-0.014888
-0.0178324
-0.00405477
-0.200532
-0.129557
0.165725
-0.0776602
-0.0753073
-0.109855
-0.131246
-0.105639
-0.0977764
-0.105697
-0.177957
-0.0370178
0.101732
-0.216375
-0.0854319
-0.121047
-0.138812
-0.144923
-0.141793
-0.129594
-0.014894
0.0649
-0.0247492
-0.0293226
-0.0728347
-0.0337583
-0.0300779
-0.0386191
-0.0362514
-0.0416968
-0.231544
-0.0208974
-0.211081
-0.188318
0.0558936
-0.165879
-0.169542
-0.160705
-0.154452
-0.148753
-0.0953681
-0.056208
0.0118955
-0.0262057
-0.072289
-0.0916162
-0.0884464
-0.0666766
-0.0852911
-0.0826203
-0.0320014
-0.0199626
0.0390486
-0.0372433
-0.0327736
-0.0434718
-0.0376267
-0.0512554
-0.0390052
-0.0399859
-0.257134
-0.0550886
-0.141928
-0.0844166
-0.15772
-0.215422
-0.193048
-0.210959
-0.211442
-0.218214
0.104786
-0.0858822
-0.155456
-0.0782485
-0.0162925
-0.0490021
-0.052716
-0.0569431
-0.0413549
-0.0512991
-0.136217
-0.219209
0.0688959
-0.20505
-0.163568
-0.221982
-0.228391
-0.218587
-0.218483
-0.233155
-0.135123
-0.165892
-0.161866
0.222176
-0.15047
-0.0668786
-0.0655277
-0.0823179
-0.0738063
-0.0670144
-0.0381336
0.0402564
-0.00240123
-0.00190127
-0.0136617
0.0107384
0.0150238
-0.00174559
0.00502677
0.00113853
-0.0335991
0.0266933
-0.0221445
-0.0234975
-0.00793435
-0.021511
-0.0269382
-0.0201334
-0.0213077
-0.0143703
0.0120547
-0.196873
-0.150095
-0.203203
0.182138
-0.070726
-0.0675135
-0.0686932
-0.0733741
-0.0554609
-0.0688453
-0.141107
-0.0853876
0.151775
-0.114671
-0.0722603
-0.0683867
-0.0584775
-0.0642868
-0.0795911
-0.164541
-0.188206
-0.144616
0.226374
-0.160538
-0.104172
-0.105355
-0.0915316
-0.124757
-0.0977841
-0.147438
0.167498
-0.152272
-0.0421547
-0.136227
-0.146165
-0.135753
-0.118978
-0.122568
-0.114812
0.0519184
-0.159263
-0.0218576
-0.213197
-0.123625
-0.170126
-0.179044
-0.148442
-0.156179
-0.150003
-0.169953
-0.0972778
-0.193662
-0.138333
0.119032
-0.126498
-0.132343
-0.12469
-0.141334
-0.130751
-0.027544
0.0469637
-0.0082849
-0.00742873
-0.0317314
-0.0124331
-0.0120389
-0.0140888
-0.0159751
-0.0217032
-0.0622363
-0.00997749
0.0415008
-0.0233356
-0.0395436
-0.0459886
-0.0277885
-0.0189927
-0.0448659
-0.0207849
-0.118424
0.24295
-0.122727
-0.0866643
-0.0994174
-0.0879294
-0.0858023
-0.0992654
-0.0982865
-0.0935587
0.142886
-0.0259097
-0.110625
-0.148583
-0.032965
-0.057183
-0.0564011
-0.0674242
-0.0426197
-0.0567521
0.000796708
0.0355413
-0.0173538
-0.0184445
-0.0212001
-0.00588972
-0.0309423
-0.0136253
-0.00675794
-0.0325645
-0.00930249
0.00424363
0.0176912
0.00576701
-0.00419311
-0.0158041
-0.0214578
0.012114
-0.00959797
-0.012809
-0.1886
-0.173254
-0.0773881
0.117561
-0.174233
-0.105976
-0.116791
-0.110444
-0.114203
-0.116041
-0.113706
-0.00693709
0.0199016
-0.0808863
-0.0690106
-0.085718
-0.0766861
-0.0605023
-0.0650173
-0.0670582
0.0766776
-0.0820465
-0.0589458
-0.00690453
-0.0507658
-0.0737927
-0.0474779
-0.0782115
-0.0597643
-0.0642146
-0.0995011
0.219866
-0.0630922
-0.0440797
-0.124604
-0.0293968
-0.055832
-0.0504999
-0.0595105
-0.0587274
-0.0594203
0.135339
-0.0635011
-0.102133
-0.072239
-0.021447
-0.0127095
-0.0237894
-0.0347036
-0.0249821
0.144501
-0.00902192
-0.206588
-0.186
-0.0517581
-0.0553964
-0.0471403
-0.0525996
-0.0455577
-0.0531143
-0.122925
0.293899
-0.165677
-0.108979
-0.171594
-0.0982513
-0.0912045
-0.0989325
-0.0857893
-0.0904167
-0.0453954
0.202548
-0.124955
-0.0725881
-0.183923
-0.0541248
-0.083321
-0.0538491
-0.0792664
-0.0632447
-0.233215
0.0230162
0.0512978
-0.179988
-0.13964
-0.180635
-0.168942
-0.164194
-0.145738
-0.17267
0.109725
-0.0145261
-0.210129
-0.123728
-0.122405
-0.133436
-0.143075
-0.128173
-0.143566
-0.134897
-0.166534
-0.212851
-0.062149
0.11851
-0.18216
-0.112369
-0.125348
-0.113631
-0.118932
-0.131536
-0.000144099
0.0404494
-0.00452613
-0.026923
-0.0186302
-0.0216951
-0.0220849
-0.0204634
-0.0354907
-0.0377804
-0.0763413
0.0367432
0.00628978
0.00430222
0.00889596
0.000931094
-0.0103086
-0.000891254
-0.0076323
-0.026596
-0.238452
-0.147639
-0.00514236
0.00681038
-0.135633
-0.119581
-0.116119
-0.117518
-0.111891
-0.112558
-0.197569
-0.070228
0.146128
-0.0557751
-0.0550234
-0.0537089
-0.0606602
-0.0575486
-0.045337
-0.0554927
-0.192058
-0.137817
-0.183572
-0.125383
0.144306
-0.13903
-0.131232
-0.14171
-0.137835
-0.141728
0.0106503
-0.111845
0.077023
-0.0600616
-0.0865384
-0.0708797
-0.0868965
-0.0703892
-0.0917543
-0.0825202
-0.11278
0.172127
-0.137474
-0.0435297
-0.215952
-0.117381
-0.119831
-0.102642
-0.111772
-0.103625
-0.00631478
-0.18853
-0.166764
0.00785647
-0.190437
-0.173075
-0.171365
-0.185176
-0.162233
-0.185259
-0.0403878
0.0590956
-0.00033357
-0.00969311
-0.00301197
0.000708141
0.000598374
-0.00694336
0.0269467
0.00703616
-0.0138816
0.0559802
-0.016574
-0.0460564
-0.0395769
-0.0418645
-0.0304256
-0.0317047
-0.0330697
-0.0219815
-0.209511
-0.16472
0.23334
-0.18099
-0.057162
-0.0947118
-0.0910667
-0.0963544
-0.114031
-0.0974621
-0.0751129
0.0849552
-0.0263482
-0.0229306
-0.0332007
-0.0238288
-0.018019
-0.0186166
-0.0336562
-0.032243
-0.040675
0.00281141
0.023477
-0.06327
-0.0739597
-0.0735829
-0.0667121
-0.0694551
-0.0562273
-0.0767213
-0.188912
-0.0581049
0.114246
-0.114035
-0.0875568
-0.0810165
-0.0757495
-0.0795498
-0.0758682
-0.0924018
-0.249713
-0.133893
-0.138095
-0.348954
-0.0168638
-0.272544
-0.272154
-0.287961
-0.278703
-0.282597
0.0820192
0.0395977
-0.319395
-0.0718684
-0.0949138
-0.110729
-0.113817
-0.132908
-0.134773
-0.147851
-0.047293
0.0515282
-0.0191642
-0.0110959
-0.00756373
-0.0394772
-0.0235331
-0.0146434
-0.0251892
-0.0276826
-0.000697718
0.00195748
-0.000973314
-0.0101805
-0.0167948
-0.0147655
-0.00950493
-0.0127746
-0.0264092
-0.0143249
-0.0396633
0.265648
-0.109614
-0.0850225
-0.157904
-0.0668111
-0.0522392
-0.0562911
-0.035525
-0.0706822
-0.129486
-0.105987
0.126805
-0.106628
-0.0521174
-0.0793446
-0.0911276
-0.0718747
-0.0904081
-0.0845347
-0.0141297
0.0447746
-0.00595202
-0.0175698
-0.0213626
-0.00784849
-0.00923483
-0.0117461
0.000621292
-0.0313467
-0.0832898
-0.0112847
0.0386298
-0.0473722
-0.0333192
-0.0530303
-0.0414595
-0.0526482
-0.0367178
-0.0497448
0.106152
-0.104786
-0.102102
-0.20717
-0.105617
-0.141462
-0.119425
-0.126408
-0.139185
-0.133876
0.209762
-0.0951075
-0.142668
-0.101943
-0.0544321
-0.058586
-0.06117
-0.0702924
-0.0718746
-0.0680888
-0.187396
-0.0625105
0.107147
-0.0843243
-0.0939042
-0.108618
-0.102709
-0.0932952
-0.0824377
-0.0959176
-0.0967264
-0.354086
-0.134201
-0.324717
0.102887
-0.222295
-0.220039
-0.211323
-0.213777
-0.206739
-0.0276594
0.0872432
-0.0416806
-0.0413334
-0.0678215
-0.0570493
-0.0316656
-0.0397912
-0.054305
-0.03616
-0.14933
-0.0634136
0.125771
-0.127769
-0.0635682
-0.0675551
-0.0717313
-0.0722418
-0.0873079
-0.086058
-0.140733
0.191986
-0.144257
-0.100444
-0.126533
-0.125741
-0.125836
-0.138425
-0.127284
-0.142269
0.00396261
0.00107478
-0.0114896
-0.0149882
-0.00673694
-0.000171959
-0.0106184
-0.0132227
-0.00756652
0.00270717
-0.11777
-0.186936
-0.126815
-0.0816554
0.204204
-0.0493421
-0.0729353
-0.0638534
-0.0739689
-0.0783687
-0.281977
-0.151025
-0.11314
0.11114
-0.265169
-0.167857
-0.15926
-0.148129
-0.162959
-0.171089
0.149933
-0.0833765
-0.117037
-0.241356
-0.0536214
-0.0724577
-0.0789123
-0.07049
-0.0752401
-0.0744501
-0.178242
-0.203762
0.070594
-0.223214
0.124814
-0.119523
-0.0980028
-0.0903686
-0.11101
-0.122017
-0.0321926
0.00412642
-9.11902e-06
-0.0183079
-0.0519426
-0.0305284
-0.0489608
-0.0244932
-0.0312323
-0.0491264
0.14485
-0.0469553
-0.133188
-0.112405
-0.0512828
-0.0605587
-0.0561865
-0.0624711
-0.0692722
-0.0588627
0.0157754
0.019745
-0.0512545
-0.0459652
-0.0509641
-0.0502338
-0.0330663
-0.0420298
-0.0620203
-0.0564842
-0.125076
-0.155289
-0.106238
0.135252
-0.138302
-0.0732701
-0.0727006
-0.0885273
-0.0615257
-0.0799821
-0.236155
-0.0348025
-0.211728
-0.191891
0.0842801
-0.204692
-0.19716
-0.214169
-0.194264
-0.192473
-0.0492415
-0.0847696
0.0458581
-0.0918893
-0.109893
-0.126482
-0.129411
-0.103646
-0.112213
-0.124971
-0.0050363
-0.000640237
0.0242077
-0.00346956
0.000166683
-0.00263276
-0.00937666
-0.00126649
0.00626605
-0.0050523
-0.0586296
-0.0831482
0.0985434
-0.0770523
-0.031387
-0.0494941
-0.0367146
-0.0580755
-0.074201
-0.0661441
-0.00289168
-0.00121566
-0.00186485
0.0112883
0.00250013
0.0159232
-0.000924952
-0.00983195
0.0235208
-0.00427101
0.000489313
-0.189549
-0.02639
-0.173079
-0.164101
-0.188179
-0.188306
-0.189859
-0.187572
-0.202978
-0.176997
-0.105384
0.16642
-0.150788
-0.101179
-0.134864
-0.13231
-0.118106
-0.135941
-0.122457
-0.000921637
0.0156066
-0.00952476
-0.000735916
0.00233306
-0.00932933
-0.0162363
0.00553013
-0.00894307
-0.0248712
-0.0190247
-0.0777008
0.0229121
-0.123338
-0.123776
-0.142943
-0.136542
-0.128433
-0.125104
-0.119956
0.179019
-0.044468
-0.207345
-0.0881492
-0.0472005
-0.0818261
-0.0712416
-0.0867256
-0.0866446
-0.0853621
-0.0316209
-0.00887465
0.0137056
-0.0212127
-0.0139632
-0.0413204
-0.0257856
-0.0207728
-0.0278525
-0.0258919
-0.197815
-0.10845
0.168229
-0.161787
-0.105259
-0.108265
-0.106607
-0.120559
-0.129746
-0.117253
-0.0389286
0.0124136
0.0156203
-0.0276259
-0.0111166
-0.0260859
-0.0212563
-0.0148437
-0.0214643
-0.0230628
-0.2006
-0.169159
0.15464
-0.131727
-0.087525
-0.129725
-0.131414
-0.107256
-0.128291
-0.125596
0.0505632
-0.194787
-0.137826
0.0169147
-0.0907091
-0.120287
-0.124202
-0.143523
-0.142733
-0.129343
-0.0760391
0.288728
-0.161966
-0.104804
-0.200412
-0.115174
-0.114149
-0.105453
-0.114771
-0.104722
-0.120679
-0.036725
0.0383718
-0.0702689
-0.0855725
-0.0704843
-0.0678711
-0.08156
-0.0726651
-0.0885307
-0.0202657
-0.223817
-0.172191
0.093991
-0.217886
-0.183005
-0.2056
-0.219481
-0.217025
-0.202774
-0.0735342
-0.00915089
0.0336486
-0.0552488
-0.0546719
-0.0553699
-0.0596958
-0.0539465
-0.0500304
-0.0433063
-0.123135
0.198767
-0.12221
-0.106916
-0.179128
-0.110839
-0.116314
-0.104137
-0.110873
-0.112719
-0.106313
-0.150379
-0.196189
0.197807
-0.124166
-0.0793257
-0.0795392
-0.0823442
-0.0807242
-0.0689631
-0.0746814
0.0227078
-0.0139862
-0.0579715
-0.0533487
-0.0571564
-0.0573378
-0.0649581
-0.058994
-0.0586793
-0.161653
-0.0993854
-0.0876028
0.13152
-0.0538224
-0.055492
-0.0728668
-0.0584287
-0.0655734
-0.0741088
-0.00487684
-0.00219122
0.012882
-0.00696892
-0.0151908
0.00833106
-0.0145756
-0.0119185
-0.0169805
-0.0168452
0.118612
-0.0494094
-0.135527
-0.0728153
-0.0426085
-0.0600747
-0.0618992
-0.0688986
-0.0720518
-0.0734081
-0.0885862
0.151833
-0.0460318
-0.0688609
-0.128234
-0.0391276
-0.025564
-0.0373644
-0.0435803
-0.0268244
-0.136457
-0.09989
0.202711
-0.150058
-0.0655271
-0.0789816
-0.0557488
-0.0946998
-0.0748128
-0.0996657
0.0173267
-0.00555919
0.00104843
-0.0026105
0.0100633
-0.0253696
0.0217324
-0.015156
0.000635018
-0.00867503
-0.0940204
-0.00467293
0.0421999
-0.0690672
-0.0850139
-0.0757299
-0.0741546
-0.0748256
-0.0749407
-0.0821129
-0.22931
-0.125488
0.151326
-0.126277
-0.137083
-0.12037
-0.125901
-0.127566
-0.129266
-0.129585
-0.113098
0.0309001
-0.357727
0.0158001
-0.216387
-0.164678
-0.167948
-0.147466
-0.171343
-0.155862
-0.249844
-0.175677
-0.0799781
0.115884
-0.167051
-0.112943
-0.114429
-0.131867
-0.120529
-0.113278
-0.0455445
-0.0354916
0.0416824
-0.00687317
-0.0178087
-0.0229069
-0.00674651
-0.00571619
-0.0323587
-0.000433813
-0.110094
-0.113814
-0.131694
0.183911
-0.136843
-0.0650654
-0.0782734
-0.0669765
-0.0772309
-0.0663032
-0.0175354
0.0508397
-0.00558135
-0.0215907
-0.0273413
-0.0127925
-0.0184164
-0.0192112
-0.0141415
-0.0369317
-0.287581
0.0800688
0.0591561
-0.27295
-0.138607
-0.14539
-0.156269
-0.166274
-0.165596
-0.157818
-0.214369
-0.196395
-0.176197
0.186812
-0.175143
-0.15366
-0.158219
-0.146326
-0.146856
-0.149455
0.17293
-0.133087
-0.182271
-0.132689
-0.0638631
-0.0940362
-0.106033
-0.106912
-0.105136
-0.101233
0.0229262
-0.120928
-0.0802465
-0.281988
-0.13597
-0.187482
-0.207528
-0.199657
-0.178359
-0.200412
-0.0115267
-0.02323
0.0126774
-0.0419987
-0.0425451
-0.0476697
-0.0479291
-0.0363223
-0.0466182
-0.03905
0.000332571
-0.0113923
0.000212803
-0.00583388
0.0267103
-0.00630188
-0.00292227
-0.0243497
-0.00384465
-0.00786679
-0.0879664
-0.189666
-0.217301
0.15495
-0.15773
-0.131301
-0.120782
-0.137603
-0.143309
-0.12823
0.121695
-0.0456325
-0.069488
-0.106304
-0.066731
-0.0709946
-0.0723364
-0.0668615
-0.0503996
-0.0424361
0.0163828
0.0172006
0.00844259
-0.0351618
-0.00453874
-0.0275573
-0.036846
-0.0154106
-0.0295224
-0.0166922
-0.140107
-0.0693061
0.183221
-0.199485
-0.0716475
-0.121212
-0.111217
-0.0986722
-0.112447
-0.117004
0.12923
-0.0105214
-0.0911297
-0.0658857
-0.0136762
-0.0191627
-0.0241165
-0.0092456
-0.0220308
-0.0413702
-0.0794253
0.030012
-0.169438
0.0336943
-0.097817
-0.0729955
-0.0541144
-0.0749288
-0.0582542
-0.0669807
0.0654954
-0.15492
-0.0310729
-0.181896
-0.099464
-0.100866
-0.10963
-0.103398
-0.11536
-0.113923
-0.136084
-0.258272
-0.169887
0.189383
-0.207563
-0.175472
-0.170249
-0.179223
-0.165512
-0.151828
0.152909
-0.117122
-0.17733
-0.120711
-0.000137175
-0.0947916
-0.0935299
-0.0907072
-0.0791296
-0.0889451
-0.146186
-0.174418
-0.134846
0.192984
-0.157809
-0.142795
-0.140785
-0.150486
-0.148255
-0.141364
-0.268763
0.0816281
-0.258099
0.128623
-0.1519
-0.130924
-0.149357
-0.139531
-0.141479
-0.128192
-0.141209
-0.0806777
0.122623
-0.134297
-0.0937421
-0.107214
-0.119813
-0.111174
-0.108728
-0.115856
0.0651154
-0.120188
-0.243326
-0.0130339
-0.0798859
-0.119425
-0.120431
-0.118229
-0.106633
-0.10914
-0.0488642
0.0215438
0.00340391
-0.04449
-0.049539
-0.0413312
-0.0586483
-0.0468603
-0.0458955
-0.0524358
-0.139831
0.223598
-0.108865
-0.0564902
-0.121967
-0.0690209
-0.0678651
-0.06211
-0.0642561
-0.0512942
-0.064229
0.1757
-0.169744
-0.0283995
-0.0941722
-0.098296
-0.0675285
-0.0934051
-0.0889432
-0.0911909
-0.00954457
0.0117275
-0.0172703
-0.0170116
0.0164214
-0.016401
-0.00328584
-0.0170416
-0.00461449
0.00634225
-0.0549043
-0.0224102
0.0454044
-0.0283145
-0.0443502
-0.0322716
-0.0154373
-0.0253371
-0.0165564
-0.0233257
-0.238847
-0.145582
-0.165773
0.130626
-0.099617
-0.106486
-0.118786
-0.123637
-0.120516
-0.109984
-0.105407
0.0912914
0.00344642
-0.0245335
-0.00976271
-0.0174274
-0.018671
-0.0137454
-0.0144055
-0.0117125
0.145061
-0.21095
-0.0465148
-0.120032
-0.1143
-0.136841
-0.115865
-0.103629
-0.119542
-0.121581
0.131614
-0.102169
-0.140027
-0.148815
-0.0744909
-0.114311
-0.111964
-0.107035
-0.115173
-0.118385
-0.221297
0.00861628
-0.237354
-0.153702
0.0324981
-0.195327
-0.189033
-0.185975
-0.197423
-0.195336
-0.14165
-0.168073
0.16877
-0.144454
-0.108336
-0.139075
-0.130479
-0.134122
-0.134674
-0.15094
-0.171083
-0.124803
-0.152559
-0.151013
0.179345
-0.0954533
-0.107314
-0.109927
-0.112552
-0.102174
-0.275625
-0.136064
0.19745
-0.177012
-0.0941535
-0.140435
-0.118336
-0.128927
-0.122871
-0.148747
0.00527534
-0.00704307
-0.0119325
9.34799e-05
0.0164819
-0.00384308
-0.00479151
-0.0140423
0.00541713
-0.00310085
-0.166599
-0.0918044
0.133726
-0.101913
-0.109548
-0.125413
-0.120956
-0.114983
-0.105788
-0.106809
-0.0093716
0.0117714
-0.0122216
-0.00383023
0.00284749
0.00290157
0.000550357
-0.00235275
0.00587696
-0.021599
-0.0754705
-0.207213
-0.152918
0.141753
-0.155823
-0.154599
-0.153664
-0.130954
-0.135377
-0.134274
0.011305
4.01175e-05
0.00258952
0.00336319
0.0128746
-0.0117505
0.0201191
-0.00386383
-0.00946706
-0.00275216
-0.145759
0.28572
-0.145042
-0.089016
-0.174947
-0.0893236
-0.0898399
-0.0741291
-0.0929053
-0.0923391
-0.0572949
-0.185391
0.13595
-0.126593
-0.0419002
-0.0995542
-0.0773299
-0.0806763
-0.0823844
-0.0816383
-0.00580293
-0.0122008
-0.00382756
-0.00609247
-0.000749394
0.0126074
0.0118328
-0.0146391
-0.0241254
-0.0141032
-0.0132737
0.0354723
0.00191231
-0.0246481
-0.000169026
-0.0199275
0.00317445
-0.000651943
-0.00103648
-0.0206141
-0.255076
-0.119081
-0.108647
0.12769
-0.205021
-0.133016
-0.13509
-0.134703
-0.151797
-0.140695
-0.0167833
-0.0202107
-0.0334685
0.0484468
-0.00992435
-0.00451944
-0.00467878
0.00415101
-0.00910916
-0.00411228
-0.21482
-0.0831375
0.176505
-0.197795
-0.0783541
-0.120274
-0.111234
-0.11993
-0.109881
-0.117024
0.155198
-0.043651
-0.145864
-0.173084
-0.0922257
-0.0953075
-0.100861
-0.0983424
-0.107265
-0.111541
-0.341677
-0.278427
-0.144035
-0.0524199
-0.10246
-0.262897
-0.285706
-0.281708
-0.280992
-0.2777
-0.0286822
0.0661497
-0.0238203
-0.0179422
-0.0322844
-0.0199576
-0.0330075
-0.0204655
-0.0206272
-0.0294862
-0.0046467
0.0237227
-0.0132964
-0.0559069
-0.00777913
-0.00875047
-0.0389935
-0.0291253
-0.0111595
-0.0307527
-0.0135326
-0.00811893
0.0133029
-0.0102428
-0.0091506
-0.0141609
0.00264511
-0.0135709
-0.00886146
-0.0106463
0.057625
-0.0157337
-0.0432855
-0.0612663
-0.0138426
-0.0403134
-0.0381292
-0.0359011
-0.0224788
-0.0367146
-0.0643134
0.00282608
0.0148164
-0.0472544
-0.0556608
-0.0362396
-0.044101
-0.0500232
-0.0337111
-0.0333668
-0.00455909
-0.223435
-0.25735
-0.236335
0.133304
-0.137262
-0.143206
-0.136922
-0.127882
-0.139415
0.185094
-0.0997869
-0.172613
-0.156305
-0.0340411
-0.0593676
-0.0758245
-0.0638968
-0.0767978
-0.0798145
-0.335768
-0.215274
-0.327222
0.0508985
-0.00564047
-0.23374
-0.221571
-0.224746
-0.239444
-0.229152
-0.0608179
0.0993311
-0.0120757
-0.00886049
-0.0213249
-0.0135647
-0.0301332
-0.0301172
-0.0183641
-0.017054
-0.100138
0.225351
-0.130164
-0.123264
-0.122019
-0.0685546
-0.078894
-0.0983229
-0.074609
-0.0730067
0.00801472
-0.00395657
-0.0178946
0.0102723
-0.00199435
0.00682326
-0.00494154
0.00217824
-0.0137618
0.0097041
-0.185685
-0.207456
-0.0561704
0.0390886
-0.321596
-0.25743
-0.246843
-0.247272
-0.242974
-0.248322
-0.15641
-0.176971
0.202527
-0.188255
-0.0775112
-0.0946222
-0.093791
-0.120854
-0.110085
-0.101599
-0.0284419
0.208511
-0.10022
-0.0593687
-0.114183
-0.0502491
-0.0753606
-0.0700494
-0.0627817
-0.0698424
0.0402885
0.177248
-0.271879
-0.155562
-0.132206
-0.112757
-0.123011
-0.121817
-0.108549
-0.113377
0.00573112
0.0180906
-0.00925288
-0.0111502
-0.0105521
-0.0417351
-0.0247062
-0.0218137
-0.0251494
-0.0204809
0.124241
-0.0261901
-0.088164
-0.0902985
-0.0431164
-0.0500786
-0.0380654
-0.0550642
-0.0407091
-0.0397088
-0.0207163
0.0271444
-0.00261286
-0.00337522
-0.00711035
0.00805597
0.000742651
-0.00139701
0.00587875
-0.00975695
-0.0738091
-0.187239
-0.168761
0.163548
-0.115447
-0.102513
-0.0929627
-0.10798
-0.114235
-0.103646
-0.118228
0.236575
-0.118338
-0.0808558
-0.0870165
-0.069612
-0.0735017
-0.0530761
-0.0538115
-0.0309028
-0.0465523
0.110957
-0.0598522
-0.0978165
-0.112976
-0.0472348
-0.0457448
-0.0326415
-0.0329952
-0.0473254
-0.20848
-0.119458
0.196134
-0.184837
-0.0719339
-0.132677
-0.12358
-0.0874391
-0.100286
-0.114308
-0.0787542
-0.0357962
0.0760496
-0.0820829
-0.0845762
-0.0772566
-0.0986734
-0.0764927
-0.0898024
-0.0928775
0.0169338
-0.01975
0.0170453
0.0079781
-0.0129443
0.00190658
0.0056685
0.0137289
0.00043433
-0.00917218
-0.108648
-0.154692
-0.16908
0.196141
-0.224924
-0.131877
-0.129665
-0.122092
-0.127008
-0.123696
0.191888
-0.0562233
-0.209858
-0.107669
-0.0402147
-0.0704299
-0.063467
-0.069924
-0.0576956
-0.0646563
-0.277112
-0.0989333
0.235904
-0.213102
-0.0716235
-0.109398
-0.112616
-0.0951299
-0.109609
-0.129686
0.0089403
-0.00185661
0.00245125
-0.00685152
0.00952444
0.00697507
0.00765598
0.00651026
0.00361154
-0.00309335
-0.00916054
0.0721131
-0.00470892
-0.0146525
-0.110733
-0.00596325
-0.0194046
0.00583731
-0.00564311
-0.00913308
0.0426012
-0.161856
-0.0717259
0.0114283
-0.145617
-0.168062
-0.169877
-0.18151
-0.150412
-0.167395
-0.127525
-0.102861
0.140776
-0.0609873
-0.0675514
-0.103657
-0.0886933
-0.0855688
-0.0587382
-0.0835828
-0.0659597
0.238978
-0.092025
-0.0900882
-0.195397
-0.0531992
-0.0558737
-0.0342482
-0.0601544
-0.0596612
0.0998214
-0.107062
-0.0252675
-0.0895067
-0.0322037
-0.0343289
-0.0582833
-0.0572237
-0.0547083
-0.052342
-0.264703
-0.125315
0.18053
-0.207434
-0.0740359
-0.129887
-0.128049
-0.123493
-0.112505
-0.126566
-0.0740157
-0.0274485
0.0570187
-0.0571506
-0.0483939
-0.0576731
-0.0518715
-0.0529993
-0.0282189
-0.0555189
-0.147562
0.258809
-0.129261
-0.134438
-0.139277
-0.112361
-0.107465
-0.103142
-0.109118
-0.126252
-0.0155303
-0.0613059
0.00569216
-0.083072
-0.0472467
-0.0535016
-0.0345632
-0.0474743
-0.0789362
-0.0603962
-0.15535
-0.149707
0.202607
-0.245714
-0.0990118
-0.118414
-0.136802
-0.124431
-0.128368
-0.127388
-0.275248
-0.14836
0.17262
-0.165473
-0.1635
-0.187036
-0.182821
-0.177621
-0.207608
-0.195313
-0.0463849
0.0651778
-0.00936793
-0.0115432
-0.0160533
-0.0304984
-0.03081
-0.0205221
-0.0291637
-0.000704727
-0.195124
0.0426785
0.0740317
-0.126674
-0.130932
-0.13947
-0.135913
-0.125559
-0.130813
-0.122889
-0.0183902
-0.0213692
0.0442489
-0.0109247
-0.0184415
0.00249976
-0.0149937
-0.0196225
0.00158469
-0.0268598
-0.0950956
-0.0583206
0.0122953
-0.170252
0.0118127
-0.0975972
-0.0982794
-0.0955467
-0.124031
-0.0999082
-0.291839
-0.151301
-0.0693694
0.103616
-0.18969
-0.141143
-0.1471
-0.13985
-0.145526
-0.122548
-0.0402807
0.00368047
0.0208635
-0.137771
0.00822701
-0.0305931
-0.0240613
-0.0326901
-0.013017
-0.00690531
-0.0468392
0.0820332
-0.0313929
-0.0375934
-0.0305565
-0.0349341
-0.0298538
-0.0392424
-0.0297383
-0.0343714
0.0457261
-0.0405173
-0.0414372
-0.0409784
-0.00455719
-0.0253264
-0.0207362
-0.0208921
-0.026887
-0.031669
-0.0319936
0.108532
-0.0305315
-0.0950477
-0.0806092
-0.0308412
-0.0354551
-0.0472835
-0.0313904
-0.0270787
-0.207787
-0.0888523
0.178643
-0.184956
-0.114454
-0.128718
-0.139047
-0.113611
-0.129186
-0.13586
0.216901
-0.0836777
-0.187838
-0.158747
-0.0809366
-0.0665333
-0.0954725
-0.102418
-0.0827888
-0.0847784
-0.0207546
-0.106595
-0.0509915
0.0524078
-0.0925477
-0.089686
-0.0844035
-0.0838577
-0.0828874
-0.0627296
-0.192009
-0.10379
0.201877
-0.227355
-0.0863575
-0.123519
-0.118152
-0.129743
-0.134973
-0.129264
-0.0185373
-0.0209704
0.0540013
-0.0471993
-0.0533184
-0.0227294
-0.0615512
-0.0478612
-0.0617057
-0.0447638
-0.0066329
0.000466689
0.00186043
-0.000681688
0.00879506
-0.00551382
0.0182783
-0.00920393
-0.00377002
0.00572041
0.000805325
0.0190523
0.0242983
-0.0183658
-0.0104413
-0.0360075
-0.0195773
-0.0329256
-0.0240732
-0.00895651
-0.128939
-0.0881403
0.167337
-0.168646
-0.0706985
-0.0906996
-0.0856501
-0.0936146
-0.0983026
-0.0935267
-0.147777
-0.114978
-0.150179
-0.130248
0.185387
-0.124163
-0.109692
-0.124947
-0.125224
-0.125801
-0.0182393
0.0534727
-0.0207638
-0.0247055
-0.0161263
-0.0233769
-0.0229872
-0.0146166
-0.0174949
-0.0237077
0.202794
-0.0657484
-0.159863
-0.125167
-0.0583215
-0.0804185
-0.0692579
-0.0767008
-0.0854873
-0.0898838
-0.171348
-0.0715587
-0.20241
-0.142185
0.140937
-0.146906
-0.157094
-0.150748
-0.141938
-0.142244
-0.0799892
-0.0259572
0.0479371
-0.0609855
-0.0486155
-0.0520118
-0.0391621
-0.0490444
-0.0577248
-0.0599567
-0.17094
-0.0949831
0.145027
-0.116553
-0.0808075
-0.116107
-0.106561
-0.0970186
-0.0886551
-0.0965311
-0.0305155
0.00616219
0.0177745
-0.000968209
0.0133108
-0.0273552
-0.000126429
-0.00877329
0.00623477
-0.0159508
-0.00149176
-0.029266
-0.000431857
-0.00716235
-0.00519984
-0.00800444
0.00144301
-0.0215936
0.00478701
-0.00124539
-0.0412836
-0.0208481
0.0263193
-0.00741853
-0.013293
-0.0097664
-0.00578296
-0.0159793
-0.0163043
-0.03341
-0.171624
-0.198828
-0.122283
0.0770158
-0.297136
-0.216793
-0.226017
-0.212677
-0.220381
-0.215159
-0.0535885
0.099874
-0.00363829
-0.0295939
-0.0217313
-0.0206503
-0.0140135
-0.0295914
-0.0402935
-0.0226576
0.148759
-0.0269275
-0.160451
-0.0811982
-0.0166066
-0.0436345
-0.0412592
-0.0542717
-0.0482889
-0.0474888
0.0096875
0.0136166
-0.00746772
-0.00544694
0.00436339
0.0100038
-0.0214782
0.00580645
-0.00755808
0.00628725
-0.121722
-0.0587967
0.0818337
-0.109838
-0.110948
-0.0914781
-0.104106
-0.109411
-0.0993551
-0.113368
-0.142842
0.261271
-0.103917
-0.0742443
-0.15172
-0.0827467
-0.0788455
-0.0831728
-0.0784139
-0.102506
-0.0594823
0.00222207
0.0402108
-0.0444496
-0.0454706
-0.0536923
-0.0316784
-0.028218
-0.0339394
-0.0403836
-0.239107
-0.123439
0.199535
-0.143673
-0.124633
-0.133615
-0.138931
-0.145011
-0.117735
-0.137609
0.0119294
0.00497429
-0.00599926
-0.0251226
-0.0101945
-0.0115577
-0.0105095
-0.0219124
-0.00128621
0.00274977
0.00626913
0.0164132
-0.00741283
-0.0128319
-0.0247045
-0.00784489
-0.00861101
-0.00207225
-0.00946308
-0.0267957
-0.138585
-0.43951
-0.0737045
-0.350317
0.0532727
-0.247331
-0.268853
-0.256203
-0.260648
-0.246085
-0.0906947
-0.0648132
0.0921406
-0.0652614
-0.0792049
-0.0859198
-0.0636387
-0.0574805
-0.0489566
-0.0551262
-0.156406
-0.12052
-0.140179
-0.103375
0.126217
-0.106309
-0.124165
-0.111118
-0.131757
-0.127625
0.0693437
-0.00656215
-0.1046
-0.0695028
0.00203095
-0.0345485
-0.0511314
-0.0269899
-0.0149771
-0.018992
0.00348079
-0.252513
-0.100208
-0.0237336
-0.208259
-0.201905
-0.194243
-0.181649
-0.200331
-0.191176
0.00275556
0.0695747
-0.23606
0.00263422
-0.0915701
-0.0955701
-0.117
-0.0916843
-0.0934446
-0.0878163
-0.159518
-0.0209538
0.114001
-0.103058
-0.0631159
-0.0753309
-0.0713546
-0.0709413
-0.0609895
-0.05883
-0.219131
-0.244735
-0.113404
0.0970515
-0.133281
-0.142732
-0.137873
-0.135288
-0.145491
-0.149681
0.118526
-0.0448361
-0.0918193
-0.107428
-0.0347268
-0.0543031
-0.0369979
-0.0419422
-0.047751
-0.0537564
-0.0781183
-0.0481089
0.0969163
-0.116514
-0.0735541
-0.078209
-0.0689967
-0.0773566
-0.0703825
-0.0692626
-0.0247278
0.0219802
0.00396931
-0.00378199
0.00281317
-0.00624653
0.0018452
-0.0126999
-0.0144259
-0.0148316
-0.134811
-0.0796216
0.14138
-0.151659
-0.0617258
-0.0887217
-0.0570368
-0.0725373
-0.0943633
-0.0623611
-0.063004
-0.0476606
0.0950609
-0.0423101
-0.0444099
-0.0449887
-0.0394404
-0.026924
-0.0316654
-0.0204194
-0.0465807
0.0565994
-0.0156049
-0.0222427
-0.0320425
-0.0283693
-0.033225
-0.0275673
-0.0168958
-0.00611192
0.00379767
-0.0122016
0.00953875
0.0044945
-0.00927442
0.00726581
-0.00205504
-0.00115544
0.0177435
-0.0103239
-0.0223668
-0.0141375
0.00267782
-0.0200628
-0.00081769
0.0149188
0.00359295
0.00758441
-0.0136077
-0.00257954
-0.14861
-0.163862
-0.155253
-0.141882
0.154002
-0.122202
-0.115888
-0.10975
-0.108445
-0.0974864
-0.122506
0.249866
-0.0769312
-0.00703586
-0.0950888
-0.0477766
-0.0287112
-0.0383937
-0.0337447
-0.0359785
-0.0725728
-0.0184048
0.0538161
-0.0427711
-0.0655325
-0.0758883
-0.0825574
-0.0654222
-0.0731574
-0.0556581
-0.301842
0.0647611
-0.181698
-0.0740521
-0.308965
-0.225153
-0.242492
-0.215719
-0.229828
-0.229745
-0.110725
-0.155944
-0.145031
0.190842
-0.142124
-0.11292
-0.124168
-0.11742
-0.125834
-0.0982879