0.00284799
0.00725775
-0.00574871
0.0102084
-0.0212074
-0.0131222
-0.00656585
0.0140114
-0.00185365
0.0153512
-0.00670538
0.00300399
-0.00844875
0.0151293
-0.00423054
-0.00282513
-0.00699382
-0.00886895
-0.0023532
0.00908591
0.00137339
-0.00281112
-0.0108216
0.00346544
0.00674336
-0.00983989
-0.00457585
0.00906783
0.0141788
0.00208691
0.00791913
0.00242206
-0.00891601
0.0192195
-0.00257476
0.0179117
0.00271578
0.00857974
-0.00404185
0.00555133
-0.0126682
0.0117499
0.00415427
0.0166152
0.000861016
-0.00960873
-0.00617491
0.00421753
-0.00239771
0.00960398
-0.000541067
0.000201911
0.0181455
0.0115099
-0.00439923
0.0151313
-0.00767624
0.00824123
-0.00781087
0.00843518
0.0157303
-0.00374475
-0.0164856
-0.00537417
0.0123207
0.0122897
0.0112249
-0.003304
-0.00102985
-0.0173118
0.0205862
0.00975706
0.0120406
-0.00366762
-0.00697058
0.0170571
-0.00276778
0.00408944
-0.00819592
-0.0197895
-0.0138112
0.0107867
0.016625
-0.00400073
0.0201891
0.0110614
0.00681946
-0.00513822
-0.00451981
0.00494316
-0.00431958
-0.0197074
0.00121344
-0.011965
0.00065645
-0.000213937
-0.0216968
0.000543679
-0.00750656
0.0111034
-0.000290455
0.0104545
-0.000216857
0.00537099
-0.00624243
6.90506e-05
0.00319527
0.0109118
0.00227879
-0.013328
-0.00610729
-0.00281281
-0.0211303
0.0124352
-0.000692848
0.00504763
-0.00123685
-0.0140483
-0.0135131
-0.00441937
-0.0159281
0.00566766
0.00443378
0.0194564
-0.0246323
-0.00621188
-0.0199964
0.000625232
0.000739674
-0.0181259
0.0021991
-0.016601
-0.000529353
-0.0205871
0.00380576
0.00223817
0.010862
-0.0039779
-0.0111357
-0.00430904
-0.0131732
-0.0164046
-0.00461052
-0.00288608
0.000695654
0.0120833
-0.00592494
-0.00629243
-0.0132788
-0.0030129
-0.00452847
0.0119999
-0.0103782
-0.00994119
0.0117208
-0.00262291
-0.0102219
-0.00670272
-0.0017639
-0.0094057
-0.00403871
-0.0124414
0.00470742
-0.0196986
0.0206293
-0.00481048
-0.00659822
0.00573732
0.00371105
0.00895728
0.00280444
0.0052486
-0.0107463
-0.000220009
-0.00152816
-0.00494605
-0.0032815
-0.00952798
0.000829566
0.00549709
-0.00205455
0.0025273
-0.00777798
-0.00235781
-0.00387673
0.00994865
0.00136193
-0.0131706
-0.0024325
-0.0102435
-0.0102804
0.00685085
-0.0188502
-0.0105744
0.000972819
-0.00807704
-0.000678668
-0.00931615
-0.00135724
0.00383864
-0.00787227
-0.00424083
-0.00189094
0.00728562
0.0117186
-0.00430858
-0.0115426
0.00669598
0.00892224
-0.00710861
-0.00287374
-0.00489838
-0.00694874
0.00605298
-0.00651955
-0.00923834
0.00399156
-0.00448506
-0.0053853
-0.00847724
-0.00816532
0.0129667
-0.00380279
-0.00607857
-0.00549345
-0.00219349
0.0101649
0.0153784
-0.00898617
-0.035241
0.00462842
0.00604468
-0.00123222
-0.0141925
0.0196898
0.0059543
-0.0102991
-0.00206466
0.00291551
-0.00169477
-0.00851525
0.00831265
-0.00790486
0.0178036
0.00119089
-0.0186135
-0.0011702
0.00410778
-0.00600316
0.00784533
0.00655914
0.0038155
-0.00423743
0.0198851
0.00323851
0.00469804
0.0182129
-0.0114084
0.00145617
0.0150118
-0.00616561
-0.0122548
-0.00352754
-0.00561693
0.00851184
-0.00614941
0.00957302
-0.0109383
-0.010254
0.00392804
0.00268604
-0.0073264
-0.00588047
-0.00398504
-0.00584609
-0.00445774
-0.00269093
0.0135004
-0.00962662
-0.00193956
-0.0169111
-0.00390791
0.00739411
0.00941739
-0.00439552
0.0105193
-0.0048509
0.0070413