-0.00878237
-0.00598626
0.00519485
0.00696096
-0.0149462
0.0112818
-0.00757034
0.00366967
0.0162124
-0.013491
0.00802594
-0.00274863
0.00643564
0.00876882
-0.0221712
-0.00963594
0.0112387
0.00507565
0.00114069
-0.000436244
0.0131337
-0.00321049
0.0105947
0.0057228
0.00888235
0.00946276
-0.00936363
0.00948321
0.00580884
-0.0181014
-0.00684573
-0.0205228
0.00311694
0.0204724
-0.0141075
-0.00266485
-0.0115848
-0.00819025
0.0128116
-0.000810235
-0.00125285
-0.00610053
-0.011416
-0.00690392
-0.00590318
0.012586
-0.0189782
0.00741804
0.0104581
0.00587557
-0.00566439
-0.012618
-0.00049073
0.00356561
-0.0202055
0.0167991
0.00411131
0.0115968
0.00812442
-0.0144316
0.000171985
-0.00523891
-0.00919951
0.00220006
0.0207441
-0.000767182
0.0116875
-0.0136452
0.00316707
0.00925238
0.0146118
0.0170218
-0.00182882
-0.0193506
-0.00426782
0.0099333
0.0197886
-0.0141225
0.0175345
0.000718848
0.00590144
-0.000150485
-0.010771
0.00288561
0.000313596
-0.01811
-0.00373346
0.00120077
0.00120854
-0.0144547
0.00262243
0.00492258
-0.00556128
0.00927164
-0.00817537
-0.0015132
0.0124788
-0.00136816
-0.000328598
0.00323842
0.00236542
-0.00314542
-0.00916735
-0.0103867
0.00502244
-0.019647
-0.00161873
-0.0153325
-0.00417745
-0.000583477
-0.00984201
-0.0101863
0.00334939
-0.00336699
0.0072315
-0.00547765
0.0030044
0.0119013
0.00831693
-0.001098
0.0084328
0.0133418
0.000932238
0.00563395
0.00110486
0.00622629
0.01644
-0.00245422
-0.0142995
0.00527109
-0.00198914
-0.00876944
-0.00512598
-0.00678538
0.0111936
-0.00789561
0.00941907
0.00176794
-0.000696659
0.00543911
0.00547478
-0.0107512
-0.000331561
-0.00614397
0.0114729
-0.00224011
0.00182288
0.0126668
0.0109967
-0.000255003
0.00701664
0.00697033
-0.0045635
0.0123932
-0.000683018
0.00659569
-0.000851572
0.00802601
-0.0106295
0.00399429
-0.0336634
-0.0200224
0.00493207
-0.00293838
0.00990586
0.00838994
0.00270418
-0.00478343
-0.00118027
-0.008859
0.0138375
-0.00281852
0.0111038
-0.000896084
-0.0138371
0.0169677
-0.0150334
0.00281202
0.00232063
0.00162997
0.0115034
-0.00805555
0.0222331
0.00183012
0.0113574
0.00940952
0.00967023
-0.0156145
0.0190267
0.017328
0.00711869
-0.0163182
-0.00432571
0.00513209
-0.0141065
-0.00807764
-0.0139893
-0.0135088
0.00218897
-0.00106888
0.00865978
-0.00600172
0.00909628
-0.0045583
-0.0123401
0.0105692
-0.00580076
-0.00644166
-0.0054199
0.0166323
-0.000215111
0.0018749
-0.00348158
-0.024996
-0.0186335
0.00415167
-0.0109355
-0.00519246
-0.0113387
0.000732663
-0.0100261
-0.00312226
-0.00356082
-0.0244882
-0.000873784
-0.00872819
0.00591971
-0.00991635
0.0139595
-0.00517959
-0.00322452
-0.00616342
0.000549926
-0.0124297
-0.015433
0.009998
-0.0113303
0.00462202
-0.0142043
0.00798586
-0.00530601
-0.0173508
-0.0121788
0.00266859
0.00727866
0.0107979
-0.000394758
-0.00842878
0.00585898
-0.00595983
0.00550106
-0.000115274
0.00567117
-0.00290304
-0.00619843
0.00314738
-0.00454571
0.00490758
-0.00285554
0.0104989
0.00455868
0.0191127
-0.00847906
-0.00648702
0.00311658
0.012074
-0.00288833
0.0195325
0.00528003
-0.00755004
-0.010972
-0.0155033
0.000474965
-0.00876865
0.00224069
0.00676731
0.0191512
-0.00345956
-0.0192919
-0.00406591
-0.00228562
0.00232368
-0.00296981
-0.00342523
-0.0124881
-0.00169857
0.00531886
0.011175
0.0073473
-0.000806621
0.00894763
0.00319724
-0.00139673
-0.0014524
0.0116
0.00871446
0.0136177
0.00735696
0.000551836
0.00598227
-0.00812556
0.0113718
0.000432429
0.0015051
0.00602952
0.00925943
0.00399302
-0.000350885
-0.0051051
0.00104401
0.00215136
0.0229354
0.0124607
0.0179631
-0.000915395
-0.0123456
-0.000606349
-0.0150146
-0.00355256
0.00739575
0.00579344
-0.00514921
-0.000629858
-0.00260867
0.000127951
0.00247483
0.0140692
-0.00304723
-0.00444508
0.0255307
-0.00444858
0.00651215
0.00112351
0.0131078
-0.00411953
0.00619794
0.012884
0.0178263
0.0142094
0.0137848
-0.0114152
0.0185503
0.00751157
0.00659633
-0.00527797
-0.0196417
-0.010574
-0.0125174
-0.0061805
-0.023076
-0.00513313
-0.00249574
0.0140638
0.0100155
0.0180429
-0.00142029
0.02307
0.00912463
0.00705016
0.00277047
0.00711495
0.0178953
0.00295484
-0.00576388
0.00338774
0.0279888
-0.0159788
-0.00722302
-0.00353227
-0.00950283
0.000174718
0.00496872
-0.00680046
0.0196088
-0.00704736
-0.00490386
0.0099589
0.00659722
-0.0141875
0.00237899
0.000794244
0.00806569
-0.0231108
-0.00618826
0.0039253
-0.00798322
0.00512983
-0.0141397
-0.0073379
-0.00572587
0.00252974
0.000675579
0.00639987
0.00855212
-0.00357074
-0.00572401
0.00974126
0.0053494
0.000559519
-0.00010385
0.00413776
-0.00845681
-0.0123828
-0.00187494
-0.00622706
-0.0105433
0.00701036
-0.00772548
0.008864
-0.014157
0.00373594
0.0034517
-0.016989
-0.000398136
0.00761715
-0.0076989
0.0053681
-0.00684589
-0.00122785
0.0106119
0.00312157
-0.00267808
0.00739494
0.0114908
-0.00156033
0.00434679
0.00759545
-0.0138145
-0.00538453
-0.00757058
-0.019995
0.0068575
0.0111166
-0.00123231
0.000198338
0.0190271
-0.0111423
0.0150975
0.000368659
0.000764342
0.00295982
0.0093047
0.00120152
0.000406195
-0.00515825
0.018006
-0.00117403
0.000599802
-0.0188751
-0.00260932
-0.00298762
-0.0183255
0.0226118
0.00794927
-0.00452502
-0.0106398
0.00338298
-0.00150894
0.0119878
-0.00110377
0.0115462
-0.00357857
0.00222161
0.0062537
0.0031918
0.0136552
-0.0111012
0.00552115
-0.0113904
0.00495083
0.0143878
0.00865877
0.00472634
0.00851718
-0.00962729
0.0126582
0.00795057
-0.00579256
0.0104713
-0.0114018
-0.013517
-0.0117249
0.00169701
0.00339453
0.00355036
-0.00299393
0.0171228
0.0118645
-0.00379274
-0.000826
0.00272328
-0.000849678
-0.0117371
0.0106357
0.000147136
0.00330536
0.00942349
0.00205232
-0.00957341
-0.00536403
0.00404971
-0.0121969
0.000821238
-0.00598975
-0.00165282
0.00411043
0.00981507
-0.00459529
-0.00470692
0.0025757
-0.0091201
0.00052549
0.00263138
0.00352663
-0.0209927
0.0118623
0.0182854
-0.00621786
-0.0179345
0.00652287
0.00881337
-0.0172281
-0.000653708
-1.30188e-05
-0.0182085
-0.00812641
-0.00212302
0.00170039
-0.00107271
0.0109528
-0.00336453
-0.00242634
0.00456975
-0.0104794
0.000604272
0.00648578
0.0163015
0.00188721
-0.0145863
-0.00162016
0.00984648
0.00874538
-0.011506
-0.0141735
0.00111531
0.0069656
-0.00325444
-0.00542117
0.00256539
0.00783769
-0.00606809
0.0105176
-0.0121128
0.0124576
-0.00279578
-0.00142244
-0.0093407
-0.00377585
0.00628101
0.00545143
0.0101737
0.0093759
-9.18592e-05
0.00908646
-0.00342076
0.00881049
-0.0120688
-0.01427
-9.26324e-05
-0.0115906
-0.0033334
0.000964116
-0.000256121
0.00420286
-0.0151879
-0.00196177
0.0105369
0.00596478
-0.0207997
-0.0117866
-0.00259276
0.0156067
-0.00182435
-0.00640029
0.00831251
0.000624257
-0.0083312
0.0104595
0.00104406
0.00793403
0.00405609
-0.0207388
0.00071079
0.00277038
0.00304374
0.0198908
0.00452548
0.00455333
0.00150466
-0.0078611
-0.00903517
-0.00266517
0.000510844
0.0036659
0.00730011
0.00983034
0.00342279
-0.00634946
-0.00327071
0.0148114
-0.00504113
-0.00177982
-0.00527411
0.000374049
-0.00800553
-0.00944675
0.00421961
-0.00924841
0.010034
-0.0215402
0.0175044
0.010956
-0.00996662
0.00543092
-1.09676e-05
-0.000804176
0.00168112
-0.00278003
0.0105464
0.000329843
-0.00142978
-0.00798901
0.00866598
-0.00869541
0.00972607
0.000688275
-0.00403232
0.00675225
-0.00809346
-0.0185758
0.00667903
-0.00684433
-0.00957497
0.000982421
0.0123788
-0.00229995
-0.00295396
-0.000849016
-0.00794027
-0.00607742
-0.00289821
0.00564539
0.00706006
-0.00386474
-0.00120161
-0.00555292
-0.0112635
-0.0079259
-0.00853742
0.0232204
0.00740752
0.000126827
0.000528356
-0.00485589
0.000879552
-0.00775568
-0.0073669
-0.0151482
0.00793996
0.000576029
0.0063428
-0.00613888
-0.00920861
-0.00387412
0.013179
0.00559703
0.00251349
0.0180864
-0.0189054
-0.0202037
0.00391523
-0.000449063
-0.00438404
0.0109661
-0.0019184
0.000101631
0.0102678
0.00908886
0.0192836
-0.0090947
0.0118447
-0.0101425
0.0106351
0.0160453
-0.00922669
-0.0140866
-0.012291
0.0048854
0.00483921
-0.000989813
0.00527002
0.0244456
0.00673332
0.00642827
0.0107814
-0.00500247
0.00177427
-0.00380308
-0.00850506
0.00431355
-0.00554457
-0.00226701
-0.0057455
0.0103849
0.00715063
0.00230093
0.00648038
-0.00374088
0.00679771
-0.00523527
-0.00647569
0.0138175
0.00631169
-0.0122847
0.0173198
-0.00675434
-0.0133905
0.00816601
-0.0108367
0.0098701
0.00352152
-0.00167959
0.0110568
-0.0153302
-0.00589175
0.00302493
-2.69637e-05
0.00318038
0.00873832
-0.0190347
-0.00637372
0.0138476
-0.0182169
0.0209183
-0.0147255
-0.00885633
-0.00541391
0.00414117
0.0207002
-0.00647072
0.0105792
-0.0121149
0.00190695
0.0253499
-0.000601488
-0.00975114
0.0162225
0.00275869
0.0152281
0.00263252
-0.00274215
0.00612067
-0.00134248
-0.017245
0.00199468
-0.00850409
0.0110424
0.0181171
2.17439e-05
0.0120212
0.00698231
-0.0140275
-0.000410947
0.000912885
0.00287585
-0.00114931
-0.000164566
-0.00310295
0.00620172
0.0123752
0.0173272
-0.00254698
-0.00785602
-0.00708043
0.00324941
0.0128007
0.00979485
-0.0010888
0.00122799
0.00594352
0.0145792
-0.00029691
0.00121251
-0.00651418
0.00592657
-0.00419422
-0.0185508
-0.00155379
0.005081
0.0104139
0.0124851
-0.0061981
0.00399765
0.0131971
0.00569712
0.00596756
0.0293044
0.0140357
-0.00815617
0.00291832
-0.0125452
0.00192521
0.0113907
0.00205962
0.0116334
-0.0152624
-0.00839881
0.007832
0.0189511
0.00403774
0.0141477
0.00231545
0.00439105
0.00566143
0.00210286
-0.00803226
0.0016032
0.00799764
-0.0121538
0.00586693
0.00517238
-0.0105706
-0.000778507
-0.0115115
0.00336845
0.00918332
-0.00420554
0.00214741
0.0153579
0.00250523
0.00244315
-0.0147965
0.00327398
0.00851736
0.00291745
-0.00927024
0.00525325
0.00792165
0.00401771
0.000595432
-0.00585251
-0.0219466
-0.00907132
0.00782224
-0.00709233
0.0117953
-0.00241934
0.000328141
-0.0184462
-0.000701675
0.00945424
-0.00435774
0.0111708
-0.0125254
0.00448157
-0.0123675
0.00402966
0.0199123
0.0211812
0.00712731
0.00994651
0.00719998
-0.00905222
0.00578156
-0.000116092
0.0217547
0.0072615
0.0109697
0.00799883
0.0104569
-0.00159938
0.00218805
-0.00972281
-0.00825515
0.0119391
-0.0146574
-0.00346884
-0.015409
0.000463706
0.00623358
0.00720325
-0.0136309
-0.0162085
0.00640997
-0.0092757
0.00985479
-0.0163929
0.016419
0.00959762
0.00267397
0.00164001
-0.0119602
0.00198119
-0.00714091
0.000551657
-0.00788146
0.0020667
-0.00870934
0.00498652
-0.0105365
0.0022878
-0.00919558
-0.0169009
-0.00663104
0.00786266
0.00383942
0.0128999
0.0231829
0.00456083
-0.00662652
-0.0208943
0.00162547
-0.00748785
-0.022462
-0.0162321
0.000400049
-0.00180261
-0.0121273
-0.0135405
-0.00618861
-0.00603207
0.00142052
0.0160802
0.010063
-0.00280146
0.0153284
-0.00706696
-0.0150998
0.00471697
0.020111
0.00729703
-0.013469
-0.00352545
-0.0105679
-0.000117244
0.00742901
0.0087228
-0.0110836
-0.0187863
0.00929983
0.015414
0.0188784
-0.0167054
-0.00557487
-0.00974121
-0.0149269
-0.00828933
-0.0137313
-0.00345295
-0.00499523
0.00529097
0.0117192
-0.0071524
-0.006717
0.000684983
-0.0112105
-0.00186497
-0.000677857
0.000698667
0.00875016
0.0075979
-0.0210254
-0.0178747
0.0105856
-0.00127171
0.00873145
-0.00477202
-0.00376877
-0.00429867
-0.00609886
0.0196081
0.00737368
0.00482666
0.0147285
0.00574767
0.007781
-0.000175143
-0.00737562
0.0144786
0.0240243
0.0076652
0.00865093
-0.0119614
0.00156193
0.0069477
-0.0225396
0.00140682
-0.0152316
0.000494931
-0.00886813
-0.0006009
-0.00514556
0.00267841
0.0100366
-0.0145124
-0.00100337
0.0231348
-0.00141953
-0.0136502
0.00330574
0.00680615
0.0037977
0.00278762
0.00414992
-0.0130163
-0.000347281
0.00170932
0.0182969
0.0131512
-0.00669771
-0.000548654
0.0142396
-0.00861415
0.00771621
-0.00934772
-0.00485402
-0.00368385
-0.0148662
-0.00901452
-0.0103157
-0.0235485
0.00250557
0.00471904
0.00190791
-0.000247768
-0.000711624
-0.000591369
0.00087449
-0.0130863
-0.00790934
0.00901094
0.00697165
-0.0158305
0.00918221
0.00344768
-0.00808753
0.00946983
-0.00062115
-0.0169376
-0.0130572
-0.0202483
-0.00134592
0.0101692
0.00277548
-0.0219402
-0.0137644
-0.00372234
-0.00677929
-0.000274403
-0.000268684
-0.00601902
-0.0030549
0.012273
0.00482371
-0.00699185
0.0139348
-0.00519977
0.00775889
0.00732636
0.00786654
-0.00824713
0.0116374
0.0141903
0.00896868
-0.00354033
0.0127843
0.0183549
0.01263
-0.00165468
0.00688565
0.00477022
-0.00513015
0.0067825
-0.000322538
-0.0108758
0.000148839
-0.0183862
0.0020181
0.0123318
-0.0167325
-0.0117989
0.00359901
0.00968633
-0.00267557
-0.0112314
0.00907116
0.0183557
-0.00369757
-0.0359113
-0.00163067
-0.0129765
0.0153808
0.00618301
0.0120642
0.0114193
0.009364
0.00535667
0.00162027
-0.0143887
-0.00716008
0.0172998
-0.0123726
0.00803247
-0.000338971
0.00565709
-0.0153629
0.00424703
0.000248317
0.0021229
0.00236377
-0.00908427
0.00542386
-0.00522327
-0.0064375
-0.000205536
-0.00392344
-0.012512
0.00310397
-0.00698168
0.00357374
-0.00915239
0.0105475
-0.00434251
0.00548903
0.00404834
-0.00112211
-6.61146e-05
-0.0065832
-0.00817516
0.00168105
-0.000774653
0.00142564
-0.00824448
-0.00228267
-0.00547233
0.00308608
-0.00170039
0.00754733
-0.0204414
0.000395836
-0.0170667
-0.0179725
0.00502943
-0.00652697
-0.0108151
-0.00480518
0.00956016
0.00650911
0.0153608
-0.0147214
0.0123972
-0.00388721
0.00379606
0.0192491
0.0111842
-0.00284188
-0.0138453
-0.00476665
-0.0122349
-0.0275178
0.00170603
0.00732205
0.00104311
-0.00391954
-0.0132829
3.99899e-05
0.00563628
-0.00691113
-0.00971411
0.00609141
0.00829601
-0.00751349
0.00605093
0.0132926
-0.00263578
-0.0117871
0.010588
0.00984107
-0.0143437
-0.00494336
-0.00543583
0.00987069
-0.00718092
0.0186197
0.00383524
0.00997916
-0.00671846
-0.00557111
0.00615225
-0.0246065
-0.0108792
-0.00139032
0.00320639
0.0226149
0.000659445
0.000661038
0.00688262
-0.00475635
0.00257231
0.00876154
-0.00117041
0.0070103
-0.0127587
0.00989192
0.0012747
0.00438666
0.00716958
-0.0153118
0.00958184
-0.00906472
0.00101015
0.0141566
0.00281623
-0.0148499
-0.00571998
0.021797
-0.000952582
0.00626892
-0.00108816
0.0148128
-0.000638362
-0.000693666
-0.00340764
-0.00149531
0.00330293
0.00423351
-0.0118637
0.00896725
-0.00165975
-0.00128057
-0.00761538
-0.000343161
0.00799192
0.019732
-0.00229905
-0.00700313
-0.0007716
-0.00522331
-0.00924603
-6.37586e-05
-0.000219281
0.0118877
0.00724434
-0.00804638
-0.008747
-0.000673265
0.016009
-0.00676606
0.00856415
0.000646431
-0.000328951
0.00382011
-0.0210131
-0.00907983
0.00302617
-0.00110629
-0.00976212
-0.00894852
0.00343478
-0.0157224
0.0164685
0.0149539
-0.0141363
0.028528
-0.00200135
-0.005917
0.00355258
-0.0148283
0.00787614
0.0113316
-0.00350693
0.00410535
-0.00932932
-0.000443652
-0.00985064
0.0163471
0.0143351
0.000495245
-0.00579148
-0.00362239
-0.0200288
0.00644419
0.000578076
-0.00305738
0.017297
0.00486823
0.0150263
0.0012017
-0.00675885
0.00593319
0.0269221
-0.0154958
-0.000473636
-0.00645162
-0.00204131
-0.00879584
-0.00990887
0.00554557
0.00848739
-0.00863006
0.00630951
0.00438583
-0.024543
-0.0113527
-0.00295717
0.00826429
0.00246559
-0.00705263
0.00549819
0.00379968
-0.0125021
0.00147808
0.023657
0.00504659
0.0112584
-0.000698131
0.0104225
-0.00458019
0.0116806
0.0191416
0.00387598
0.00256692
0.00367498
0.00335244
-0.00612908
0.0137037
0.0217943
0.00147113
0.0166622
0.00876555
-0.00410615
-0.0129779
-0.0116031
0.00150936
0.0114985
0.00526591
-0.0140771
-0.0107893
0.00482596
-0.0125745
-0.00261101
0.0134713
-0.011476
0.00800052
0.00416613
0.0164495
0.0180693
0.0123935
-0.00254605
0.0153349
0.00470222
-0.00732542
0.0215016
-0.0048265
-0.0152181
-0.00371063
0.0103574
-0.00524143
-0.0155492
-0.00857734
0.0128044
-0.0221629
0.0109944
0.00313771
-0.00362226
0.0108923
-0.000274123
-0.0146646
-0.00485674
-0.00149071
0.00691014
0.00987324
0.00139437
0.00302089
0.00140109
0.00313053
0.00930929
0.00751102
0.00352456
-0.0015375
0.00290673
0.00744679
0.0294485
-0.0102316
0.00809784
-0.0103459
-0.00021677
0.00777036
0.00221137
-0.014833
0.00298006
0.00374517
-0.00815976
-0.00881365
0.00570911
0.00098532
-0.00936968
-0.00788689
-0.00869005
0.00471528
0.00379801
-0.00271961
0.00253153
0.0305303
-0.00912609
0.0137792
0.0167036
-0.00270015
-0.00670032
-0.00713261
-0.0150289
-0.000206136
0.00763978
0.0151392
-0.00871438
-0.00865189
-0.00225715
0.000875901
-0.00368125
-6.26762e-05
-0.00227711
-0.00228853
0.00343408
-0.0314665
0.00248565
0.00125732
0.00356249
-0.00285209
-0.0048712
-0.0154764
0.00254026
0.00361082
0.0125632
0.00171465
0.0137295
0.0117471
-0.00182287
-0.00888724
-0.0192848
0.00565853
-0.0153702
-0.00791594
0.00499442
-0.00382162
-0.00828111
0.00603511
0.00101687
-0.00283907
0.014979
-0.00407232
0.0204864
-0.00559959
-0.0126327
-0.00529649
0.00918359
0.0119211
0.0221175
-0.0163216
0.0127106
0.000150594
-0.00575565
0.00077397
-0.00504797
-0.0134288
-0.0119634
-0.00992034
0.000549652
0.0113655
0.00550652
-0.00614907
0.00662705
-0.00318272
0.0159867
0.00220141
-0.0221245
0.00806328
0.00678635
-0.00290607
-0.00238421
0.0102598
-0.0140076
0.0028685
0.0113971
0.00859202
0.00123457
-0.0116975
-0.000810738
0.00560036
-0.0129557
-0.000836603
-0.00528731
0.00192134
0.00822949
0.00132803
0.0022934
-0.0131768
-0.0109963
-0.0166258
0.0119843
0.0105731
-0.0122732
-0.00366394
0.00988335
-0.00858127
0.0101712
-0.00695905
0.00789694
-0.00295424
0.00706733
-0.00692838
-0.00033452
0.0251727
0.00385564
-0.00155659
0.00475337
-0.000527519
0.0219739
-0.020863
-0.00637517
0.0131398
0.0053765
0.00144965
0.00512415
-0.0135388
0.0016057
-0.0162025
-0.0118552
0.0262854
-0.00661125
-0.00692244
0.00715221
-0.00267937
-0.00526939
0.00818497
-0.00442141
0.0102904
0.00566434
0.016062
0.00816247
-0.0061115
0.0160354
0.00021001
-0.0159209
0.0166756
0.00256344
-0.0225109
-0.00757997
0.0299273
-0.00530876
-0.0105838
-0.00183018
-0.000142454
0.0114918
0.0057941
-0.014734
0.0128299
0.0043338
-0.00203507
0.0124854
0.00157191
-0.0148668
0.00613163
-0.0142985
0.00745971
-0.00976545
0.0083233
-0.00906058
-0.0115322
0.0292595
-0.00526648
-0.00902643
0.00191917
0.0114489
-0.00221919
0.00464988
-0.00168796
0.0155394
-0.00131299
0.0147642
0.0124563
-0.00618569
-0.0119495
-0.00455287
-0.0144097
0.015215
-0.0142925
-0.00966244
7.20942e-05
-0.000658804
-0.0113911
-0.0084629
0.00369175
-0.0135118
0.00836472
0.00469017
0.000504706
0.0119298
0.00903558
0.0215214
-0.00369815
0.000757892
-0.00199615
-0.0133906
-0.00491808
0.00427989
0.00452431
0.0106084
-0.0144281
-0.00391365
-0.00655285
0.00213721
0.00192774
-0.00203424
0.0254138
-0.01599
-0.0155267
0.0129923
-0.00797931
0.00699304
-0.00303669
-0.014599
-0.0257324
0.0122869
-0.00147984
-0.000189358
0.0143194
-0.0117658
0.00489529
0.00409926
0.0304246
0.00637486
-0.00451186
-0.00139078
0.00380723
0.000985454
0.0170098
-0.0167885
-0.00717927
-0.00111977
-0.00971395
0.000338185
0.00705939
-0.0160614
-0.0148473
0.00471599
0.016527
-0.000480115
0.000478983
0.000451664
-0.0088685
0.00275053
0.0105502
0.00735128
-0.0117227
-0.00109303
-0.0039474
0.0066921
0.0128229
0.00933316
-0.00749954
-0.0196476
-0.00567508
-0.0125731
0.00495738
-0.00744057
-0.000888396
0.00387729
-0.0020588
-0.0126529
0.00659626
-0.0176194
0.00333684
0.00942803
-0.00703306
0.00113482
0.000291616
-0.00077645
-0.00797023
0.0118526
-0.00135347
0.0180123
-0.00771888
0.00209132
-0.016949
-0.0131688
-0.012367
-0.00194557
0.0112656
-0.00217636
0.036764
0.00937878
0.010859
0.00149512
0.00617502
0.0121051
0.00674418
0.00346072
0.00179203
-0.0144223
0.00777864
-0.00108728
-0.000832817
0.00981631
-0.00146227
0.0149604
-0.0177344
0.00724915
0.00554896
0.00331254
-0.008329
-0.0118376
0.00510695
-0.00458009
-0.0108366
0.00517092
-0.000504727
0.00920538
-0.0138007
0.0197943
0.00325288
-0.00306448
-0.0115385
-0.00598351
0.0103174
-0.0115182
0.00762305
-0.0145898
0.0144776
0.00278404
0.000896381
-0.00345734
0.0117409
-0.00262754
0.0132759
-0.00282759
-0.00592537
-0.0122871
-0.0154514
0.00842459
0.00478107
-0.00653823
0.00909655
0.00594584
0.0127545
0.00714611
-0.00615483
-0.0198429
-0.00236161
0.0162771
0.0057721
-0.00474407
0.00388691
-0.000706249
0.00738731
0.00553616
0.00470722
-0.0028556
0.0180109
-0.0182712
-0.0141686
0.00999663
0.0032951
-0.000204148
-0.00275965
0.00557296
0.00612485
-0.0233381
0.0224706
-0.00736161
0.0207518
-0.0124629
0.00266217
-0.0202877
7.15572e-06
-0.0031828
-0.0268918
0.00484337
0.00025566
0.00605905
-0.00754677
-0.00763311
0.0273974
0.00670953
0.0197628
0.00264523
-0.00206139
-0.0234741
-0.00051527
-0.0086383
-0.0150672
0.0200602
0.00940499
0.00513411
0.0116104
0.00581829
-0.00479168
-0.0016187
0.0111838
0.00126815
-0.00136678
0.0159597
-0.00164109
0.0157835
-0.00257562
0.00326593
-0.00997421
0.00760858
-0.0111147
-0.00963367
-0.00206352
-0.00703352
0.00557835
-0.0157182
-0.0193965
0.00955738
0.0017213
6.71698e-05
-0.00501005
-0.00244982
-0.00384092
-0.0108338
0.00815234
-0.0100975
0.020117
0.0114014
-0.00915167
-0.0303361
-0.00377528
-0.00158683
-0.00552791
-0.0103568
0.00328721
-0.0041359
-0.00878436
-0.00804841
0.0169431
0.00376132
0.00775532
-0.0195249
-0.00384635
-0.0181321
0.00272555
0.00807354
0.00638928
0.00797573
-0.00849198
0.0194577
0.0149781
1.37225e-05
0.0197581
0.0120552
0.0021681
0.0101097
-0.00708377
-0.00404929
0.00210363
-0.00741499
0.00260347
-0.0114332
0.00152869
0.025821
0.0025472
0.0121074
-0.0133948
0.00842835
0.0189631
0.000228933
0.00261849
-0.000321801
-0.0168907
-0.0125284
4.55118e-05
-0.0075023
-0.00750191
-0.00655218
0.00901854
0.00213896
-0.00123775
0.00351334
0.00494028
0.0138806
-0.0135847
0.00514284
0.0052862
-0.0194983
0.000818443
-0.0159603
0.00101316
0.00280086
0.00954289
-0.00848565
0.00354312
-0.00466643
-0.00467558
-0.0141908
0.0135125
-0.000507376
-0.00342063
0.00244046
0.0179786
0.0130662
-0.00901232
0.000765287
-0.00834181
0.00176832
-0.00721388
-0.0179376
-0.00713715
-0.00314731
-0.00100027
-0.0109311
-0.016143
0.0126889
0.00155309
0.00115746
-0.00448905
0.00243448
-0.00276364
-0.00867401
0.00223439
-0.0108468
-0.0116907
0.0156599
-0.00546315
-0.00132683
0.00877184
-0.00218624
0.0117293
0.00934019
-0.00209953
-0.0101663
-0.00899619
0.000187044
-0.00917373
-0.00490484
0.0149937
-0.0102891
-0.000164464
0.0161587
-0.010289
0.0128412
0.00326179
-0.00242382
0.00590314
-0.016219
0.00382214
0.0273158
0.0142257
0.00843131
-0.00305053
0.00689741
-0.00317456
0.0105129
-0.00929472
-0.000574967
0.0118638
-0.00918568
-0.00304981
-0.0142259
-0.0133831
-0.00598012
0.00248214
-0.00822743
-0.00175752
0.00757769
0.00630739
-0.0104486
0.0095149
0.00766183
-0.00568136
-0.0048432
0.00589886
0.00675658
-0.0116162
-0.00950665
-0.000338676
-0.000754422
-0.0125179
0.00818491
0.00690136
-0.00569692
-0.00737784
0.00964847
0.0151737
-0.000868453
-0.00624159
0.00342331
-0.0132231
-0.000944248
0.0104181
-0.0124614
0.000967972
0.0177766
-0.009415
0.00862966
0.00974524
0.00281439
0.00496342
-0.0123312
-0.00330554
0.0087716
-0.019182
0.00777671
-0.0141506
0.000228703
0.0194053
0.00283715
-0.00311014
0.00685564
-0.0119006
0.0133148
-0.0146132
-0.000822668
-0.00229726
0.00134524
-0.0128721
-0.02025
0.0170863
0.0171804
0.00630697
-0.0221871
0.00897598
-0.012409
0.00204186
-0.00815866
-0.0124119
-0.0105578
0.00405039
-0.0125395
0.0107069
8.80841e-05
-0.00904962
-0.00541472
0.00743096
0.00540306
0.000857771
0.00781374
-0.0141338
0.0111643
-0.00899138
0.00787606
-0.0158322
-0.010413
0.0132786
-0.00122485
-0.0120465
0.0140859
0.0177749
0.0185714
0.00352658
0.000872712
0.000811635
-0.00746853
-0.010184
0.00295003
-0.00214273
-0.00558326
-0.00857823
0.00608229
-0.00202974
-0.00919152
0.000511851
0.00773558
0.0186137
0.00215701
-0.00711015
-0.0240652
-0.00277436
0.00432673
0.00605725
0.00423213
-0.00673969
0.0111876
-0.0146003
0.0132616
0.0104811
0.0086028
0.00723811
-0.00947801
-0.00133916
0.0044597
-0.00305311
0.0133662
-0.0167974
0.00523843
-0.00323677
0.00948105
0.000724636
0.00406479
0.0051029
0.00365976
-0.00612464
-0.00490407
-0.000511972
0.0031997
0.0163222
-0.00936084
-0.00344802
-0.00818525
-0.0178119
0.0138617
0.00843215
0.0005049
0.0060434
8.12586e-05
0.00669192
-0.00225599
0.00196328
-0.00557716
-0.0135771
-0.0222613
0.0125728
0.000710961
-0.0017459
-0.015677
0.00282494
-0.00779363
0.0105717
0.0144907
-0.00474196
-0.000266692
0.00198083
0.0131018
0.00204916
0.00741346
-0.00500192
0.0367738
0.0041698
-0.0124857
0.00760914
-0.0123145
-0.00913154
0.00532461
-0.00364362
-0.00621197
0.00788608
-0.0142806
0.00868041
0.0282695
-0.00583376
-0.0120595
-0.00861802
0.00118894
-0.00537571
-0.0195658
-0.015979
0.0119818
-0.0124254
-0.00450253
0.000884151
0.00489659
0.0100071
0.0112336
0.00742702
-0.00502961
0.00154857
0.0117155
0.00969297
0.00171189
0.00747106
0.00900275
0.0123005
-0.0101058
0.00235765
0.0123252
0.0016822
0.0113199
0.00586635
0.0115548
0.00693626
0.0153347
-0.0101224
0.00132214
0.00910171
0.00387815
0.00209603
-0.00324764
-0.0103077
-0.00815732
-0.00282565
-0.0107842
-0.014667
-0.00812851
0.0101881
0.0231607
-0.0095851
0.000141283
0.00337692
0.00437445
0.00160794
-0.00195166
0.00418774
0.00848536
0.0259425
-0.0124351
0.0159893
0.0135892
-0.0117302
0.0093512
0.0080862
0.0128976
0.00634036
-0.022028
0.0181817
-0.0227953
-0.00338082
0.00996151
-0.00455645
0.0138673
0.00683755
0.0113501
-0.00195407
-0.00136584
-0.00483206
0.00501958
-0.00819951
-0.00842013
-0.00970698
0.0084922
-0.00473234
0.00957305
-0.00936691
-0.00517474
0.00751557
-0.00199428
-0.0109806
-0.0115617
0.0120446
0.00414584
0.00601322
-0.00778665
0.00642566
0.00370945
-0.00996344
-0.00782777
0.00378125
-0.00711361
-0.00547261
-0.0150419
-0.000890381
-0.0104432
-0.00470557
0.00741752
0.00630767
0.0142843
-0.00662056
0.00182403
-0.0135044
-0.00332459
0.00863873
0.00412042
-0.00905539
-0.017227
0.00475207
0.00754157
0.00408146
0.0121583
-0.00276978
-0.000714444
-0.00218327
0.00511642
-0.0157181
-0.00188024
-0.00163278
0.0147109
-0.00506673
0.0194197
-0.00536862
0.0117278
0.0079212
0.0129547
0.00584494
0.0219932
-0.0115819
-0.00680285
-0.00389064
-0.00420722
0.01231
-0.000277207
0.00233732
0.0183902
-0.00376675
0.0131075
-0.00174653
0.0126046
-0.0104162
0.00973496
-0.00754061
-0.0122755
0.009044
0.00196458
-0.00624685
0.0104377
-0.00435004
-0.0034563
-0.00117055
-0.0119114
-0.0092067
0.00827517
-0.00157837
-0.00816811
-0.00967984
-0.00254203
-0.0182672
-0.0136487
0.00130216
-0.00940554
-0.0063029
0.0120108
-0.00542947
-0.00225468
0.00113528
-0.00246973
-0.00351214
0.00157235
0.00919295
-0.00857454
-0.0306657
0.0190568
-0.000644158
-0.00935238
-0.00729047
0.00425979
-0.00814974
-0.0125849
0.00519388
0.00210294
0.0143187
0.0082692
0.00202388
-0.00459483
0.00191061
0.00854597
-0.0028997
0.00445002
0.00326608
0.00783248
0.00500727
0.00275148
0.0136958
-0.00257138
-0.00685802
-0.00262663
0.00381634
0.0199319
0.00949785
0.000922771
0.00405314
-0.000730177
0.00342129
0.00716737
-0.00371331
0.00512139
0.0080116
0.00953352
-0.013411
0.0120517
0.000731017
0.00507293
0.00555805
0.00232946
-0.00914702
-0.000667136
0.0107359
0.00258308
0.0190755
0.00775609
-0.0111297
0.0103598
0.000360876
-0.0123346
0.0224467
-0.00354294
-0.0193552
-0.0170883
-0.00102517
-0.00693787
0.0124504
0.0228345
0.00556985
-0.000974341
-0.00531898
0.000505078
-0.0105828
-0.00730758
0.00495849
-0.0222598
-0.00349162
0.0208509
0.0080469
0.00650282
-0.00423303
-0.00959739
0.00630771
0.00588303
-0.000167259
-0.00311388
0.0029861
-0.0109337
0.0036174
-0.0116365
-0.0021819
-0.0237682
0.00277824
0.000355826
0.00304954
-0.0126024
0.00328149
0.0017625
0.000509915
0.0119328
-0.0102884
-0.0109943
0.0105218
-0.00559299
-0.0212306
0.0145492
0.0122257
-0.025893
-0.00568967
0.013585
-0.0284619
0.000803299
0.0115299
-0.00663864
-0.00255831
-0.000795115
0.000483179
-0.00039961
-0.00374337
-0.00277029
0.00858519
0.00929577
0.00210089
0.00385314
0.000189322
0.0128521
0.00116787
0.0131995
0.00120095
0.00984035
0.0013337
0.0104729
0.00331518
0.000432288
0.000561313
0.00994197
-0.00342598
0.00288983
0.00365297
0.00497309
0.0134446
0.0231852
-0.000195551
0.00461894
-0.0164507
0.0126859
0.000210004
0.00181181
-0.00997748
-0.0112505
-0.00946106
-0.0090653
0.0109364
0.00320819
-0.00604513
0.000376217
-0.00688203
0.00847715
0.00589526
-0.0217229
0.00299368
0.00509197
-0.00258412
0.00196628
0.0036519
-0.00679244
0.0025019
-0.00263106
0.00642484
-0.0183833
-0.00636783
-0.00446736
-0.0152167
-0.00872024
0.0138135
0.0102558
-0.0157411
-0.00493167
0.0069878
-0.00761264
0.0265051
-0.0053523
0.00189218
-0.01514
0.00506362
-0.00104982
-0.010138
-0.00136167
0.00273178
-0.00932311
-0.0105187
-0.00525883
-0.00433191
-0.0137627
0.0173046
-0.00544528
0.00937734
-0.00288993
0.00600482
-0.00542877
-0.00475895
-0.0188347
0.0139533
-0.0163165
-0.00512311
-0.0136114
-0.00687286
0.0163452
-0.0129709
-0.0107453
0.00968621
-0.0016518
-0.00513077
-0.00120358
0.00800075
-0.00484328
-0.00436742
0.0239492
-0.0146098
-0.0191943
-0.0236411
-0.00927273
0.00609481
0.000600315
-0.00520599
0.00873552
0.00234329
0.0126708
-0.00623937
0.00636086
0.00610213
0.01556
0.0160744
0.0134287
-0.00151247
0.00646321
0.0155703
0.002779
0.00540029
0.0101182
0.00323318
0.00771076
-5.59777e-07
0.00671814
0.00413567
-0.00777468
0.0033759
-0.00689121
-0.00800291
7.4453e-05
-0.0127238
0.00187035
-0.00495642
0.0120848
-0.00410292
-0.01417
-0.012085
0.00218105
0.00408737
0.00215723
-0.00382258
-0.00239407
0.00241879
-0.00174738
0.00241685
-0.0131338
0.00706589
0.0153896
-0.0044162
0.0188693
-0.00385795
-0.007961
0.00243512
0.0153861
-0.0235388
0.00559551
-0.00454908
0.00693242
-0.00981666
0.012071
0.0188291
0.0126904
0.00129981
0.00311652
-0.0108576
0.00358306
-0.00228835
0.00239563
0.00996243
0.013144
-0.00916144
0.0090684
-0.0163505
0.0116949
-0.000650627
0.00747833
0.0237734
0.00252017
0.0109006
0.00354881
-0.00207845
0.00518319
-0.0110293
0.00666162
-0.0109974
-0.000455002
-0.0180795
0.00424116
-0.00720527
0.0036675
0.00317905
0.0266128
-0.00339457
-0.012717
-0.00440267
0.0172401
-0.0099558
0.0107732
0.00403835
0.00562376
0.00507714
0.0106659
-0.00407896
-0.00301905
0.0140521
0.0147208
0.00587913
0.00983008
0.0196474
-0.00682813
-0.00287087
0.00268247
0.0056544
0.0104225
-0.00294719
0.00498681
0.000869579
0.00391518
-0.01159
0.00343068
0.00570023
-0.0038684
0.0128767
-0.00753204
0.0140425
0.00283508
-0.0038206
0.00714224
-0.00124875
-0.00107609
-0.0208793
0.0112943
0.00331105
0.00961061
0.00636606
0.00845245
0.0056478
0.01565
0.0163026
0.00109385
0.0169771
0.00652031
0.01461
-0.0197667
0.00844463
0.00411789
-0.00187183
-0.00462719
-0.0047711
0.00397678
0.00605175
0.0237787
-0.00615134
0.0160047
0.00634345
-0.00781359
-0.00143721
-0.00848128
0.00261975
0.000370004
0.00752742
0.00187562
-0.00572689
0.00650282
0.00204822
-0.014651
-0.00829525
-0.00259493
-0.00389192
-0.00974101
-0.00257793
-0.0078862
0.00808124
0.00788106
0.014753
0.0100217
-0.0086231
0.000256746
0.0243059
-0.0128445
0.0129984
0.0124425
-0.0110594
0.000156914
0.0137789
-0.00962016
0.0177276
0.00623657
0.00324875
-0.00403037
-0.00444186
-0.0204341
0.0127874
0.0243619
0.000128342
0.000230613
-0.00562953
0.0141421
0.00958965
-0.00609727
-0.00624333
-0.00265402
0.00415983
-0.00478823
0.0224954
-0.00212041
0.00513011
0.0122766
0.010885
0.00843931
0.00462834
0.0224801
0.00316057
-0.00757882
-0.0228549
0.000526068
0.00741045
-0.0140892
0.00318419
-0.00965771
-0.00940498
-0.00848387
-0.0125747
-0.00211343
-0.00796555
-0.0108363
-0.0018306
-0.00770843
0.00557905
-0.00208877
0.0115363
0.00203199
0.0142515
0.00630658
-0.00328638
-0.00818883
-0.00875006
-0.00637102
0.0115425
-0.00932685
-0.0142475
0.00204301
-0.00138739
-0.0162908
0.00173145
0.0056862
0.00700788
0.00786539
-0.00102811
0.001438
0.00925506
-0.00460775
0.00669562
-0.0134967
-0.0102532
-0.0144239
0.00379991
0.0190552
-0.00674351
-0.00266511
0.00622994
0.0173123
0.000624841
0.00925533
-0.0146684
0.0085805
0.0078497
-0.00522247
-0.00194889
-0.0126254
-0.00824982
-0.0105081
-0.00595229
0.00408485
0.000318873
-0.00608282
5.026e-05
0.00357319
0.00578716
0.01231
0.001948
0.020349
-0.00922276
0.0181313
0.00337062
0.0218234
0.0167889
-0.0077599
-0.00744637
0.00831568
0.0225084
0.00735585
-0.0108946
-0.00206137
0.0149931
-0.000331632
-0.0111202
-0.0163552
0.0179945
9.39625e-05
0.00475735
0.00110163
-0.0188897
0.00823131
-0.00932794
0.00810724
0.00363845
0.00611032
0.0227892
0.00757587
0.0124302
0.00616889
0.0163412
0.00147537
-0.00383063
0.00160785
-0.0106065
0.01156
0.000464302
0.00369357
0.0136567
-0.00278341
0.000639447
0.00926596
0.00195362
0.00802855
-7.74023e-05
0.00297934
-0.0088809
0.00588609
0.00149085
-0.00273185
0.0128769
0.0126966
-0.00857599
-0.00403899
-0.0142026
-0.00497869
-0.0113038
-0.0124719
0.00128788
0.00398538
-0.00582754
0.0135501
-0.00467128
-0.0142953
0.0135474
-0.000602454
0.0141349
0.00596838
0.00200906
0.00687886
0.00951084
0.0141621
0.00371723
-7.59925e-05
-0.00808627
0.00350017
-0.0126431
-0.00289057
-0.00421856
0.00355091
0.0107624
0.00977665
0.00640892
-0.00190152
-0.00121736
-0.00223708
0.00142386
0.00407531
-0.00395173
0.0188261
0.0162698
-0.0115763
0.0102076
0.018279
0.00266912
-0.0125234
0.00784606
0.00386614
0.00221179
-6.41015e-05
-0.0085225
-0.000807047
-0.0194109
-0.00905928
0.00300858
0.0023214
-0.0135588
0.00181481
0.00706959
0.00618812
-0.00379834
-0.00747303
-0.0115868
-0.0166239
-0.00542137
0.00480696
0.0136235
0.00221653
-0.00494111
0.00673886
-0.0154799
-0.00471652
-0.0019942
-0.0116691
0.00888822
-0.0137196
-0.00875485
-0.0131514
-0.00743756
0.00187743
0.0211247
-3.03759e-05
-0.0123346
0.00116092
-0.0254069
-0.00063561
0.0172288
-0.0124729
0.00891395
-0.000737886
0.0103181
-0.0165968
0.00568168
-0.000716036
-0.00713212
0.00729292
-0.00279397
-0.00615031
-0.0160159
0.00139551
-0.0021653
0.00067367
-0.00177155
-0.00834625
0.00367058
-0.00908153
0.0136799
-0.0075431
-0.000262931
0.00396724
0.0193854
-0.0193049
0.00895114
-0.00958654
0.00832629
-0.0191191
0.00236411
0.013753
0.00137571
-0.00120307
-0.000979081
0.011012
-0.00278547
0.00131938
-0.00166723
-0.0186122
-0.00621635
-0.00292736
-0.00319088
0.00783658
-0.0152514
0.011966
0.00820301
-0.0120948
-0.00889489
0.00428195
-0.00288654
-0.00139087
-0.0119577
0.00379896
-0.0131638
-0.00313432
-0.00128034
-0.000481731
-0.0069543
0.000903483
-0.00765436
-0.0046525
0.00243204
0.000393221
0.00471753
-0.0139942
0.000509388
-0.000748573
0.00238445
-0.0087346
0.0113774
0.00881408
0.00964622
-0.00230684
-0.0129907
-0.00688934
-0.00182643
0.00352002
0.00559868
2.7332e-05
-0.00149843
0.00732185
-0.00370147
0.0106175
-0.0126561
-0.0206515
-0.000758222
0.0031186
0.00418653
0.0110525
-0.00320809
-0.000209814
-0.0276998
0.0214616
0.00230522
0.00377466
-0.0115199
0.000397579
-0.00223802
0.0089239
0.0146843
0.00949864
0.00768216
0.0231217
-0.00326961
0.00228121
-0.000553682
-0.0062656
0.00692189
-0.00230102
-0.00281613
-0.0137967
-0.016113
-0.0133945
-0.00288417
-0.00201808
0.00241273
-0.0172771
0.00167632
-0.0183357
0.00943299
0.00308066
-0.0140826
-0.00192404
-0.00097832
0.00324321
-0.00663968
-0.00128754
-0.00580946
-0.00144326
0.00171366
-0.00255438
-0.00916618
0.00545442
-0.00995898
0.0064067
0.0158076
-0.00467723
-0.00574025
-0.0130344
-0.000888218
0.0053472
-0.00685349
-0.00764039
0.019396
-0.0107947
0.0119918
-0.00899308
0.00472993
-0.00665253
0.0182456
-0.00116228
-0.00247556
0.0124727
4.36598e-05
-0.0069509
-0.0030351
-0.000156674
0.00401654
0.0105155
-0.0187491
0.00238781
-0.00897157
0.00285373
0.0181269
-0.0232443
-0.00970718
-0.000975505
-0.00999613
-0.0280562
-0.0101586
0.00310718
0.0126729
0.00658763
-0.0110318
0.00817928
-0.0186841
0.00024855
0.000627805
0.0052281
0.0179075
-0.000491798
0.00320306
-0.00839247
0.00404067
0.0153516
0.00558073
-0.00490288
0.0151241
-0.00199356
0.00605523
-0.00720517
0.0144027
0.00893205
0.00906305
-0.0205392
-0.0137632
-0.00208219
-0.0110542
0.012456
-0.0108498
0.0104435
0.00934607
-0.00281302
-0.000593607
0.00268191
-0.0100046
0.0118533
-0.00174736
0.0075145
-0.0055667
0.00664006
-0.0143943
0.00833075
-0.0112418
-0.00828771
-0.00442531
0.00840022
0.0023501
-0.0120459
0.00350398
-0.00122794
0.0102851
0.00277972
-0.0184557
0.0158926
0.0052115
-0.00254057
0.013293
-0.012031
0.00556553
0.00400103
-0.00479047
0.000816767
0.0150055
-0.00444281
0.0138212
0.00935336
0.00562294
0.000576285
0.00199791
0.00664074
-0.0130947
-0.010747
0.0084247
0.00374593
-0.0038089
0.00250275
-0.00130634
-0.000659533
-0.00282523
-0.00405475
-0.016934
0.0169324
0.000698516
0.0110858
0.00224045
0.0034798
-0.00488877
-0.0137399
0.00186863
-0.00305185
0.00388353
0.00393106
0.0248019
0.00672632
-0.00182593
-0.0176186
0.00736885
0.015076
-0.00601267
0.0111979
0.00289205
0.0176662
-0.00238921
0.00243336
-0.00478337
-0.0111481
0.00334407
-0.0128751
-0.011897
-0.00659851
0.00962787
0.0251335
0.00407533
0.0150319
0.00251678
-0.00574984
0.000267636
-0.0122768
-0.0048672
-0.00322207
-0.00655262
0.00418646
-0.014203
-0.00131325
0.0134688
0.00283859
-0.00113086
0.00287045
0.00911796
-0.00295698
0.00927309
0.0148052
0.00407778
-0.0108262
-0.00953569
-0.000106565
0.00135619
-0.00917399
-0.0124167
-0.0186842
-0.00249363
0.0152621
0.00413383
0.012381
0.00834449
-0.0108921
-0.00493028
0.00622868
0.0173696
-0.0119655
0.0173787
0.0096774
0.00164413
0.0076442
-0.00740015
0.00303426
-0.00577872
-0.00511872
-0.00354792
0.00052277
0.013184
-0.00190089
0.00138456
-0.0109236
-0.0128528
0.0205747
0.00228224
-0.0146503
0.000510674
0.00607732
-0.0135129
-0.0202621
-0.00211204
-0.00022271
0.00674333
0.00899786
0.00466852
0.00267304
-0.00124869
0.0107205
0.00218889
0.00516528
0.00169788
-0.0240048
-0.00882254
0.00656842
0.00207472
0.00395818
0.00157599
0.00629175
0.019462
0.00821487
0.0164129
-0.0151899
-0.00764592
-0.00145443
0.00916608
0.00840563
0.000445655
0.00513176
-0.00565882
-0.0131437
0.00505496
0.012692
-0.00207324
0.0123143
0.0201171
0.0073467
0.00661344
0.00431759
-0.00296222
-0.0014847
0.00167671
0.00917304
0.00678501
-0.00233573
0.00437058
-0.00095145
0.0133974
0.0194865
0.000899756
-0.00398915
0.00597214
0.00476316
-0.00625913
0.00625472
-0.00160068
-0.012135
0.01954
-0.00343164
-0.00176135
0.0158267
-0.0125724
-0.0102592
-0.0013085
-0.00436383
0.00113609
-0.000921901
-0.00664633
-0.00172123
-0.00875926
0.0101709
0.00323841
0.0159715
0.00263751
0.00400902
-0.00337968
-0.00580451
0.000876091
0.00489175
0.00075578
-0.00422036
-0.00290653
-0.00490655
-0.00556797
-0.00791617
0.00467715
-0.0137388
0.00586305
-0.00596246
0.0115166
-0.0129424
-0.0056126
-0.00702677
0.00452742
-0.0112993
0.0119777
-0.00815443
-0.00849179
0.0167903
0.0152182
-0.00835491
-0.00124497
-0.0130366
-0.00614763
0.0163744
0.000340181
-0.0159562
0.0146377
0.000291192
-0.0102589
-0.0103079
-0.00479074
0.0130297
0.00799109
0.0109997
0.0137644
-0.00525806
-0.0100463
-0.00722467
0.0173178
-0.0219244
-0.0118082
0.0125167
0.00773259
0.0113134
-0.000220727
0.000447105
0.01014
-0.0172791
-0.00436448
-0.00489442
-0.0132702
-0.0171357
0.0141481
0.00387465
-0.00507735
-0.0142806
-0.0045509
0.0117554
0.00472848
0.00564691
0.00851674
0.0186832
0.00767172
0.000561919
-0.00439323
0.0244762
-0.00122511
0.0061255
-0.00704947
0.0132188
0.0017173
-0.00497466
-0.00630705
-0.00603555
0.0166293
-0.00411808
-0.0157121
0.00673211
0.018545
-0.00992549
-0.0125944
0.000584104
0.0201356
0.00521588
0.00113338
0.0205462
0.012096
-0.00758059
0.00440099
-0.00873232
0.0216262
0.00117584
-0.00695276
-0.0121757
0.00618711
-0.022359
-0.00764887
-0.00611608
-0.0123342
-0.00596644
-7.75827e-05
0.00729494
0.00573287
-0.01594
0.00245108
-0.0147987
-0.00486617
-0.00463724
-0.00449178
0.0133611
-0.00690411
-0.00646155
0.0081638
0.00673633
-0.00416278
-0.00533531
-0.008608
-0.0115769
-0.00110179
0.010685
-0.00676277
0.00878858
-0.0377571
0.00116953
0.00780986
0.00780202
0.0094341
-0.00809871
-0.00838359
0.0154784
-0.00853411
0.0081031
-0.00526906
0.0175433
-0.00908621
0.00616186
0.0054528
0.00853588
0.0122609
-0.0140027
-0.0185587
0.00808463
-0.0149654
0.0158951
0.0045965
-0.00732174
0.00123342
-0.0104611
0.018267
-0.00837013
0.022807
0.0240864
0.00903525
0.0195141
-0.0203222
0.00687117
-0.00580707
0.00519734
-0.0142794
0.00661188
-0.00915142
-0.00616204
-0.00676654
-0.00270158
0.0135154
-0.00250477
-0.0151865
-0.010318
0.0153563
-0.00133559
0.0123869
0.0104336
0.00674298
0.00711829
-0.00346561
-0.00158272
0.00405309
0.00010444
-0.00522813
0.0168474
0.000763157
-0.00580448
0.00777302
0.00720236
0.00516481
-0.0032849
-0.0118915
-0.00116492
-0.0038337
0.0108861
-0.0152935
-0.0114206
-0.0116774
-0.00455423
-0.0158141
0.000478665
0.0036033
0.0140823
0.0108279
0.00417297
0.00163523
-0.00477761
-0.000580259
0.0147005
-0.00843923
-0.00798942
0.0084807
0.0147193
0.00357141
0.00213132
-0.00827575
-0.00370526
-0.0190376
0.0048145
-0.00618293
-0.00977664
-0.00957123
-0.0017158
0.0136224
-0.00392395
-0.00825807
0.0087204
0.00491016
-0.0116814
0.0132868
-0.00787715
0.00426163
0.0244036
-0.00991848
0.00381771
0.00103888
0.0038767
-0.0029652
0.000598589
-0.00158111
0.000521466
-0.0142926
0.00115293
0.0100746
0.0183928
0.00211401
-0.00486933
0.0114395
0.0121544
0.0116417
-0.00704522
0.0120908
-0.00440244
-0.0199322
-0.0150368
0.0202062
0.00408291
-0.00128714
0.00827366
-0.00102275
0.0343483
-0.0065361
0.00519562
-0.00495259
-0.00581379
0.00743611
-0.0023838
-1.05562e-05
-0.000553576
-0.0001227
-0.0010386
0.000843675
-0.011866
0.0144825
-0.00931192
-0.0111919
0.00445284
-0.00526657
-0.00749878
-0.0137472
0.000516706
0.00851859
-0.0110708
-0.0225713
-0.00299048
0.00359045
0.00682125
-0.00401432
-0.00853117
-0.00838486
0.00503359
-0.00326864
0.00813858
0.01378
-0.0161622
-0.0103583
0.00892414
-0.00241476
-0.000309634
0.000906828
-0.00444469
-0.00180601
0.0250686
0.0149828
-0.00473202
-0.00269339
0.00194992
0.00184113
-0.0057418
0.00881532
0.0138455
-0.00235666
0.0093983
-0.0129404
-0.000820793
0.00551108
-0.012828
0.0044789
-0.0112474
-0.00262136
-0.0147614
-0.00646136
0.00868402
0.0111493
0.00441488
-0.0127046
0.0117022
-0.00817257
0.00406659
-0.0107085
0.00562947
-0.0124114
-0.0242209
0.00130705
-0.00455717
-0.00880759
0.0191593
0.0117225
0.0323543
-0.0182599
-0.014719
0.0070837
-0.00106684
0.0217576
0.000897357
0.0162002
0.00630237
0.0128463
0.000270746
-0.00421624
-0.00155037
-0.00151754
-0.0128226
-0.0199196
0.0128157
0.00335664
-0.0205721
0.0052131
-0.00441385
-0.0196784
-0.010798
-0.00990065
0.00756463
0.0122074
-0.0161886
-0.00148893
-0.00152552
0.00405667
0.00186453
0.00554011
0.0114015
0.00247555
-0.00431554
-0.00423251
-0.00471137
0.0287096
0.00704284
0.000478825
-0.0064802
-0.0150435
-0.0329902
0.0102351
0.00264549
-0.00545159
0.00335004
-0.00665333
0.0178779
0.0176074
0.00496578
0.0178717
-0.0116273
-0.00817832
0.0194225
-0.00489182
-0.00574892
0.0020646
0.0246799
-0.0122278
0.000358264
-0.00827865
0.00846638
0.00716591
-0.00159412
0.00587386
0.00177257
-0.0126897
0.0144713
-0.00168379
0.000120395
-0.0101716
-0.00280558
-0.0327459
0.00382308
-0.00669401
0.00327437
-0.0171959
-0.00939942
-0.00115726
-0.000879629
-0.00259946
0.00918555
-0.00745679
0.00297986
-0.00833279
0.0100391
-0.0122284
0.0104959
0.00589514
-0.00245347
0.00418754
-0.0242709
-0.00620118
-0.00784295
-0.00786188
-0.0139138
-0.00395553
0.00567215
0.00350088
-0.00323106
-0.00602845
-0.0177825
0.00924752
-0.00818661
-0.0125171
0.0107484
0.00327172
0.010595
0.000967677
-0.000573292
-0.0150489
-0.00334098
0.0132151
0.0017753
-0.00661189
-0.00393157
0.00433507
0.00884228
-0.00576116
-0.0031532
-0.0191479
0.00508734
0.000877309
0.00303031
-0.00327363
0.00441918
-0.00429795
7.81035e-05
0.00482674
-0.00968871
0.0125246
-0.00697025
0.0154209
-0.00347148
-0.0096244
0.00881685
-0.0198203
-0.00921812
-0.00255734
-0.0084806
-0.00239103
0.00515395
-0.0038289
0.00236902
0.00287818
0.0181573
-0.00745627
-0.00763959
-0.000380368
0.00879705
-0.00043547
0.00194181
0.00735798
0.0121248
0.00367558
-0.00548586
0.00253212
-0.0133462
0.00899773
0.0129361
0.00388498
0.0036808
0.00666155
-0.00523577
0.0126101
-0.0177942
0.00730157
0.00109707
0.0107932
-0.0117573
-0.00173863
0.00631883
-0.020859
-0.0142477
-0.0170522
0.0117178
0.00226623
0.0092573
-0.00696683
-0.00633517
-0.00761204
-0.013378
-0.0105693
0.0050045
0.0084229
-0.00128708
0.00723809
-0.00539596
-0.00319788
0.00995195
-0.00231115
-0.00122503
0.00813045
-0.00486993
-0.0106557
-0.0107723
0.0209762
-0.0123483
0.0101249
0.00620159
0.00135769
0.0117292
0.00479439
0.00714932
0.0122025
0.00963194
0.0122195
-0.00431339
0.0138753
-0.0182672
-0.0195017
-0.0083015
0.00514835
-0.0125652
0.000871899
0.0197429
0.0224626
-0.00540954
-0.000508633
-0.0151608
0.00266931
0.011736
-0.00411307
-0.00135763
-0.00992809
-0.0171994
-0.00192612
-0.00112456
-0.00825973
-0.00434831
-0.0166043
0.0073487
-0.00451153
0.00955917
0.0086524
-0.00354726
-0.00325783
-0.0103222
0.00188391
-0.00476577
-0.00579007
-3.0882e-06
-0.00090607
0.00602076
-0.000266461
0.010167
0.00805775
0.00350232
-0.00945394
-0.00500226
-0.00178479
0.0158707
0.0203919
-0.00254683
-0.00401931
-0.0146485
0.000477451
0.00400661
-0.0104282
-0.0113218
-0.00162824
0.0161267
-0.000825334
-0.0036213
0.0190529
0.00994647
0.00367266
0.00954337
0.000681676
0.00901067
0.00671845
0.0138539
-0.00329449
0.000500574
0.00823178
0.00444898
0.00955734
0.0119374
0.00961292
-0.00167091
-0.0177965
0.00933691
0.0072519
0.00747781
0.00650769
0.00714389
0.00337163
-0.00406438
0.00781811
0.00493164
0.00371599
-0.00796108
0.000121336
-0.0118876
-0.00303063
-0.00169874
0.00386622
-0.00476933
-0.0109427
-0.0131605
0.00189848
0.0127261
-0.0115514
2.89644e-05
0.00156809
0.000176412
0.00608012
0.0230094
-0.00221568
-0.00337016
0.0170843
0.00673328
-0.00808921
-0.00496052
0.00161972
0.0302363
-0.00929572
-0.00161207
-0.0125083
-0.00321861
-0.00241943
0.0113938
-0.00671964
0.00563785
-0.00550246
0.023445
-0.000414677
-0.0139654
0.00251311
-0.0016917
-0.00576461
-0.0128952
-0.00343144
-0.00545729
-0.0120943
-0.00671318
-0.00187242
-0.00135014
-0.00370043
0.00813517
0.00218555
-0.00820271
0.0169959
0.00115118
0.00478227
0.0016557
-0.0118558
-0.00391779
-0.00692307
-0.0102059
-0.00679715
-0.0017675
-0.0130558
0.00380353
-0.0112207
0.00129439
-0.0113869
0.00727883
0.00703943
-0.000826425
0.0102924
-0.0135674
0.006875
-0.00331185
-0.0110623
0.0113378
0.00744994
0.00284655
0.00173586
0.00443018
-0.00436976
0.00755917
-0.00668829
0.00418362
-0.004083
-0.0104571
-0.00904202
-0.00783649
-0.00193196
0.00411155
-0.00312773
0.00741184
-0.00586619
0.00421851
0.00631315
-0.00727023
0.0198569
-0.00197948
-0.00985494
0.000352674
0.0160259
0.00153518
0.00259183
-0.0016695
-0.010267
-0.0110636
-0.00091982
-0.00345566
-0.00787477
-0.0048407
0.0273142
0.000150524
-0.0158614
-0.000172216
-0.0257131
0.00443857
0.0264257
-0.0165238
0.00310621
0.0202059
-0.00373122
0.00471352
0.000731743
-0.00476749
0.00981473
0.0216819
-0.00585983
0.00278538
0.00528037
-0.00704956
0.0136087
-0.00576095
-0.00370395
0.00613886
-0.024829
-0.0012273
-0.0109098
0.00201762
-0.00840315
0.0173058
-0.0106504
-0.0226019
-0.0175799
-0.0173619
0.00590536
-0.00686212
0.00933916
-0.00724482
0.00294658
-0.00471963
0.00420147
-0.0154316
-0.00385553
0.020232
0.0163166
-0.00288378
0.00322135
-0.0116065
-0.00679976
-0.00997437
-0.0140158
0.0119938
-0.0154127
0.00145464
-0.0240051
-0.00393194
-0.0257045
0.00259065
-0.00419011
-0.0150704
0.00832335
-0.0178077
0.00723545
0.0116261
0.00100626
-0.00514696
-0.0106536
-0.00188565
-0.00975884
0.0176858
0.00478799
0.00511456
0.0113555
-0.000491261
-0.00552878
0.000231603
0.00356295
-0.00166668
-0.0128473
-0.00459327
0.00804524
-0.0117611
-0.00934714
0.000540119
0.0182954
-0.00879415
-0.0140387
-0.0219011
0.00490151
-0.0123461
0.0136019
-0.00553285
0.000513796
0.000885105
-0.00127271
-0.0027989
-0.0162508
-0.0139522
0.00521759
-0.0199598
-0.0196618
-0.0010228
-0.00190199
0.000693678
-0.00209876
0.0131932
0.0133842
0.00538037
0.0153744
0.0119854
0.00203322
0.00485027
-0.00478198
0.0152507
-0.00469337
-0.00364623
0.00095228
0.00217524
0.00884959
0.0250135
0.00842865
-0.00301375
0.0109762
-0.00375581
0.00655361
0.0140537
-0.0044545
0.00796329
0.00726698
-0.0033854
0.00603776
-0.00508836
-0.0171879
0.009067
-0.00545793
0.01503
0.0115363
-0.015166
-0.000449687
-0.000658184
0.0080898
-0.0120841
0.0181359
0.007428
0.00277449
0.0140002
0.00385805
0.000148341
-0.000944234
0.00643762
0.000348537
-0.00139838
0.00530827
0.00653002
0.00614726
0.00101571
-0.0198108
-0.00978131
0.00629121
-0.0126084
0.00892841
-0.00632555
0.00268551
0.000608791
-0.0038008
0.00618002
-0.00472465
-0.000834433
-0.00410501
4.96956e-05
0.00115919
0.018937
0.0220566
-0.00570886
0.000813098
0.00676383
-0.0101975
0.00521244
-0.0016772
-0.00771299
0.0167185
0.0225678
0.000282123
0.0162462
-0.00029159
0.00332592
0.00101431
-0.0186808
-0.0251672
-0.00171017
-0.00843028
-0.00932575
-0.00166894
0.00868921
-0.00215634
-0.00962815
-0.0204466
-0.00395122
-0.0131971
0.00913251
-0.00593289
-0.00234845
0.018378
-0.00401055
0.00960403
0.00751468
-0.0108156
0.0100876
0.000119257
-0.0137126
-0.0182354
0.00584156
0.0024784
0.0150479
0.000559672
0.00327248
-2.65028e-05
-0.0141864
-0.0078219
0.0205677
0.00223255
-0.0176832
-0.00952601
-0.00184191
-0.0190178
-0.00539106
-0.00151765
0.0118854
0.0122624
0.0205005
-0.0218016
0.00707249
0.000331784
0.0146547
-0.0101987
-0.00383842
-0.00453024
0.0088237
-0.0153336
0.0185405
0.0032263
0.00753334
0.0132205
-0.0168618
-0.00551211
-0.00438025
0.00737224
0.00294514
0.0104822
0.00693634
0.00029847
0.000535178
-0.00289786
0.017601
0.00358179
0.00041862
-0.0107599
-0.00687279
-0.0184762
0.00691068
0.00367
0.00649905
-0.0140471
0.000617993
0.00538784
-0.0213499
-0.0149048
-0.00132569
0.0205495
-0.00294088
0.00238871
0.00982059
-0.00861035
-0.0135524
-0.0105697
0.018139
0.0042461
-0.00717198
0.008757
0.00854635
0.00681692
-0.0104241
0.0087747
0.00131542
-0.00166263
-0.0152126
-0.00121069
0.00242077
0.00299358
-0.00142098
0.0036427
0.0144877
0.0078435
-0.00986896
-0.00033083
0.0147893
-0.00678685
-0.0127364
0.0109516
0.0041029
-0.00235461
-0.0155374
-0.00925115
-0.00215197
0.00372988
-0.0078975
-0.0066544
-0.00142663
-0.00677058
0.0160074
-0.0161898
0.00378245
-0.0148047
-0.00801409
-0.00882399
-0.000449265
-0.0192831
-0.00791977
0.0121704
0.00992396
0.00508909
0.0115481
0.00774867
-0.00720523
-0.0193426
0.00782034
0.00484199
0.00632824
-0.00417445
0.0109724
0.0108493
0.00409588
0.0109823
-0.00539053
0.00549173
0.00295128
-0.00148827
0.00835466
-0.00924338
-0.00999765
0.00937969
0.00942684
0.0110701
-0.00690727
-0.00750184
-0.00729352
-0.00902496
-0.01357
-0.0159093
0.00123511
0.00785456
-0.0103317
0.0116991
0.0221842
-0.00154239
-0.00341385
-0.0200781
-0.0123416
-0.00372337
0.00346245
-0.00183842
-0.0102926
0.0111387
0.00450929
-0.00481267
0.0108876
-0.000621211
-0.00464803
-0.0149853
0.00169419
0.00302128
0.00175077
-0.00142632
-0.0022209
-0.00472609
-0.0011005
-0.0132711
0.00905229
-0.0095198
0.00400285
0.0143132
0.00507154
0.00183488
0.00599744
0.00411047
0.0205218
-0.005068
0.0120109
0.00626494
-0.00952753
0.0106353
-0.000753149
0.011432
-0.000145139
0.0164754
0.00854238
-0.00260364
-0.0117519
-0.0135672
0.00276252
0.0155055
-0.0104273
-0.00870627
0.00823218
0.00541438
0.00675038
0.014662
-0.00415289
0.00536046
0.00550867
-0.00457026
0.00441126
0.0144611
-0.00528636
0.011039
0.00823868
-0.0127095
-0.0116789
0.00810799
0.00233994
0.0011405
0.0103386
-0.00311173
-0.00171654
0.00853538
-0.0114546
0.00907
0.0130616
-0.00339672
-0.000359269
-0.00309895
-0.00503309
0.0159238
0.00235809
-0.017435
-0.00554522
0.0059811
-0.00780466
-0.00774313
-0.00356733
-0.012654
0.00595294
0.00918785
0.0090662
0.0173414
0.0135876
-0.00110329
0.00661428
-0.00565388
0.0196049
-0.00746188
-0.00232934
-0.000876945
-0.0168466
-0.00055497
-0.0065253
-0.0106108
-0.0157565
-0.00122428
0.0139204
-0.000535705
0.00212913
0.0163135
0.00589583
0.0119704
-0.017552
0.0128345
-0.00321094
0.000787731
-0.0182252
-0.0141776
-0.0112237
0.0104437
0.0128383
0.00350576
-0.0109943
0.0055778
0.00530559
0.00576244
-0.0113018
-0.0129123
-0.000985727
-0.00227577
-0.00831955
0.00417899
0.00086363
0.00174633
0.00676865
-0.0133892
0.002763
0.000760316
-0.00537742
0.0100464
0.0183078
0.00856145
-0.00410113
0.00372822
-0.00605639
-0.00648569
0.0259561
0.00518877
-0.00188285
-0.00676456
-0.00690358
-0.00409426
-0.00397057
0.0197909
0.00949849
-0.00601781
0.00190575
-0.00857333
0.00554875
-0.00968423
-0.00835884
-0.00461617
-0.00590153
0.00679557
0.00477153
-0.00518515
0.00352163
-0.00472746
-0.00917012
-0.00199479
0.00381078
0.00479323
-0.00473775
-0.0108543
-0.0119986
-0.00410069
-0.00425481
-0.00660359
-0.00687225
-0.0146079
0.0188728
-0.00831675
-0.00668002
-0.00967509
0.0111516
0.0185284
-0.0112
0.000554517
0.00116444
-0.0146287
-0.00137042
-0.0018108
0.010458
-0.00200394
-0.014643
0.001231
0.00429866
9.8476e-05
-0.00440762
0.0124448
0.0243692
0.0103712
0.0109132
0.000670912
0.00226613
-0.000373781
0.00236462
-0.00279923
0.00326144
-0.0013824
-0.00797454
0.00040275
-0.00741013
0.00350503
-0.0118545
0.00749854
0.00256132
-0.00664595
-0.00410627
-0.00321979
0.00870893
0.00376071
-0.00343172
0.0172317
0.00171437
-0.00235934
-0.0122369
0.00807207
0.00107352
0.00283254
0.00182424
0.00171315
-0.0228801
0.0108851
-0.00435968
-0.00654266
0.0158557
0.0110708
0.0104752
-0.000817581
0.0135509
-0.029062
-0.0104988
-7.08597e-06
-0.00960881
0.0180166
0.0176056
0.00179449
-0.00851788
-0.0184853
-0.00285598
-0.0103096
-0.000836575
-6.6474e-05
0.00151689
0.00499673
-0.0110905
0.0166702
-0.0158035
-0.00832133
0.00861462
0.00116657
0.010462
0.00962074
0.00166282
-0.0129871
0.0122606
0.00901991
0.00686479
0.0073393
0.00297042
0.0188314
0.00331646
0.00340033
0.0155003
0.00716677
0.00207388
-0.00348083
0.0140811
-0.00761488
0.0123806
0.0123407
-0.00966266
0.00881918
-0.0072976
0.0071708
0.00159194
-0.00588661
0.00955354
0.00895182
0.000534333
-0.0158205
0.0133767
-0.00501023
-0.00373485
0.00764214
0.00226094
0.0117699
0.000629824
-0.00560485
0.0176956
-0.0262409
0.0036161
0.00508842
0.00389798
-0.0159742
0.00724903
-0.00147985
-0.0113535
-0.000654373
0.0041054
-0.00198711
-0.00206485
0.00202783
-0.0101495
0.00465062
0.00642425
0.000387992
0.0282847
0.0159223
-0.0143111
0.00140655
0.0140628
0.0109033
-0.0024562
0.0169303
-0.0136878
-0.00335225
0.00346822
0.00285664
-0.00462093
-0.00883454
0.00407311
-0.0153766
-0.00589068
0.00210558
-0.00728808
-0.0108389
0.00799011
-0.00195106
-0.00760845
0.00453274
-0.00501027
-0.00917906
0.00978796
0.00252457
0.00381868
0.00397595
0.00168686
0.00471218
0.0022774
0.00281434
-0.0110848
-0.000147235
0.000602892
0.00384994
-0.0359335
-0.0070568
-0.00312527
-0.00543563
0.0104495
0.0109494
0.0168893
-0.0200548
-0.00963025
0.0162959
0.0162153
-0.0148556
-0.00886149
-0.00175188
-0.00961857
0.0036987
0.0211705
0.00581883
-0.00586209
-0.00145678
-0.00797308
0.011045
0.000652776
-0.0183519
-0.0271474
-0.0254354
0.00696434
0.00697463
-0.0109108
0.000874894
-0.00975683
0.0034028
-0.015738
0.0196075
0.00497393
0.00977687
-0.00609462
0.0119495
0.00136194
0.00562584
0.00804136
0.00971814
0.00240009
0.00918766
0.00604648
-0.00230238
0.00398919
-0.00709377
-0.0137139
0.0177798
0.0048171
0.000722435
-0.00462868
-0.00883181
-0.0138692
0.00132818
-0.000904668
-0.0132726
-0.00494985
0.0290328
-0.00498708
0.00298052
-0.00296166
-0.00106189
-0.0122992
-0.0121187
0.00661557
0.0086568
0.0160507
-0.00386054
-0.00714723
0.00191568
-0.00327292
-0.0060277
-0.011821
0.00599968
0.00487384
-0.0146697
-0.0173411
-0.00812942
-0.0078283
0.0204819
-0.00370456
0.00508307
-0.00447967
-0.0195127
0.0054584
-0.0162775
-0.00440113
0.0100709
0.00093775
-0.00871898
-0.00831957
-0.00419988
0.00894113
-0.0101917
0.00559612
0.0215137
-0.00725475
-0.00352706
-0.00381047
-0.00280863
-0.00298583
-0.012581
-0.00435184
0.00274803
-0.00521323
-0.00808945
0.00709545
-0.0200368
0.0116705
-0.00455398
-0.00994268
-0.00462317
-0.00227928
-0.0131833
0.00899969
0.00925786
-0.00909262
0.00720144
-0.0169652
0.0059316
0.0171691
-0.00445282
-0.00800181
0.0128864
-0.00904633
0.0155612
-0.00424925
-0.00901841
-0.000776758
-0.00429699
-0.00395696
0.00247983
0.0122041
-0.00463093
0.00574036
0.00806768
-0.0131037
0.00540875
0.00879936
-0.00728349
0.0112744
-0.00060317
-0.0183078
0.0195541
0.0026263
-0.000720683
0.0108382
0.0093743
-0.00295737
0.00113673
0.0153416
-0.000730389
0.00352461
-0.0019343
0.000230777
-0.00310217
-0.00470575
0.0248746
0.00839922
0.0110824
0.00597576
-0.00110284
-0.00259967
0.00982416
-0.00902476
-0.00393326
0.009106
0.00940718
-0.0168236
0.00758409
-0.0095561
0.00760608
-0.0109609
-0.00234659
-0.0106554
0.00978192
-0.0120846
0.00108213
0.00277525
0.0127361
-0.00195445
0.00578944
-0.0139058
0.00561324
-0.00533121
-0.0102599
-0.00461033
0.00658347
-0.00694288
-0.00325742
0.00274746
-0.00735794
-0.00137646
0.00619864
0.000336434
-0.0173295
-0.000551943
0.0150492
0.0127127
0.00534781
0.00347961
0.000276318
-0.00347444
0.012437
0.0167959
0.00438499
0.00506719
-0.00480182
0.0133053
-0.00875958
-0.0214797
-0.0104093
0.00101248
-0.0105093
0.00236401
0.00247833
-0.00486276
0.00722613
-0.00942757
-0.000355922
-0.00499597
0.00370483
-0.00948536
0.00143195
0.0112661
-0.0297569
0.0185782
0.00248797
6.93637e-05
-0.00398258
-0.00242249
0.0050123
-0.00659259
5.23115e-05
0.00293551
-0.00514052
-0.00753681
0.00621903
-0.00624992
-0.0103843
-0.0292364
0.000119246
0.00145615
-0.00278216
0.00124593
0.00856291
-0.00621546
-0.00725599
-0.0064824
0.00155026
0.003592
0.00319239
0.00123715
-0.0164822
-0.00154002
-0.00560496
0.0085337
-0.00431579
-0.011676
0.0013248
0.00276666
-0.00682071
0.00898181
-0.00904009
0.00438492
0.00679581
-0.0105649
-0.00170243
0.00449279
-0.0105936
0.00215848
-0.00987386
0.0101578
0.00458914
0.00974939
-0.00457303
0.00412148
-0.00827397
0.0157465
-0.0123154
-0.00124324
-0.00392023
0.0131054
-0.00109988
-0.00987338
0.0171495
-0.0047734
0.00418784
-0.0195637
0.00314717
0.00660436
0.0161793
-0.016325
-0.00366208
0.00355209
0.0210144
0.0101931
0.00980846
-0.00263167
0.00111071
-0.00159756
0.00593132
0.00887229
-0.0019675
-0.0137117
-0.010941
0.00596979
0.00147724
-0.000403984
0.00901806
-0.0158807
0.006163
-0.00532597
-0.0086507
-0.0010969
-0.0050459
-0.0156799
-0.0157531
0.00704598
-0.0135019
0.00289976
-0.000815523
0.0109251
0.00228464
-0.00629587
0.00456039
-0.00012241
-0.00907208
-0.00332504
-0.0207091
-0.00777946
0.0138355
0.00689704
-0.00487398
-0.00111814
0.0168328
-0.00127583
0.0129499
0.000969004
0.00453529
-0.0115821
-0.00540565
-0.00632206
0.00362161
-0.00720869
0.0034921
0.00891384
0.0117722
0.0195566
-0.0160045
0.0124416
-0.0074826
-0.00847223
-0.00671179
0.000500036
-0.0148232
-0.00708446
-0.00326816
-0.00391406
-0.00658117
-0.0020724
-0.000794491
-0.00333666
0.0187021
0.000994495
0.00900468
-0.00202757
0.00979672
-0.00451534
-0.00055946
0.00225353
-0.0115845
-0.017269
-0.00720015
0.00601488
-0.00676111
0.00192788
-0.00163921
0.00869884
-0.000631629
-0.00490947
-0.0092184
-0.0106039
-0.0117142
0.0113813
0.0170532
-0.0231591
-0.0157089
0.00134871
-0.011178
0.00104257
-0.00257375
-0.00313347
0.00163383
0.00177792
0.00540364
0.00439616
-0.0029533
-0.0133027
0.00281349
-0.00505102
0.0100288
0.0117609
-0.00681612
-0.00385251
-0.00115122
0.00231791
0.00520721
-0.0143611
-0.0100278
-0.0189155
0.0146369
0.00261999
-0.0161032
-0.00776594
-0.00768407
-0.0314638
0.0106881
-0.00414317
0.00458428
0.0155277
-0.00115062
0.00782336
-0.00298385
-0.00102256
0.0162315
-0.0130399
-0.00365946
0.0067368
0.0019238
-0.00767195
-0.0106409
0.00453959
0.0109639
-0.00783068
0.00986929
-0.00312519
-0.00787512
0.00829635
0.00480371
0.00285508
0.0199165
-0.00406509
0.0137688
0.00744046
-0.000119611
-3.06013e-05
-0.00810864
-0.00876478
-0.000914975
0.0130499
0.00530948
-0.0125173
0.00962139
0.02236
-0.00207878
-0.0125878
0.00266273
0.000907931
-0.00116984
0.0112418
-0.00552391
-0.0019072
-0.0180225
-0.011385
0.0119323
0.000800119
-0.0111001
-0.0142692
-0.0074185
0.0127198
0.00304729
-0.00929594
-0.00177074
0.0122549
0.014796
0.0171076
-0.0130254
0.00239211
-0.000729522
0.00162011
-0.00359391
-0.00732029
0.0122365
0.00248535
-0.0206003
-0.0111773
0.00302167
-0.0167409
-0.00129692
0.00817275
0.000218851
-0.00853912
-0.0190207
-0.0158303
0.010206
0.000611508
0.00228633
0.00934634
-0.00723464
0.0101891
-0.00153574
-0.0185667
-0.00229137
-0.000134466
-0.00128272
0.00416338
-0.00821426
-0.0145982
-0.00514466
0.00873075
0.00415227
-0.014309
-0.00230346
-0.000368675
0.0156404
-0.00432361
0.000581245
0.000504159
-0.0128569
0.0250697
0.0059387
0.0139155
-0.00404248
0.0146083
-0.0209078
0.00754165
-0.0168964
0.00816523
-0.00100596
0.0085688
0.00812093
0.00456492
-0.00142439
-0.0112246
-0.0113281
-0.0166234
-0.00582313
0.0127886
0.00974057
0.0127175
0.00199376
0.00711156
0.0155529
-0.00179307
0.00760942
0.00686579
0.00814955
-0.0103066
-0.0052098
-0.0080467
-0.00505072
-0.0123214
0.00215808
0.0077796
0.00299201
0.000713099
0.00808294
0.00495942
-0.00722567
0.0126717
0.0137513
0.00371074
0.00298092
0.0111291
0.00857657
-0.0031545
-0.00195797
-0.00852232
-0.00233347
-0.00755381
0.00996768
0.0191014
-0.00412754
0.00121384
-0.00301898
0.00612012
0.00981308
-0.00300144
-0.00631991
0.00298253
0.0184285
-0.000721328
-0.0123932
0.00202556
-0.00193135
-0.00894841
-0.000641166
0.00627915
-0.00122738
0.0172788
-0.014111
-0.0110209
-0.0109934
-0.00284076
-0.0208936
0.0197377
-0.0135937
0.0111435
0.00046488
-0.00579217
0.0067255
0.00547104
0.0139246
-8.63295e-06
0.00139084
-0.0223045
-0.00888485
-0.0182861
0.0096582
-0.00565532
-0.00204563
-0.00453411
0.00311838
0.00601916
-0.00552626
0.0265803
0.0016992
0.0042716
-0.00875178
-0.00490102
-0.000163331
0.00408841
0.00911846
0.00428169
0.0025364
0.00987082
-0.00473576
-0.000332599
0.0150885
-0.0119906
0.00798847
-0.000437308
-0.0130741
-0.000261586
0.00574397
0.0102271
-0.00618963
0.00952617
-0.00519528
0.0110952
0.00664504
0.0101805
0.00107965
-0.0144232
0.00126599
-0.0037131
0.00451285
-0.0117052
-0.00715838
0.0122995
-0.00079075
-0.00320962
-0.00232737
-0.0145247
-0.000962802
-0.00446597
0.00348815
-0.0132384
-0.00287011
0.0175514
0.00071777
-0.0109764
-0.0133459
-0.0155743
0.00987829
0.00215909
0.00180834
0.00799599
0.0112171
0.0122618
0.00294941
-0.00358227
-0.0114734
-0.0205189
-0.000135645
-0.00613461
0.00527774
0.00209672
-0.0180717
0.00193359
-0.0130397
-0.0110204
-0.00614939
0.00201572
0.00352254
-0.00735564
-0.000157713
-0.0119997
0.0108471
-0.00619966
-0.00288727
0.00598227
-0.00739639
0.0119493
-0.00328519
0.0204261
-0.00619536
-0.00771934
-0.00508103
0.000875891
0.00617924
-0.0278711
0.0100149
0.0144787
-0.00402141
-0.0114048
-0.012782
-0.00266907
-0.00860782
0.00989773
-0.000629468
-0.00446239
-0.00482538
-0.00263991
-0.019692
-0.00915883
0.00855723
0.00148647
0.0306113
0.00893549
-0.0171127
-0.00477015
-0.00212778
0.006107
0.0021159
0.00504533
0.000872383
-0.0211261
0.0173004
-0.00579722
0.0137362
-0.00402142
0.00605782
-0.00462377
-0.00124069
0.00169779
0.00169647
0.00520956
-0.0129802
-0.00252278
0.00214934
0.0201319
-0.00148529
-0.0129701
0.00776981
0.0136334
0.00568421
-0.020966
-0.00353948
0.00989247
0.000756245
-0.0043105
0.0110624
-0.0123365
0.00835969
-0.00520438
0.00579041
0.00253432
-0.01461
0.00119547
0.0120758
-0.0102834
0.0207034
0.00925218
-0.00645475
0.00361728
0.0139913
-0.0103142
0.00346536
-0.00901604
0.0100078
-0.00222855
0.00377726
-0.0103847
-0.00172145
-0.000100434
0.0120139
0.0158656
-0.0144818
-0.0190353
0.0035055
-0.00565294
-0.00105107
-0.00224961
0.00825416
-0.0122642
-0.0131995
0.00847111
-0.00232277
-0.00660824
-0.00923369
-0.00560553
-0.0219461
0.00492709
0.00850118
0.0111222
-0.00785362
-0.0050555
-0.000255465
-0.00232471
-0.0138343
0.00208796
-0.0240228
-0.0190557
-0.0160891
-0.00783035
-0.000855857
-0.00597887
0.0174508
0.0178627
0.00447149
0.000280577
0.0124864
-0.00836949
-0.0241345
0.00270182
-0.00817448
-0.0142509
0.00409595
-0.00326871
0.00988809
0.00882639
-0.00625914
-0.0113315
-0.0117559
0.0166321
-0.00131967
-0.00323364
0.00379484
-0.00391307
0.00877116
0.011364
-6.56945e-05
-0.00310845
-0.00532708
-0.00199646
0.006079
0.00512755
0.0178075
0.00599746
0.00578001
0.00115345
-0.0110774
0.000336392
0.00159371
-0.0112277
0.00034273
-0.00710606
-0.00443761
0.00663599
0.0172497
0.00379353
0.0115437
-0.00118295
-0.0001648
0.0170624
0.00322756
-0.00256621
0.0123416
-0.00424016
0.00709404
-0.0109095
-0.00937918
-0.00952801
0.00562947
-0.0150109
0.0142189
0.0152237
0.00169866
-0.0068711
-0.0136778
0.00271199
-0.0253431
-0.00746791
-0.0138519
-0.013916
-0.00779276
0.00294922
0.000130492
-0.0219592
0.00858651
-0.00451657
-0.000251689
0.000145456
0.00474241
-0.0104589
0.0136003
-0.0181985
-0.00448232
0.00384683
0.00556759
-0.00580004
-0.00292453
-0.00390256
0.00995319
0.00860038
0.00858854
-0.00720958
-0.00468136
0.0122346
-0.01253
0.0164356
-0.00500399
-0.00615203
-0.000490058
0.00249183
-0.00314632
0.00118451
-0.0044217
-0.0045636
0.00116232
-0.00504967
-0.00755603
0.0055053
0.00192331
-0.0121151
0.00759082
0.0207254
0.000240922
-0.00608095
0.00862676
0.0079181
0.000363629
0.00334484
-0.00458512
-0.0107721
0.000903422
0.00268592
-0.0182329
0.00452625
0.00532791
-0.00412596
0.00974021
-0.00173146
-0.00879803
-0.014602
-0.00224928
0.0153824
-0.00447388
0.0100286
0.00681858
0.00178987
-0.00683925
-0.000517204
-0.003962
0.0201373
-0.00168901
-0.0119769
-0.00978435
0.011677
0.0111472
-0.00373548
0.00618078
0.00253488
-0.00663384
-0.0113746
0.0158138
0.0105166
0.00163194
-0.00921781
-0.00161021
0.00378348
1.56387e-05
-0.00328184
0.00825961
0.0195622
0.000146531
0.00446938
0.00984431
-0.00934657
0.00823779
0.00416703
-0.00323565
-0.0143139
0.0109362
0.0102651
0.015107
-0.00148066
-0.00699299
0.0192626
0.00799057
0.0134695
-0.00558465
0.00828129
0.00622508
0.00827853
-0.0124093
-0.00107797
-0.00530998
0.0126732
-0.00514249
0.0106548
0.0146314
-0.0058227
0.00512759
-0.00969727
0.00929916
0.00172113
-0.0112628
-0.00738278
0.00669391
0.000753711
0.001003
0.0270328
0.0133788
-0.00508329
0.0100962
-0.00315777
0.00329481
-0.00287237
-0.0104005
-0.00988153
0.00277161
0.00848917
-0.00702119
0.0027737
-0.0116107
0.00956438
0.00328961
-0.0118287
0.0159542
-0.00756382
-0.00408958
-0.00495026
0.00572363
0.00554394
0.00466696
-0.017215
-7.53083e-05
0.00749698
0.00492463
-0.0227042
0.00228339
0.00509225
0.00504505
0.00318767
7.39929e-05
-0.00950056
-0.00864976
-0.010557
0.00267702
0.0135278
0.0200661
0.00246838
-0.00947826
-0.0034021
0.00911245
-0.00368427
-0.00353158
0.0117245
-0.00764028
0.000923756
-0.00969782
0.000446646
-0.00441585
0.00880081
0.0182262
-0.00394958
-0.00339272
0.00839431
0.00847861
-0.00100222
0.00609171
0.00769491
-0.00285933
0.0124214
0.00252653
-0.00988244
0.0219979
-0.00401868
-0.0115386
0.018114
0.00664634
-0.0069493
-0.00751097
-0.00664929
0.0086719
0.0118351
0.00124203
-0.00576548
0.00754682
-0.00693619
0.00223923
-0.00885695
-0.00400422
0.00203911
0.00146888
-0.00177059
0.00473559
0.0026148
-0.00200139
0.000487542
-0.0086759
0.00780369
-0.00758415
-0.01235
0.00758892
-0.0120715
0.00821021
-0.0025372
-0.0047178
0.00231061
-0.00185977
0.00298358
0.0152408
-0.0101245
0.00267703
-0.00348912
0.00407594
-0.00982081
0.0153893
-0.00749483
-0.0124629
-0.00325779
-0.000894875
-0.00377436
0.00137905
0.0188679
0.00631221
0.00872597
-0.00884384
-0.00345304
-0.00318932
0.000614572
-0.0187178
-0.00278011
0.0126693
0.00200354
0.00741083
-0.0139627
0.00355062
0.00572457
-0.00231878
0.0125214
6.92524e-05
0.0201762
-0.00515184
-0.0167997
-0.0146665
0.0107711
-0.01873
-0.00276782
-0.00482111
0.00755672
0.00748142
-0.0220601
-0.00865588
0.0122962
0.0124792
-0.00317438
-0.00104716
0.00740927
-0.0191833
0.00365557
-0.0103066
-0.0171127
0.00381099
-0.00150575
0.0128841
-0.0144572
0.00181404
-0.00825432
-0.0117344
0.00162109
0.0196259
-0.0131275
-0.00568675
0.00170584
-0.00380136
0.0222761
-0.000495108
0.0010796
0.00994007
0.0051802
-0.00091416
-0.0027015
0.002742
0.00681344
0.0062121
0.00975071
-0.00601315
-0.0221128
0.00743187
0.00836457
-0.00358724
-0.00593081
-0.00592301
0.0250231
-0.0194471
-0.00502263
0.00543283
0.0123295
0.00177297
-0.00212578
-0.00450811
0.00370662
0.00805059
-0.00103
0.00925912
-0.00522832
-0.00971313
0.00496293
0.00955167
0.00503078
0.00309734
0.00197487
0.00102929
0.00995076
0.00325051
-0.0105228
-0.0044516
-0.010679
0.0112989
0.011814
-0.00725753
-0.002476
0.0215139
0.00736493
-0.00495222
-0.00318004
-0.00142575
0.0132063
-0.00676795
0.0200729
-0.00253796
0.0165398
0.0136393
0.000644246
0.0150922
-0.0122914
0.015532
0.0171483
0.00233726
0.00342096
0.00252188
-0.0160145
-0.0232978
0.0152526
0.0226676
0.00293835
-0.00580777
-0.0117011
0.0014344
-0.00132114
0.00746471
-0.0129279
-0.00732763
-4.69325e-05
-0.0110776
0.0114767
0.00436835
-0.00139117
-0.00778722
-0.00224865
0.00209354
-0.00779485
0.00319142
0.0045417
-0.00367842
0.00336492
-0.00394009
-0.0231148
-0.00778056
0.00883573
-0.00554276
0.00415666
-0.00644448
-0.0125381
-0.00647853
0.00356073
-0.0160476
0.0200384
-0.0277251
-0.0191058
-0.000259094
-0.0148761
-0.00374135
0.0138622
-0.0228634
-0.00201027
-0.0125512
0.00587304
0.00032478
-0.00207688
-0.00629936
0.00331366
0.00237607
-0.00245635
-0.0155232
0.0179525
-0.00416952
0.00140101
-0.00849218
0.00742018
0.00499754
-0.0021352
-0.0186965
-0.0134888
0.00865094
0.00369944
0.000885366
-0.0119149
0.0152715
-0.00300746
-0.00317682
0.00455369
-0.000577202
0.00350622
0.00655925
-0.00439238
0.000737111
0.00999723
-0.00397886
-0.000700594
-0.00352587
-0.0116819
0.0136076
-0.0114354
0.00268823
-0.011619
-0.0148301
-0.00679425
0.016227
0.0331068
-0.000818444
0.0112806
0.00674888
0.00157923
-0.0191603
0.00645809
-0.00874663
0.00869336
-0.0102579
-0.00654397
0.00423148
0.000631631
-0.00570175
-0.00578604
0.0090092
-0.00608361
-0.000272052
0.00219176
-0.0045968
0.0103418
0.0123458
-0.00602908
-0.0188233
0.000799603
0.002981
-0.0098914
-0.00418336
-0.0108031
0.0112864
3.10699e-05
0.00981967
-0.00411311
-0.00137297
-0.00740761
0.0116574
0.000277196
0.00411183
-0.00893183
-0.00204473
0.00625082
-0.00464445
-0.0003115
0.0135677
0.00363308
-0.00446192
-0.00714451
-0.00103194
0.00707273
-0.0124518
0.00827679
-0.00248546
0.00177693
-0.0116214
-0.0049285
-0.0237319
0.0241965
0.000398454
-0.000708931
0.00120461
-0.0207009
-0.000792777
-0.000232406
-0.0162963
-0.0113921
-0.0121123
0.0224053
0.00564221
-0.0173202
-0.0160716
0.00116939
0.00477301
-0.00710797
-0.00310134
0.00257042
-0.00334083
0.0210348
0.00419474
-0.0017372
0.0173479
-0.0222595
-0.00427789
0.00743126
0.00169611
-0.00534542
0.00203634
-0.0106226
0.0056681
0.0041416
0.0126095
0.00142157
0.0232172
0.00591855
-0.00591496
-0.00542719
-5.9327e-05
0.00753068
0.00203049