0.0362696
0.0893153
-0.00910042
-0.0241648
0.00568164
0.0588443
-0.208162
-0.0506034
0.0617134
0.0572323
-0.120701
-0.346135
0.0675933
0.0826259
-0.294722
0.0608293
-0.0584391
-0.362093
-0.143046
-0.139766
-0.0273714
0.113016
0.13075
0.0476502
-0.00776483
-0.0269002
-0.034844
0.304557
-0.0336805
-0.640007
-0.0702397
-0.514785
0.0981001
-0.259859
0.0128859
0.204959
-0.34219
0.0651563
0.0372904
-0.257604
-0.13667
0.162704
-0.399186
-0.125018
-0.0409432
0.079432
0.0501236
-0.000248927
0.00360992
-0.016763
0.00506825
-0.143189
-0.0268443
0.0902398
-0.209917
0.0708747
-0.0550144
-0.128171
0.143543
-0.0137623
0.0645555
0.101385
-0.057403
-0.186384
-0.199576
-0.0420697
0.0678096
-0.0426445
-0.10143
0.108295
0.0684252
0.0547487
-0.178288
-0.108954
-0.254255
-0.0661696
-0.0383296
-0.0771627
-0.117543
0.0320324
-0.0638021
0.0194286
-0.0847988
-0.307953
0.0788806
0.131618
-0.10062
-0.0716149
-0.0212881
0.0807497
-0.0163811
-0.147032
0.0285153
-0.0892317
0.0377478
0.0902782
0.00702023
0.0873866
-0.0149559
0.142735
0.00371847
-0.027294
-0.027835
-0.0436072
-0.259227
-0.47959
0.0400306
-0.262546
-0.002877
-0.0644184
0.0122215
-0.184647
0.0199075
0.00312464
-0.0103154
0.0676615
0.0945175
0.130549
-0.222565
-0.543448
0.0812993
0.136256
-0.468925
-0.0563307
-0.16056
-0.218567
-0.218456
0.0980568
0.0298599
-0.313694
-0.106785
0.0735958
0.0192304
-0.157899
-0.00910127
-0.0501034
-0.00811236
-0.0254276
-0.0891818
-0.0267187
-0.00213552
-0.0915342
-0.0402369
-0.0246499
-0.00527362
-0.00823617
-0.0206234
-0.0120992
-0.00070483
-0.0134956
-0.0104314
-0.0106136
-0.006975
-0.3492
-0.215669
-0.217207
-0.105041
-0.00775749
0.160621
-0.248363
-0.0656691
0.138664
0.0648421
0.0194777
-0.212788
0.305884
-0.144357
-0.301343
-0.448492
-0.117839
0.00488533
-0.0110182
-0.0155612
-0.12092
-0.00370837
-0.00520874
-0.000789893
-0.0905872
-0.0108066
-0.0368535
-0.197245
-0.173539
-0.160363
0.0839822
-0.00137193
-0.134984
0.0700047
0.138963
-0.00210746
-0.00330374
-0.0509061
-0.389581
-0.154076
0.0755193
-0.263233
0.0256121
0.00902683
-0.307311
-0.07331
-0.0120079
-0.554751
0.143885
0.168735
-0.346189
0.05115
-0.0263554
-0.367941
0.0405017
-0.00363504
0.13296
-0.103704
0.0320914
0.00302599
-0.0237129
-0.208446
-0.111954
-0.0500294
-0.0269915
0.0836875
0.0816973
0.15155
-0.0252064
-0.0912213
0.0216075
-0.243603
-0.0661907
-0.401245
-0.47736
0.0894348
0.0362493
0.129202
0.087455
-0.135523
-0.0994737
-0.012562
-0.0197489
-0.152657
-0.067721
-0.00122581
-0.0309256
-0.0691098
-0.0442245
-0.02381
-0.00840743
-0.054469
-0.0718566
-0.028415
-0.000171436
-0.035597
-0.0310663
-0.0781147
-0.0232326
-0.123197
-0.0561924
-0.228865
-0.0414001
-0.065958
-1.26474e-05
-0.0420031
-0.166951
-0.114904
-0.164413
-0.31705
-0.345997
-0.091342
0.162739
-0.024948
0.0578649
0.062516
0.0557067
-0.0423547
-0.133639
6.96661e-05
-0.0834012
0.0335443
0.0888666
-0.157835
0.0871821
0.0532797
0.0264481
0.147037
-0.111012
0.133632
0.0182018
-0.252923
-0.0779192
-0.270399
-0.0052261