-0.00608162
-0.00208289
0.0105887
-0.022767
0.00573076
-0.000667088
-0.0108425
0.00751762
0.00267908
0.00668712
-0.183559
0.379699
-0.223655
-0.344848
-0.189145
-0.270502
-0.207201
-0.153893
-0.313426
-0.168233
-0.0616523
-0.0905738
-0.162202
-0.233592
-0.246809
-0.260008
-0.248372
-0.260342
-0.211721
-0.235037
0.211937
-0.10417
-0.271556
-0.159886
-0.181563
-0.0968553
-0.107616
-0.0593148
-0.0858574
-0.0702382
-0.184773
-0.0722271
0.155297
-0.166944
-0.142343
-0.113412
-0.108809
-0.124762
-0.0906615
-0.102169
-0.182462
-0.193794
-0.154766
-0.227655
-0.155904
0.165948
-0.200018
-0.176219
-0.204884
-0.179383
-0.0129856
-0.00132041
0.0105058
-0.0244636
-0.0327072
-0.0159191
-0.0220308
-0.0216078
-0.0202243
-0.00687838
0.194792
-0.109105
-0.225782
-0.152052
-0.163833
-0.147639
-0.15435
-0.136559
-0.091748
-0.115357
0.379857
-0.0950009
-0.260314
-0.133439
-0.188593
-0.11914
-0.124585
-0.223262
-0.0763391
-0.0923517
-0.0846181
0.224387
-0.130956
-0.0515359
-0.138962
-0.0265202
-0.0471669
-0.0482865
-0.0557321
-0.0485329
0.00934864
0.0310749
-0.00325302
-0.0186156
-0.0141347
-0.0286249
-0.0295009
-0.0136837
0.000601046
-0.0433989
0.128378
-0.0895979
-0.0934378
-0.0655336
-0.0515116
-0.0444449
-0.038783
-0.0544503
-0.0254845
-0.0428425
-0.0540632
-0.243401
0.127626
-0.24092
-0.103684
-0.138669
-0.141872
-0.142482
-0.158233
-0.135649
0.0408637
0.000158116
-0.0100271
-0.0229214
-0.0329529
-0.01629
-0.0415131
-0.0219002
-0.0215835
-0.0330287
-0.0015937
-0.0383647
-0.0323928
-0.0254099
-0.0369527
-0.0194503
0.0201646
-0.0518944
-0.0279793
-0.0354355
-0.0157604
0.0163088
-0.0399309
-0.0352777
-0.0117317
-0.0176717
-0.000861035
-0.0322949
-0.0167685
0.0030775
-0.279511
0.340439
-0.215506
-0.282278
-0.271004
-0.241945
-0.272475
-0.326485
-0.35214
-0.238962
0.0128152
0.0310879
-0.0249403
-0.0228951
-0.0151737
-0.00782466
-0.0146775
-0.0221072
-0.00479002
-0.0205857
-0.175099
0.199901
-0.228123
-0.320136
-0.245689
-0.227891
-0.183627
0.0509552
-0.166548
-0.13893
-0.101848
-0.0188933
0.0525377
-0.0712129
-0.0841011
-0.0833501
-0.0842525
-0.0755204
-0.0620284
-0.0692903
0.217889
-0.12998
-0.247455
-0.261731
-0.196134
-0.145184
-0.142818
-0.158233
-0.158816
-0.132318
0.0264328
0.0220944
-0.00210143
-0.0205994
-0.00789735
-0.015801
-0.0163151
-0.0342997
-0.0213138
-0.0375994
-0.24984
-0.294842
-0.288992
0.282895
-0.226409
-0.234423
-0.23415
-0.21445
-0.215507
-0.1771
0.0157304
0.0161864
0.00972212
-0.0253351
-0.0247134
-0.0273248
-0.0238125
-0.000160921
-0.00467016
0.00227597
-0.292647
-0.315098
-0.266437
-0.34698
-0.364746
0.292845
-0.297337
-0.334493
-0.35921
-0.228693
-0.000140076
0.00243847
-0.0113415
-0.00404738
-0.0183573
-0.0100013
-0.00103882
-0.00779544
-0.00921645
0.00276316
-0.21763
-0.215744
-0.142109
0.242141
-0.149633
-0.180425
-0.138486
-0.192301
-0.12327
-0.138002
0.00337161
-0.00028187
-0.0120264
-0.000980247
-0.0137678
-0.015254
-0.00425086
0.00579092
0.00122202
-0.0245619
-0.176758
0.338033
-0.155446
-0.189513
-0.14719
-0.170134
-0.150322
-0.187128
-0.248558
-0.125868
-0.0590436
0.203697
-0.128939
-0.102769
-0.0714666
-0.0723456
-0.0837714
-0.0630955
-0.0791342
-0.0531864
-0.117484
-0.246206
-0.0757183
0.147122
-0.187389
-0.220221
-0.164998
-0.178133
-0.16071
-0.16781
-0.0437713
-0.00880351
0.0192237
-0.0340465
-0.0295911
-0.0190425
-0.0351915
-0.0150898
-0.0417756
-0.0450624
-0.388508
-0.064051
-0.365036
-0.23146
0.114734
-0.284782
-0.231479
-0.304885
-0.260392
-0.269968
-0.0399988
-0.00467817
0.0130509
-0.00889089
-0.0257805
-0.0471586
-0.0325174
-0.036562
-0.0118007
-0.0268006
0.21107
-0.0689504
-0.146663
-0.251107
-0.0963317
-0.146509
-0.070152
-0.0997192
-0.104129
-0.0994308
-0.157775
-0.127806
0.150337
-0.0920251
-0.0842028
-0.0919118
-0.100504
-0.110563
-0.0796195
-0.0727126
0.112595
-0.0741088
-0.15596
-0.201173
-0.0340953
-0.0841345
-0.0922471
-0.0826406
-0.0723667
-0.0770599
-0.076427
-0.0634028
0.0614902
-0.037694
-0.0292623
-0.0348429
-0.0336396
-0.0355289
-0.0436713
-0.03321
-0.452126
-0.11714
0.084878
-0.338628
-0.411181
-0.365951
-0.308915
-0.383446
-0.350057
-0.343731
-0.536385
-0.0965141
-0.0525179
-0.438807
-0.405344
-0.48223
-0.412941
-0.39603
-0.440488
-0.3831
-0.126608
0.152711
-0.0695164
-0.0493802
-0.0454983
-0.0510656
-0.0745242
-0.10911
-0.102086
-0.0635312
-0.777462
-0.249595
-0.799752
-0.26946
-0.784016
-0.608726
-0.742428
-0.221931
-0.658726
-0.76102
-0.477326
-0.00759199
-0.390342
-0.293906
-0.454911
-0.521233
-0.447938
-0.437943
-0.564169
-0.456586
-0.0204109
0.013723
0.00876476
-0.0166385
-0.0179722
-0.0136723
-0.00730051
-0.0150455
-0.0128343
-0.0247435
-0.0972756
-0.0357406
0.0778545
-0.0433101
-0.0586702
-0.0578743
-0.0394224
-0.0413566
-0.0525352
-0.0515851
0.250097
-0.142779
-0.295244
-0.199834
-0.215092
-0.192196
-0.199107
-0.168264
-0.12589
-0.150103
-0.696087
-0.635001
-0.38659
-0.516449
-0.587906
-0.705515
-0.606888
-0.810274
-0.0485633
-0.587521
-0.0880935
0.219995
-0.131873
-0.0894683
-0.157433
-0.0851535
-0.0846282
-0.0865242
-0.0671976
-0.081433
-0.00250442
-0.0496007
-0.276181
-0.0331313
-0.0733156
-0.0982201
-0.119647
-0.117163
-0.100109
-0.116602
-0.252336
-0.225601
0.161515
-0.187049
-0.0770146
-0.155934
-0.168354
-0.138749
-0.154306
-0.144196
-0.331256
-0.237099
-0.342343
-0.273272
0.241114
-0.293022
-0.280708
-0.339875
-0.220058
-0.240858
-0.210933
-0.469871
-0.141227
-0.440955
-0.603656
-0.56785
-0.469683
-0.375655
-0.454763
-0.49719
0.0405593
-0.0667941
-0.0604895
-0.070434
-0.0660822
-0.0958764
-0.0464974
-0.0667326
-0.0815186
-0.0430958
-0.33969
-0.480494
-0.3813
-0.454126
-0.338257
0.305048
-0.291895
-0.346264
-0.435662
-0.315541
-0.00444646
0.0130089
0.0037091
0.013603
-0.000836673
0.00449855
0.0155779
-0.00702674
-0.00127935
-0.00166496
0.253745
-0.124015
-0.217336
-0.177847
-0.123035
-0.183077
-0.102867
-0.10763
-0.105257
-0.111827
-0.0872722
-0.0447591
0.0792157
-0.0590888
-0.0808647
-0.0528705
-0.0528293
-0.0678917
-0.0641391
-0.0518005
-0.16401
-0.107088
-0.0857452
0.134516
-0.0704673
-0.072505
-0.0717565
-0.108046
-0.0604863
-0.082494
-0.380463
-0.207503
-0.373212
-0.310676
0.221524
-0.341543
-0.321313
-0.284022
-0.293331
-0.299045
-0.119071
-0.129629
-0.0910631
-0.100788
-0.0501188
-0.104829
-0.0651447
-0.031037
-0.115347
-0.120511
-0.127108
0.387038
-0.171596
-0.118646
-0.284383
-0.118113
-0.127925
-0.143047
-0.191311
-0.0994961
-0.213881
-0.304751
-0.570231
-0.534962
-0.0670704
-0.45171
-0.315292
-0.375002
-0.405617
-0.396957
-0.308002
-0.55597
-0.39098
-0.478278
-0.272182
0.125388
-0.281792
-0.406178
-0.402522
-0.349616
0.00593632
-0.0771064
0.0320916
-0.0640898
-0.0753982
-0.0869013
-0.0775684
-0.09147
-0.0868679
-0.0821207
0.247905
-0.0761515
-0.323826
-0.214157
-0.225077
-0.111524
-0.162452
-0.112856
-0.150492
-0.12907
-0.318346
-0.413106
-0.629165
-0.572961
-0.580241
-0.495997
-0.513096
-0.579354
0.0561888
-0.491515
-0.0258968
-0.0246466
0.0087282
-0.0475954
-0.0672178
-0.0658814
-0.0735808
-0.0673721
-0.0734246
-0.0776123
-0.230278
-0.298492
-0.227415
0.247598
-0.216586
-0.264231
-0.233268
-0.293703
-0.23053
-0.211106
-0.342688
-0.414281
-0.344255
0.140091
-0.127995
-0.247288
-0.319235
-0.289545
-0.400957
-0.293863
-0.0855647
-0.0332248
0.0440401
-0.0343012
-0.0475405
-0.0538778
-0.0228264
-0.0447551
-0.0625847
-0.0300404
-0.167881
-0.484017
-0.09524
-0.260073
-0.461188
-0.561424
-0.31716
-0.456686
-0.202272
-0.379965
-0.454345
-0.502424
-0.169016
-0.514367
-0.365779
0.145017
-0.371805
-0.520047
-0.48425
-0.388644
0.00986718
0.0292753
-0.00407067
-0.0109934
-0.014286
-0.0187995
-0.00840969
-0.00493354
-0.000280084
-0.0092749
-0.287973
-0.222009
0.11588
-0.231154
-0.101111
-0.378834
-0.218365
-0.199646
-0.222601
-0.220968
-0.0220215
-0.0123301
-0.000734364
-0.0352494
-0.0237989
-0.0111414
-0.00804867
-0.0200303
0.00977126
-0.00949268
-0.529362
-0.413085
-0.547653
-0.00847865
-0.247019
-0.324908
-0.497167
-0.466771
-0.481966
-0.425752
-0.0182688
0.0345762
-0.0234285
-0.0219
-0.0317964
-0.028108
-0.0362522
-0.0365948
-0.0364231
-0.015345
-0.0397701
0.190244
-0.0803514
-0.0682511
-0.151698
-0.0452485
-0.0621075
-0.0667644
-0.0563179
-0.0423396
0.00551502
0.0400848
-0.019935
-0.0101851
-0.0229475
-0.03556
-0.0356328
-0.033556
-0.0338706
-0.0398115
-0.294328
-0.460435
-0.298694
-0.42468
-0.290941
0.226302
-0.326539
-0.318202
-0.39975
-0.319006
-0.300836
-0.477446
-0.284151
-0.47847
-0.269885
0.313992
-0.308164
-0.320681
-0.352155
-0.268202
0.00181618
0.0415479
-0.0230134
-0.0290119
-0.0211576
-0.0258679
-0.0253636
-0.0138582
-0.0112706
-0.0319794
-0.0124769
-0.00339644
-0.0126343
-0.0033907
-0.00375354
-0.00875922
-0.000486871
-0.00196565
-0.00602587
0.00878857
0.00501783
0.00226433
0.00093681
-0.0159075
-0.0144411
0.0100315
-0.0186716
-0.00390649
0.0107011
0.00619839
-0.223386
-0.477645
-0.402004
-0.242566
-0.361211
-0.355703
0.144558
-0.349282
-0.286105
-0.300913
0.226849
-0.151038
-0.294844
-0.193993
-0.178218
-0.180183
-0.114374
-0.199274
-0.0990686
-0.136823
0.164197
-0.0929881
-0.20564
-0.103684
-0.0261172
-0.104255
-0.0612545
-0.0798969
-0.0650315
-0.0795236
-0.395621
0.083596
0.0477307
-0.473309
-0.323512
-0.432941
-0.338622
-0.341666
-0.325644
-0.282029
0.213697
-0.1805
-0.266738
-0.174059
-0.147681
-0.108593
-0.17514
-0.165065
-0.113581
-0.139364
0.23474
-0.144132
-0.280931
-0.29306
-0.223216
-0.243221
-0.189846
-0.230638
-0.0960577
-0.181183
-0.0631676
0.137749
-0.0319806
-0.101135
-0.0930543
-0.0758277
-0.0594151
-0.0540767
-0.0527375
-0.0630039
-0.157148
0.0593402
-0.129133
-0.0825631
-0.225689
-0.219921
-0.134031
-0.119332
-0.160282
-0.137414
0.0688666
-0.144417
-0.0165155
-0.0791332
-0.0520603
-0.074702
-0.0654261
-0.0509743
-0.0733932
-0.0643572
-0.058368
0.0107994
0.0285383
-0.0337675
-0.0593011
-0.0617089
-0.0535093
-0.0321314
-0.052687
-0.0300178
-0.0410874
0.0736921
-0.0262319
-0.013536
-0.0132713
-0.00772173
-0.0374486
-0.0114839
-0.0133514
-0.0309565
-0.374301
-0.331046
-0.388116
-0.323002
-0.307835
-0.210828
0.264857
-0.339367
-0.274468
-0.278517
0.308043
-0.100813
-0.285233
-0.16228
-0.248734
-0.217893
-0.144612
-0.195143
-0.130057
-0.160815
-0.228092
0.382632
-0.274288
-0.363112
-0.28861
-0.284448
-0.185555
-0.239573
-0.348929
-0.212344
-0.276781
0.286055
-0.256136
-0.369607
-0.264682
-0.297071
-0.282695
-0.229026
-0.379678
-0.266316
-0.361819
-0.28993
0.106929
-0.324454
-0.338871
-0.551591
-0.269795
-0.131091
-0.287366
-0.271414
-0.652134
-0.963113
-0.699962
-0.269042
-0.717108
-0.249692
-0.695987
-0.658493
-0.698047
-0.715136
-0.0392598
-0.0194441
0.0301
-0.0248147
-0.0320284
-0.0327514
-0.0315804
-0.0366977
-0.0311943
-0.0414708
-0.274649
-0.390815
-0.261416
-0.421404
-0.379841
0.156714
-0.392995
-0.34147
-0.396369
-0.334386
-0.180674
0.410109
-0.215389
-0.24795
-0.252157
-0.196497
-0.220177
-0.137593
-0.279651
-0.176283
0.0161391
-0.200318
-0.00385575
-0.217803
-0.125159
-0.15486
-0.161433
-0.165803
-0.145738
-0.152801
0.00328955
-0.00802756
-0.00548237
-0.00316332
-0.000197834
-0.000679667
-0.014541
0.026054
0.00698634
-0.0140368
-0.434904
-0.516085
-0.150532
-0.366689
-0.318334
-0.555283
-0.379384
-0.432986
0.0622196
-0.326727
-0.0972042
-0.190472
-0.166551
0.2142
-0.118026
-0.112405
-0.115058
-0.211271
-0.0725316
-0.116379
-0.442161
-0.254539
-0.365222
-0.417744
-0.352899
0.251045
-0.281759
-0.349947
-0.477436
-0.300704
-0.00851983
0.00400247
-0.0398615
-0.0179724
-0.0271982
-0.0279885
-0.0206238
-0.0290332
-0.0193147
-0.0362487
-0.618217
-0.725054
-0.570935
-0.801169
-0.435828
-0.84596
-0.625553
-0.1278
-0.387758
-0.641967
-0.0378201
0.0582063
-0.0089131
-0.0155948
-0.0261842
-0.0328407
-0.0438272
-0.0360944
-0.0335081
-0.0257205
-0.333093
-0.457708
-0.311473
-0.421321
-0.265091
0.299452
-0.260676
-0.304258
-0.355849
-0.278019
-0.261945
-0.226444
-0.187355
0.274415
-0.198492
-0.287752
-0.186915
-0.181409
-0.195755
-0.161153
-0.199434
-0.135701
0.179411
-0.114459
-0.143429
-0.138294
-0.105503
-0.0967327
-0.0978116
-0.0938767
0.0206711
-0.167984
0.0762056
-0.0742728
-0.0715943
-0.098131
-0.0678143
-0.0769964
-0.0891504
-0.0954841
-0.079054
-0.208376
0.0796069
-0.275112
-0.145718
-0.209649
-0.201463
-0.237201
-0.137554
-0.190517
0.017746
0.00372876
-7.25013e-05
-0.00172017
-0.00182256
0.00105376
0.00354795
0.00550457
0.0102753
0.0136001
-0.207079
0.209387
-0.108674
-0.205846
-0.148366
-0.141955
-0.154229
-0.14928
-0.167663
-0.149103
-0.206316
-0.445879
-0.248639
-0.261057
-0.422394
-0.377095
-0.430706
-0.490405
-0.302095
-0.39282
-0.330715
-0.323729
-0.176176
0.154692
-0.299521
-0.218057
-0.237796
-0.329914
-0.308742
-0.251485
-0.000119161
-0.00906466
0.0139637
-0.00525614
0.0132354
-0.00195736
0.000722244
-0.00932826
0.0051305
-0.00480577
-0.395995
-0.396844
-0.355971
-0.529032
-0.259395
0.149831
-0.384702
-0.444293
-0.35802
-0.375533
-0.0993055
0.244093
-0.154097
-0.112612
-0.180101
-0.062198
-0.108569
-0.101924
-0.0917129
-0.112979
-0.227284
-0.25176
0.26476
-0.193944
-0.0961915
-0.276713
-0.161276
-0.228495
-0.176906
-0.162378
-0.251504
-0.161578
0.166647
-0.200254
-0.142094
-0.273427
-0.149129
-0.264977
-0.181574
-0.162773
-0.0477926
0.0635019
-0.00336336
-0.0378851
-0.0348681
-0.0347394
-0.0216534
-0.0178331
-0.0184493
-0.0224676
-0.534461
-0.271197
-0.452359
-0.331519
0.168941
-0.396563
-0.378458
-0.416662
-0.345114
-0.3719
-0.325651
-0.136641
0.216847
-0.280124
-0.284737
-0.258785
-0.257045
-0.253138
-0.235851
-0.217994
-0.319209
-0.271452
-0.338648
-0.305682
-0.371957
-0.316343
0.265755
-0.322538
-0.275028
-0.281652
0.137655
-0.0827231
-0.178943
-0.0650732
-0.0473507
-0.0802573
-0.083165
-0.0750268
-0.0802667
-0.101785
-0.0570411
-0.159575
0.12043
-0.144041
-0.078149
-0.102385
-0.106625
-0.0964772
-0.112506
-0.105797
-0.150817
-0.373034
-0.184989
0.112458
-0.343607
-0.360079
-0.304786
-0.328685
-0.292659
-0.291779
-0.177272
-0.286338
-0.224231
0.0946054
-0.254353
-0.116098
-0.194966
-0.266897
-0.18724
-0.177596
-0.245429
-0.179284
0.113383
-0.187092
-0.253188
-0.274167
-0.203301
-0.207875
-0.200914
-0.218501
-0.00354209
0.0387734
-0.0291341
-0.0246625
-0.0321758
-0.0416046
-0.011604
-0.0171375
-0.0283503
-0.0151926
-0.0039776
0.00486459
0.00869249
-0.00987317
-0.0185996
0.00388041
0.0111848
0.0068615
-0.0301749
0.0122619
-0.0266958
-0.0210987
0.0248815
-0.00206157
0.00915336
0.0073515
-0.0189669
0.0107197
0.000679093
0.0193394
-0.219583
0.364282
-0.284263
-0.286463
-0.217251
-0.265879
-0.238823
-0.184267
-0.246081
-0.176947
-0.59762
-0.372027
-0.610662
-0.614502
-0.595931
-0.290624
-0.566725
0.0596355
-0.675793
-0.474751
-0.355993
-0.264908
-0.401058
-0.271192
0.283294
-0.29737
-0.190058
-0.260665
-0.199615
-0.240344
-0.14793
-0.117987
0.217575
-0.199778
-0.0946352
-0.103606
-0.11857
-0.0831523
-0.110096
-0.107549
-0.427505
-0.488364
-0.34987
-0.521459
-0.298474
-0.551593
-0.42098
0.340012
-0.536419
-0.396577
-0.167306
-0.105436
-0.123162
0.118332
-0.0726536
-0.0729063
-0.0964469
-0.0730186
-0.074973
-0.0721783
-0.399725
-0.266557
-0.351192
-0.285481
-0.32246
-0.293654
0.244399
-0.351126
-0.26745
-0.313444
-0.103118
0.204043
-0.118504
-0.0599238
-0.137966
-0.0548341
-0.0906598
-0.0736917
-0.0827823
-0.092463
-0.255553
-0.443198
-0.283911
-0.423116
-0.195312
0.172916
-0.326122
-0.302777
-0.352937
-0.286182
-0.0696692
-0.0315648
0.0679207
-0.0638027
-0.0576256
-0.0594896
-0.0477245
-0.0801344
-0.0615748
-0.0661754
-0.00315091
0.0321572
-0.0416766
-0.0413831
-0.0212872
-0.0473638
-0.0340098
-0.0483333
-0.0394722
-0.0327273
-0.0236987
-0.40543
-0.38972
-0.311736
-0.269658
-0.31475
-0.00856021
-0.330061
-0.309565
-0.324629
-0.107206
-0.264485
0.157102
-0.275722
-0.24165
-0.272801
-0.303599
-0.289945
-0.250471
-0.258489
-0.0279579
0.051429
-0.0090081
-0.0136835
0.00121593
-0.023046
-0.0147744
-0.0132433
0.00282499
-0.0216273
-0.323734
-0.32843
-0.410672
-0.586727
-0.349171
0.00934749
-0.428556
-0.467799
-0.247732
-0.346762
-0.173604
-0.524748
-0.456832
-0.267652
-0.469526
-0.417617
-0.06338
-0.525568
-0.420907
-0.45395
0.0415417
-0.0973475
-0.0560053
-0.0735406
-0.0916224
-0.0926879
-0.0911385
-0.0992125
-0.100667
-0.0971858
-0.29027
-0.574838
-0.420115
-0.448404
-0.509674
0.152421
-0.429249
-0.373998
-0.452292
-0.418592
-0.167164
-0.182056
-0.0580181
-0.216882
-0.309741
-0.214171
-0.258527
-0.340985
-0.202919
-0.240134
-0.149155
-0.0259197
0.0524493
-0.10649
-0.0866992
-0.103689
-0.0821832
-0.0831673
-0.102525
-0.0972131
-0.191568
-0.379625
0.0406875
-0.351081
-0.348861
-0.401752
-0.37988
-0.351808
-0.324699
-0.32743
0.041119
-0.335725
-0.432186
-0.35747
-0.279309
-0.354605
0.0606466
-0.426495
-0.263566
-0.315494
-0.0488311
0.000266644
0.0595821
-0.0378456
-0.040292
-0.0400453
-0.0393115
-0.0316688
-0.0284444
-0.0476791
-0.196967
-0.0556037
-0.0393822
0.0228522
-0.113902
-0.0680759
-0.0722209
-0.0694314
-0.0861075
-0.0838334
-0.153458
0.323705
-0.350835
-0.301401
-0.28997
-0.321542
-0.313605
-0.254653
-0.363661
-0.265906
0.273658
-0.112751
-0.299014
-0.082519
-0.179818
-0.244055
-0.190037
-0.212638
-0.120822
-0.137324
-0.0158371
-0.0613877
-0.120522
-0.0166546
-0.0846433
0.00823442
-0.0701713
-0.063137
-0.064284
-0.0579864
-0.356968
-0.415913
-0.236548
0.172749
-0.361005
-0.442309
-0.356057
-0.350062
-0.257677
-0.316424
-0.0999673
0.0099348
0.0111574
-0.0937822
-0.0890047
-0.110811
-0.0772712
-0.0894621
-0.0762356
-0.0971644
-0.262008
0.360217
-0.202452
-0.290411
-0.212406
-0.264474
-0.250227
-0.228182
-0.315227
-0.230318
-0.392331
-0.548077
-0.613234
-0.434311
-0.579628
-0.15983
-0.56368
-0.553078
-0.0679617
-0.549644
-0.511715
-0.423828
-0.538852
-0.261027
-0.490358
0.102259
-0.447888
-0.519445
-0.37175
-0.416972
-0.0243135
-0.0162107
-0.0284599
0.0362663
-0.0067082
-0.0368251
-0.0277666
-0.0228834
-0.0316313
-0.020158
-0.774991
-0.66407
-0.789664
-0.246337
-0.724001
-0.544615
-0.733616
-0.439265
-0.071154
-0.72528
-0.0710941
-0.00856553
0.014649
-0.0323025
-0.0500524
-0.038259
-0.0619001
-0.0435712
-0.0231895
-0.049696
0.0398297
-0.33287
-0.216732
-0.0413416
-0.238541
-0.239239
-0.233668
-0.251686
-0.207529
-0.24224
-0.0772621
0.149088
-0.107489
-0.0377416
-0.0531068
-0.047999
-0.0550683
-0.0559963
-0.0454751
-0.0470427
-0.161389
-0.0767665
0.0930392
-0.131007
-0.0977249
-0.106264
-0.10703
-0.0923392
-0.109594
-0.095864
-0.194721
0.335298
-0.269578
-0.368378
-0.25473
-0.292803
-0.217051
-0.21265
-0.368597
-0.208077
-0.0018432
-0.347363
-0.303696
-0.0353117
-0.308165
-0.228443
-0.212549
-0.294721
-0.242018
-0.276063
-0.236796
-0.134459
-0.171557
-0.28358
-0.240227
-0.325727
-0.214313
0.131835
-0.234953
-0.255952
-0.0893546
0.0142739
0.0237534
-0.0329668
-0.0642388
-0.0689975
-0.0775721
-0.0590918
-0.0490946
-0.072566
0.152698
-0.141592
-0.117504
-0.109994
-0.127483
-0.089075
-0.0393774
-0.122775
-0.0983687
-0.0844756
-0.0694835
-0.188764
0.137039
-0.129884
-0.059281
-0.123488
-0.113122
-0.0921592
-0.104439
-0.104648
0.00686868
-0.00450993
0.00495627
-0.00299188
-0.00597641
0.00254868
-0.00269438
-0.0017745
0.00974509
-0.0112607
-0.374061
-0.734244
-0.448135
-0.813773
-0.591492
-0.870837
-0.629359
0.054011
-0.686367
-0.654149
-0.431644
-0.0553548
-0.476291
-0.426912
-0.460339
0.0183073
-0.44567
-0.536478
-0.446882
-0.428897
-0.570956
-0.606538
-0.24236
-0.443792
-0.460272
-0.589197
-0.518066
-0.587211
0.0169697
-0.43482
0.00893643
0.029756
-0.0387488
-0.0249357
-0.0344532
-0.00612344
-0.0124877
-0.0160827
-0.0227029
-0.0068707
-0.229539
-0.528707
-0.18708
-0.567376
-0.530143
-0.56529
-0.61775
-0.561023
-0.554644
-0.579982
-0.00233492
-0.000845177
-0.00521271
0.00624583
-0.0062515
0.00271521
0.00495944
-0.0139695
0.019566
-0.00463744
-0.0707528
0.0216714
0.00228187
-0.0326045
-0.0166314
-0.0425714
-0.0393149
-0.0500429
-0.0473743
-0.0488293
-0.165295
0.271813
-0.179024
-0.232719
-0.130056
-0.117573
-0.124769
-0.0945247
-0.155762
-0.130641
-0.0131112
0.00619375
0.00717032
-0.00925787
0.0040757
-0.00319372
-0.00800828
0.00380626
0.00607326
0.0168951
-0.0268721
0.0153389
0.0128723
-0.0355298
-0.0562194
-0.0553575
-0.0563598
-0.0468371
-0.0468465
-0.0469063
0.00549445
0.0185074
-0.0133337
-0.0135227
-0.0113887
-0.0242105
-0.0221687
-0.018188
-0.0201696
-0.0183338
-0.0242895
-0.0251959
-0.0537519
0.00129865
-0.0374221
-0.0323091
-0.0442932
-0.0444866
-0.0377782
-0.0458826
-0.221739
-0.259324
-0.0321236
0.0167358
-0.216096
-0.188915
-0.22146
-0.215277
-0.206336
-0.211332
-0.0501797
-0.0956579
0.0330289
-0.175581
-0.132715
-0.148534
-0.186777
-0.159703
-0.145354
-0.162035
-0.349925
-0.613388
-0.395966
-0.512069
-0.382986
0.217363
-0.35668
-0.460575
-0.50674
-0.415369
-0.248126
-0.26867
-0.174094
0.219353
-0.218648
-0.353675
-0.266064
-0.230478
-0.191301
-0.183728
-0.191981
-0.181383
0.21058
-0.183869
-0.0870772
-0.118417
-0.132192
-0.109206
-0.134084
-0.126977
-0.222182
-0.288614
-0.306989
0.243728
-0.285681
-0.359105
-0.282762
-0.368089
-0.327716
-0.244386
0.218334
-0.10431
-0.212226
-0.153899
-0.152226
-0.108121
-0.162465
-0.171459
-0.0893367
-0.105648
-0.152163
0.226036
-0.163004
-0.258541
-0.177239
-0.280598
-0.12165
-0.139728
-0.169396
-0.111514
-0.174711
-0.1894
-0.214197
0.21718
-0.217357
-0.19266
-0.187041
-0.226579
-0.214536
-0.163219
-0.203112
-0.347162
-0.345004
-0.179955
0.263713
-0.133218
-0.190898
-0.15624
-0.0694172
-0.15066
-0.15283
-0.138301
0.1882
-0.214113
-0.0524864
-0.157929
-0.12573
-0.123764
-0.112926
-0.130286
-0.113486
-0.142202
0.138655
-0.11555
-0.0878748
-0.0829554
-0.0878205
-0.0740716
-0.0934197
-0.0874977
-0.975484
-1.03981
-0.938042
-0.472821
-0.868732
-0.389064
-0.877573
-0.586555
-0.818669
-0.922492
-0.0452154
-0.126696
0.0586597
-0.192201
-0.0854193
-0.12014
-0.104013
-0.111891
-0.117689
-0.123279
-0.281182
0.477417
-0.290928
-0.372181
-0.304063
-0.298443
-0.257696
-0.234424
-0.359263
-0.241512
-0.156556
-0.211498
0.22466
-0.155336
-0.113006
-0.127036
-0.115427
-0.140304
-0.129208
-0.13871
-0.09711
-0.00349181
0.0128188
-0.0500305
-0.0657405
-0.069166
-0.0563613
-0.0653417
-0.0695378
-0.058506
-0.0209461
-0.147258
-0.0364985
-0.141564
-0.132916
-0.160933
-0.125744
-0.119795
-0.142266
-0.128813
-0.860596
-0.774121
-0.751861
-0.328342
-0.736982
-0.299031
-0.860418
-0.774046
-0.702544
-0.78112
-0.107392
-0.293499
-0.168237
0.04222
-0.222842
-0.281215
-0.22589
-0.238716
-0.200259
-0.224517
-0.314493
-0.306547
-0.168045
0.193346
-0.272639
-0.356332
-0.259116
-0.3103
-0.247493
-0.240452
-0.811016
-0.764627
-0.812292
-0.242734
-0.759473
-0.408737
-0.770147
-0.614686
-0.0464202
-0.741134
-0.0471105
0.00672517
0.013114
-0.0326484
-0.0285734
-0.0221438
-0.0207286
-0.028866
-0.0456287
-0.0460942
0.0810204
-0.0489251
-0.068368
-0.143683
-0.0159144
-0.0547742
-0.0393001
-0.0601647
-0.0308341
-0.0545341
0.16198
-0.0992104
-0.13204
-0.0874649
-0.0656448
-0.0849498
-0.0985017
-0.105205
-0.0922872
-0.0970714
-0.187713
-0.247104
-0.241778
0.294027
-0.246295
-0.235128
-0.192312
-0.232879
-0.256827
-0.143697
-0.0804969
-0.00793266
0.0279604
-0.0550222
-0.0367938
-0.0347637
-0.0631062
-0.0453359
-0.0629682
-0.0425277
-0.429412
-0.255222
-0.409895
-0.276246
0.23243
-0.363788
-0.341616
-0.397082
-0.328828
-0.316704
-0.0350751
0.00623542
0.028032
-0.0329936
-0.0242771
-0.0197921
-0.0266226
-0.0264332
-0.0196568
-0.00649865
-0.054755
-0.0187367
0.0418651
-0.0306285
-0.0417372
-0.0372098
-0.0409019
-0.0415163
-0.0331799
-0.0552249
-0.0341266
0.010418
0.0127037
-0.0114488
-0.00222112
0.00485789
-0.0271099
-0.0125135
-0.00825814
-0.0144228
-0.0306973
0.125863
-0.0845639
-0.0538777
-0.0765852
-0.0372672
-0.0498432
-0.0322815
-0.0280953
-0.013053
-0.0413587
0.0796781
-0.0331648
-0.0478979
-0.0256493
-0.0266648
-0.0457026
-0.0360222
-0.0587195
-0.0393817
-0.0499181
0.0436066
-0.0230943
-0.018629
-0.0254741
-0.0186111
-0.0219027
-0.0192995
-0.0179752
-0.0226035
-0.128959
0.22939
-0.0954255
-0.0587194
-0.105216
-0.0816221
-0.0774406
-0.0757018
-0.0672656
-0.0776701
-0.435148
-0.339347
-0.255975
-0.40039
-0.283125
-0.36374
0.185904
-0.33387
-0.313816
-0.316944
-0.13075
-0.334543
-0.197574
0.132153
-0.334386
-0.39613
-0.326644
-0.331544
-0.318055
-0.303088
-0.134997
0.32063
-0.236073
-0.150684
-0.215802
-0.128919
-0.186148
-0.18548
-0.209486
-0.169503
-0.406285
-0.515728
-0.314025
-0.527517
-0.338676
-0.502516
-0.339758
0.342784
-0.544431
-0.400867
-0.112051
-0.201885
0.129541
-0.135778
-0.111625
-0.16021
-0.132962
-0.125154
-0.0806201
-0.137523
-0.0762315
0.107453
-0.070219
-0.0333699
-0.0561043
-0.0548992
-0.0529538
-0.0577279
-0.0595937
-0.0585497
-0.104688
0.249412
-0.0903825
-0.174319
-0.152743
-0.142651
-0.107086
-0.0943717
-0.232814
-0.089437
-0.198195
-0.121598
-0.0649599
0.111934
-0.0617794
-0.0742134
-0.0810658
-0.0763315
-0.0915245
-0.0893826
-0.0617776
-0.231734
-0.105809
-0.226067
-0.317792
-0.231301
-0.225946
-0.37651
-0.231047
-0.248139
0.00453485
-0.00341023
0.00551394
-0.0147208
-0.00867818
0.014685
-0.00309019
-0.0276755
0.00296754
-0.00473225
0.150431
-0.0592448
-0.134657
-0.0962505
-0.0467787
-0.0585723
-0.0383526
-0.0476485
-0.0274395
-0.0638805
-0.0939866
0.167936
-0.13698
-0.0194737
-0.0652887
-0.0550657
-0.0797193
-0.063127
-0.0661191
-0.086356
-0.21382
-0.475211
-0.52295
-0.656056
-0.497164
-0.604581
-0.31431
-0.439236
0.072123
-0.400084
0.0889862
-0.118616
-0.135629
-0.0774358
-0.0667126
-0.00212379
-0.0875418
-0.073622
-0.0842043
-0.0829602
-0.0298745
0.0731753
-0.0141964
-0.0158335
-0.0342821
-0.0146987
-0.0127092
-0.0138508
-0.0259051
-0.0161066
0.269119
-0.192592
-0.185672
-0.28503
-0.215662
-0.238405
-0.170187
-0.242091
-0.147937
-0.164813
-0.34635
-0.102246
-0.360061
-0.246137
0.126773
-0.281691
-0.301754
-0.300461
-0.231552
-0.2523
0.232868
-0.0983419
-0.220057
-0.198839
-0.151572
-0.16078
-0.12251
-0.0797934
-0.0991211
-0.103017
-0.061163
0.0011947
0.0224271
-0.0596294
-0.0496577
-0.0362717
-0.053586
-0.0496292
-0.0363809
-0.050852
-0.0618152
0.0256485
8.60816e-05
-0.0157132
-0.0188388
-0.00720162
-0.0267824
-0.0168539
-0.0336349
0.00638722
-0.081316
0.144594
-0.135843
-0.199596
-0.140546
-0.0945615
-0.100959
-0.0930986
-0.0994828
-0.0930191
-0.190872
-0.355542
-0.150146
-0.332603
-0.235211
-0.0094012
-0.319583
-0.301053
-0.290217
-0.30041
0.0206998
-0.00393553
0.00699083
-0.0159147
-0.0179383
-0.017804
-0.0116025
-0.0193404
-0.0407277
-0.00834593
-0.617179
-0.656725
-0.631961
-0.264154
-0.550498
-0.00247263
-0.588461
-0.420897
-0.537302
-0.519682
-0.222514
-0.0589261
0.115797
-0.115399
-0.112053
-0.110439
-0.137078
-0.133917
-0.1149
-0.125407
0.113898
-0.048034
-0.0961232
-0.145113
-0.0508026
-0.0587961
-0.0551371
-0.0678021
-0.0482458
-0.065823
-0.566695
-0.639191
-0.617635
-0.718865
-0.32012
-0.536788
-0.190504
-0.623745
-0.144701
-0.501118
-0.142266
-0.110361
-0.221441
0.207281
-0.181323
-0.0464533
-0.110752
-0.103854
-0.0773859
-0.0834655
-0.361885
-0.269386
0.253731
-0.184453
-0.142568
-0.303296
-0.204572
-0.208178
-0.176535
-0.200779
-0.405898
-0.0471338
-0.548395
-0.246233
-0.444539
-0.606061
-0.437828
-0.141715
-0.48993
-0.444305
-0.0327241
-0.00450408
0.0253447
-0.00979371
-0.000714501
-0.026622
-0.0453697
-0.0303845
-0.0186594
-0.0316102
-0.122369
0.210134
-0.152208
-0.158827
-0.0507353
-0.118101
-0.152302
-0.0996419
-0.140579
-0.124233
0.2982
-0.176196
-0.210846
-0.208977
-0.147494
-0.145067
-0.167781
-0.223785
-0.0809375
-0.139032
-0.0939027
0.00532654
0.0279603
-0.0678805
-0.0613933
-0.0878359
-0.0633536
-0.0702286
-0.0630184
-0.0532691
-0.0948811
-0.10585
0.044681
-0.10396
-0.14472
-0.133756
-0.141737
-0.127604
-0.128023
-0.115678
-0.252769
0.192018
-0.320459
-0.4277
-0.297032
-0.262041
-0.250602
-0.0385305
-0.380851
-0.235585
-0.094324
-0.0187201
0.0636843
-0.0548715
-0.0583787
-0.0806274
-0.072135
-0.0616665
-0.0548832
-0.0599613
-0.0604227
-0.00778255
0.0118405
-0.0250829
-0.0336709
-0.033867
-0.0310265
-0.0459643
-0.00365185
-0.0340877
-0.626437
-0.288698
-0.629857
-0.466905
-0.590788
-0.204403
-0.0204273
-0.612793
-0.520214
-0.551578
-0.028803
0.0561218
-0.0328914
-0.00819709
-0.0354484
-0.0169826
-0.0318059
-0.0375861
-0.0248985
-0.0471387
0.00133981
-0.00185673
-0.00631201
-0.00540558
-0.00925614
0.00399996
-0.00884253
0.00973186
0.00748449
0.015686
-0.0701662
0.110191
-0.0226993
-0.0692299
-0.069612
-0.0497472
-0.0101457
-0.0182369
-0.0404759
-0.0461949
-0.0841133
0.0181417
0.0365882
-0.0872309
-0.0768119
-0.0876909
-0.109916
-0.0905939
-0.101104
-0.0850684
-0.132212
0.27646
-0.161948
-0.215573
-0.159347
-0.145009
-0.184856
-0.0672137
-0.099903
-0.109341
0.269313
-0.0952839
-0.260505
-0.173167
-0.162361
-0.101919
-0.124347
-0.174173
-0.0889024
-0.0862368
-0.12008
0.139437
-0.116368
-0.0629524
-0.100794
-0.0816109
-0.0979742
-0.0699537
-0.067204
-0.105361
-0.000218006
0.137613
-0.0516791
-0.0898052
-0.135677
-0.0409847
-0.049447
-0.0440197
-0.03918
-0.0379149
0.00845309
0.0253639
-0.00556886
0.00587801
0.00195906
0.00121957
-0.00135697
-0.000987377
-0.0184481
-0.00408247
-0.127801
0.200026
-0.0958835
-0.0596654
-0.114704
-0.0931204
-0.11058
-0.0920798
-0.113709
-0.113983
-0.045403
0.0821656
-0.0798632
-0.0540812
-0.0633351
-0.0502126
-0.0453357
-0.0538585
-0.0511605
-0.0382407
-0.0897915
0.0855183
-0.0188381
-0.012428
-0.00904192
-0.0185953
-0.0159377
-0.0184022
-0.037015
-0.00546509
-0.664399
-0.245054
-0.721529
-0.267587
-0.670759
-0.694427
-0.650295
-0.198819
-0.619958
-0.602249
-0.152965
-0.11347
0.151408
-0.242431
-0.0627906
-0.213835
-0.128994
-0.105426
-0.122373
-0.105755
-0.0305287
0.0693672
-0.051906
-0.0180556
-0.0353065
-0.035047
-0.0296602
-0.0447778
-0.0394774
-0.0317785
-0.51357
-0.204848
-0.191648
-0.286475
-0.264997
-0.486805
-0.175572
-0.482492
-0.401391
-0.358678
-0.299812
-0.506873
-0.320232
-0.474257
-0.246666
0.217149
-0.278929
-0.372224
-0.414865
-0.315072
-0.273561
-0.216679
-0.291013
-0.182888
0.30245
-0.239096
-0.183655
-0.249582
-0.150869
-0.183587
-0.140693
0.0240084
0.0046317
-0.102313
-0.116808
-0.0961181
-0.119013
-0.115272
-0.0932769
-0.125122
-0.157629
-0.342345
0.0840848
-0.291311
-0.129297
-0.293975
-0.231089
-0.229307
-0.193624
-0.230151
0.00948612
0.0140144
-0.0192371
-0.0163232
-0.0210701
-0.00428599
-0.00722338
-0.0162594
-0.004903
0.00767362
-0.272898
-0.152858
0.192957
-0.182447
-0.274012
-0.246474
-0.215635
-0.247369
-0.154682
-0.168656
-0.22467
-0.336448
0.205266
-0.20632
-0.272759
-0.281548
-0.259262
-0.31946
-0.169146
-0.240002
-0.346569
-0.26614
0.294787
-0.278296
-0.193261
-0.227393
-0.159244
-0.202726
-0.191229
-0.172118
-0.0671905
0.116621
-0.0597856
-0.0936391
-0.101897
-0.0887101
-0.0635804
-0.0689562
-0.0628837
-0.0406323
-0.217292
-0.157395
-0.24823
0.254507
-0.173801
-0.163159
-0.138881
-0.246311
-0.203536
-0.148937
-0.147893
-0.063197
0.059823
-0.0967701
-0.0424741
-0.149158
-0.146958
-0.113405
-0.108218
-0.114722
0.0773578
-0.00755231
-0.120802
-0.0933891
-0.0129783
-0.027543
-0.0414131
-0.0186564
-0.0140957
-0.0428499
-0.37699
-0.441879
-0.566704
-0.408622
-0.428058
-0.289169
0.128459
-0.442993
-0.354876
-0.40261
-0.117801
-0.0303846
0.0497639
-0.106953
-0.105113
-0.113097
-0.101517
-0.102277
-0.119647
-0.110645
-0.235455
-0.344074
-0.405618
-0.465583
0.209717
-0.309885
-0.259128
-0.38519
-0.263074
-0.271788
-0.392727
-0.518222
-0.191303
-0.551884
-0.399103
-0.517762
-0.427798
0.285582
-0.584339
-0.397113
-0.0221231
-0.0306569
0.0360697
-0.0298262
-0.0446773
-0.042271
-0.0493877
-0.0287394
-0.0477962
-0.0419018
0.0867127
-0.235307
-0.266444
-0.165637
0.00952477
-0.171747
-0.090017
-0.0941005
-0.0954789
-0.117888
-0.486286
0.0189623
-0.126473
-0.403165
-0.35673
-0.464807
-0.392428
-0.313396
-0.378139
-0.346188
-0.627331
-0.64424
-0.61615
-0.24295
-0.6849
-0.121326
-0.594686
-0.524712
-0.597439
-0.562808
0.0105774
0.0217216
-0.0338068
-0.0316999
-0.00158745
-0.0210539
-0.0130703
-0.0275092
-0.0300519
-0.0275591
-0.106264
-0.19789
-0.13939
0.107347
-0.194165
-0.142319
-0.159411
-0.191386
-0.166163
-0.178719
-0.253449
0.159961
-0.334164
-0.484867
-0.30483
-0.288375
-0.237949
-0.0696914
-0.248383
-0.256473
-0.00720361
0.0237544
0.00163997
0.00760552
-0.0128794
-0.0147398
0.00712369
-0.00272931
-0.00337633
-0.0127751
-0.316843
-0.333847
-0.241448
0.0484706
-0.186584
-0.406357
-0.335091
-0.320838
-0.312651
-0.295978
0.0320569
-0.12658
0.0732668
-0.0523035
-0.0586995
-0.0524058
-0.0540142
-0.0649274
-0.0670263
-0.0731619
-0.11337
0.202683
-0.123628
-0.0357871
-0.152967
-0.0587781
-0.0742387
-0.0661625
-0.0760933
-0.0524224
0.0883249
-0.0733197
-0.172086
-0.153702
-0.0870144
-0.143752
-0.132771
-0.175607
-0.122219
-0.143465
-0.376544
-0.211873
-0.188617
-0.297832
0.207977
-0.323629
-0.212629
-0.289451
-0.22466
-0.238591
-0.446959
-0.484304
-0.338447
-0.54266
-0.252498
-0.514722
-0.406871
0.331587
-0.518656
-0.388825
-0.24898
-0.171744
0.218357
-0.188934
-0.119545
-0.145098
-0.145165
-0.139298
-0.156829
-0.151624
-0.405284
-0.290012
-0.378288
-0.329635
-0.360269
-0.332526
0.211805
-0.386033
-0.304082
-0.33288
-0.117875
-0.252899
-0.352816
-0.412835
-0.293694
-0.113017
-0.163798
-0.205279
-0.198722
-0.253795
0.15939
-0.0927858
-0.137772
-0.0991058
-0.116052
-0.113822
-0.0983761
-0.0774558
-0.0977799
-0.101664
-0.344945
-0.531645
-0.673688
-0.804974
-0.56003
-0.687525
-0.580869
-0.492693
0.0354664
-0.521991
-0.183164
-0.18308
-0.148339
0.103814
-0.151292
-0.0847609
-0.175245
-0.188641
-0.168575
-0.129531
-0.306533
-0.297724
-0.467452
-0.289236
0.154684
-0.252514
-0.333649
-0.367445
-0.251979
-0.296453
-0.0652815
-0.0111957
0.0197039
-0.0266944
-0.0324596
-0.0361888
-0.0384473
-0.0303145
-0.0411895
-0.0401947
-0.193712
-0.223799
-0.251596
0.272776
-0.137188
-0.0977741
-0.196237
-0.226942
-0.188068
-0.144563
-0.308296
-0.152902
-0.309474
-0.301598
-0.316126
-0.348822
0.163407
-0.332214
-0.243214
-0.276147
-0.101988
0.0702832
-0.056782
-0.124694
-0.0967927
-0.104165
-0.111037
-0.0953469
-0.128016
-0.10702
-0.0483754
4.01518e-05
0.0249049
-0.046217
-0.0215966
-0.0113082
-0.00977539
-0.0193391
-0.0234114
-0.0335462
-0.698672
-0.388812
-0.601312
-0.758858
-0.648669
-0.580845
-0.670346
-0.539596
0.0777253
-0.642047
-0.0950356
-0.367388
-0.246917
0.225759
-0.267793
-0.411071
-0.276257
-0.254932
-0.222367
-0.248187
-0.00992406
0.00196351
-0.00515169
0.00582732
-0.00313003
0.00813098
0.0138229
-0.0075786
0.0141146
-0.0078905
0.196173
-0.15046
-0.246748
-0.184599
-0.129993
-0.121271
-0.126152
-0.127621
-0.110555
-0.109137
0.000805654
-0.00434639
-0.459927
-0.242872
-0.336103
-0.386874
-0.269104
-0.282172
-0.256783
-0.281513
-0.135635
-0.0638878
0.0646101
-0.0421456
-0.118574
-0.106272
-0.0939778
-0.0951128
-0.106369
-0.100865
-0.0468017
0.0503451
-0.0155984
-0.0143289
-0.0148242
-0.00271736
-0.0083767
-0.00972533
-0.00344085
0.00761356
-0.223054
-0.0920915
0.17044
-0.199034
-0.110255
-0.168146
-0.180814
-0.170902
-0.150173
-0.146583
-0.412535
-0.411355
-0.177256
0.167234
-0.34547
-0.351927
-0.369624
-0.382697
-0.388248
-0.312029
-0.0280363
0.0180068
0.00178467
0.0193448
-0.0163136
-0.00773376
-0.00806819
-0.0142715
-0.00564409
-0.0121601
-0.0339984
0.00537738
0.0182047
-0.0404688
-0.0267779
-0.028945
-0.0357699
-0.0309649
-0.0420574
-0.0323242
-0.13056
0.173502
-0.180318
-0.0564478
-0.153334
-0.097899
-0.121629
-0.122402
-0.125064
-0.126464
0.205718
-0.107354
-0.21492
-0.158308
-0.0590183
-0.0751395
-0.0627586
-0.0522041
-0.09224
-0.0737532
0.261788
-0.12626
-0.241327
-0.216067
-0.151449
-0.158279
-0.194539
-0.122558
-0.124857
-0.120562
-0.851698
-0.620427
-0.740494
-0.548561
-0.613711
-0.637473
-0.720308
0.0236823
-0.71168
-0.640645
-0.135243
0.406141
-0.126947
-0.124263
-0.135234
-0.153982
-0.152986
-0.128245
-0.154872
-0.0824814
-0.18223
0.278778
-0.255799
-0.445953
-0.299218
-0.2664
-0.246141
-0.359338
-0.40125
-0.283639
0.0448474
-0.218537
-0.334459
-0.329913
-0.211636
-0.0571046
-0.202009
-0.229676
-0.234175
-0.241192
0.210128
-0.10387
-0.263779
-0.15586
-0.0998207
-0.109703
-0.102325
-0.127426
-0.0620175
-0.102611
-0.565553
-0.457462
-0.539777
-0.0959365
-0.62866
-0.535985
-0.513668
-0.111605
-0.600782
-0.524199
-0.10073
-0.0119863
0.0395136
-0.0339508
-0.0600154
-0.0426502
-0.0482368
-0.0336781
-0.03343
-0.0243564
-0.83597
-0.579105
-0.812834
-0.421007
-0.79309
-0.405948
-0.801886
-0.550854
-0.0665211
-0.798175
-0.0550138
-0.190848
0.146334
-0.102908
-0.0993248
-0.11121
-0.1703
-0.130372
-0.0734891
-0.116094
-0.412847
0.295049
-0.257249
-0.602431
-0.405736
-0.486179
-0.439118
-0.37524
-0.506935
-0.404574
-0.0545513
0.081893
-0.040955
-0.00471383
-0.016311
-0.0109451
-0.019718
-0.00278854
-0.00627339
-0.0143413
-0.551574
-0.528266
-0.376164
-0.379268
-0.424918
-0.556094
-0.509143
0.283741
-0.546042
-0.396094
0.277803
-0.114467
-0.23227
-0.168383
-0.22189
-0.108592
-0.196831
-0.276461
-0.133137
-0.134736
-0.493969
-0.790685
-0.385532
-0.791265
-0.426075
-0.683586
-0.320672
-0.101472
-0.704152
-0.71915
-0.2922
-0.215448
-0.12918
0.199699
-0.221461
-0.149659
-0.124813
-0.182437
-0.134108
-0.144335
-0.00743276
-0.0980017
0.070485
-0.0714169
-0.0746557
-0.120872
-0.0932896
-0.0788707
-0.0794173
-0.0764486
0.00137159
0.00766162
-0.00245747
-0.00244261
0.0155451
0.000348482
-0.0160805
-0.00487116
0.0104001
-0.00367376
-0.230879
-0.265979
-0.215621
0.230796
-0.190206
-0.252741
-0.193297
-0.231581
-0.169082
-0.17643
-0.0643203
0.242765
-0.146663
-0.147057
-0.147221
-0.136322
-0.10641
-0.0974717
-0.161144
-0.108696
0.0701335
-0.0600987
-0.0261111
-0.0752861
-0.0122411
-0.0190839
-0.00859776
-0.00338158
-0.0201906
-0.00319078
-0.0197914
0.0140687
0.0117715
-0.00994468
-0.00724345
-0.0124432
-0.000628022
-0.0104037
0.0020016
0.000770282
0.0336928
-0.186
0.00339347
-0.200736
-0.105362
-0.148128
-0.142004
-0.152811
-0.0879243
-0.116485
-0.10337
0.236164
-0.166975
-0.12009
-0.137033
-0.122227
-0.174663
-0.114306
-0.134148
-0.124076
-0.245635
-0.256623
-0.235867
0.138647
-0.228572
-0.135693
-0.219701
-0.146394
-0.168192
-0.188048
0.190044
-0.177473
-0.327038
-0.24758
-0.18712
-0.165171
-0.176207
-0.23565
-0.169162
-0.163572
-0.663103
-0.397224
-0.720865
-0.423372
-0.64465
-0.508869
-0.620941
-0.49176
0.00497459
-0.610019
0.175122
-0.0988165
-0.159307
-0.0579108
-0.0642713
-0.0703144
-0.055824
-0.0674201
-0.0675617
-0.057112
-0.182814
-0.448481
-0.39681
-0.554239
-0.0179819
-0.434326
-0.485636
-0.450943
-0.433915
-0.454224
-0.307738
-0.168797
0.159552
-0.26085
-0.193969
-0.254875
-0.193604
-0.170786
-0.153681
-0.199991
-0.324315
-0.229317
-0.293555
-0.211979
0.330777
-0.237848
-0.203193
-0.247225
-0.151558
-0.186719
-0.724971
-0.155023
-0.620009
-0.743906
-0.303564
-0.653887
-0.58197
-0.63031
-0.394288
-0.586413
-0.332591
-0.100921
-0.47247
-0.405267
-0.408029
-0.289252
-0.307375
0.324082
-0.328322
-0.238564
0.279409
-0.227132
-0.243187
-0.212237
-0.158246
-0.210909
-0.206067
-0.244349
-0.140327
-0.145287
0.00257142
0.0375006
-0.0185817
-0.00672924
-0.0194957
-0.0170057
-0.0154648
-0.014888
-0.0178324
-0.00405477
-0.279442
-0.229649
0.226341
-0.0921094
-0.252032
-0.263266
-0.300648
-0.275374
-0.141014
-0.187393
-0.185169
-0.0740289
0.089118
-0.21517
-0.103325
-0.219391
-0.156719
-0.153694
-0.157929
-0.146217
-0.0542893
0.10759
-0.0968992
-0.102654
-0.123403
-0.153224
-0.143955
-0.0810428
-0.08888
-0.0935527
-0.453652
-0.197449
-0.335429
-0.340245
0.0769039
-0.317307
-0.289032
-0.383551
-0.365644
-0.32511
-0.303469
-0.21049
-0.209953
-0.13383
-0.279904
-0.229377
-0.305193
-0.234954
-0.125971
-0.297525
-0.0321621
-0.0211339
0.0385181
-0.0405512
-0.0308657
-0.0413402
-0.0379871
-0.0515134
-0.039306
-0.0402911
-0.423517
-0.306503
-0.450596
-0.0371556
-0.389463
-0.627906
-0.448696
-0.524907
-0.457828
-0.446809
0.0832123
-0.102151
-0.167412
-0.0894023
-0.00712533
-0.040187
-0.0562144
-0.0642887
-0.0483909
-0.0579026
-0.328923
-0.340865
0.109362
-0.262653
-0.365628
-0.421372
-0.350685
-0.389335
-0.297357
-0.341587
-0.19973
-0.20039
-0.213553
0.287022
-0.188551
-0.190334
-0.130115
-0.162627
-0.16867
-0.111408
-0.0381351
0.0345125
-0.00240262
-0.00191114
-0.0141036
0.0090001
0.0178412
0.0038091
0.00453502
0.00113781
-0.0336009
0.0264982
-0.0221455
-0.0235009
-0.00793492
-0.0206517
-0.0275936
-0.020134
-0.0213084
-0.0143711
-0.76169
-0.764787
-0.800248
-0.87821
-0.601902
-0.40834
-0.750653
-0.848561
-0.056455
-0.716512
-0.437667
-0.534377
-0.478981
-0.202929
-0.387413
-0.562273
-0.521978
0.207164
-0.481321
-0.370063
-0.183765
-0.202654
-0.159855
0.177519
-0.169348
-0.0377943
-0.128478
-0.0992647
-0.132117
-0.104663
-0.147523
0.158774
-0.14626
-0.0441264
-0.136359
-0.146633
-0.132705
-0.119077
-0.122656
-0.11492
0.0490579
-0.167436
-0.0316241
-0.214719
-0.118125
-0.170296
-0.176467
-0.149948
-0.157615
-0.15151
-0.304768
-0.185687
-0.351432
-0.217878
0.21369
-0.270343
-0.218438
-0.234513
-0.206544
-0.207523
-0.0275446
0.0469803
-0.00828584
-0.00743316
-0.0317323
-0.0124347
-0.0120434
-0.01409
-0.0159764
-0.0217045
-0.0622363
-0.0100344
0.0415005
-0.0254148
-0.0395438
-0.0460291
-0.0277908
-0.0190565
-0.0426254
-0.020785
-0.218833
0.407442
-0.178083
-0.302279
-0.20625
-0.255946
-0.16123
-0.195206
-0.285982
-0.178939
0.145204
-0.103032
-0.262496
-0.228139
-0.110551
-0.102313
-0.168459
-0.185009
-0.102017
-0.124757
-0.606778
-0.312119
-0.622864
-0.540004
-0.600616
-0.477308
-0.605716
-0.477741
0.102723
-0.591681
-0.00622004
0.00388208
0.0206473
0.0056539
-0.014286
-0.0204678
-0.0185172
0.0119223
-0.00978975
-0.0130124
-0.190962
-0.182593
-0.0854406
0.0817571
-0.177918
-0.0657851
-0.118624
-0.115985
-0.114282
-0.1179
-0.113706
-0.00693709
0.0199016
-0.0808863
-0.0690106
-0.085718
-0.0766861
-0.0605023
-0.0650173
-0.0670582
-0.469434
-0.560936
-0.562
-0.358373
-0.613113
-0.252661
-0.478061
-0.605532
-0.254728
-0.551991
-0.0971423
0.198449
-0.0607678
-0.0442811
-0.125742
-0.0187747
-0.0553265
-0.0477408
-0.056923
-0.0589269
-0.0708325
0.159404
-0.0587502
-0.130689
-0.0843237
-0.0681139
-0.0430395
-0.0366288
-0.065711
-0.0356976
-0.196718
-0.327855
-0.547237
-0.507546
-0.366329
-0.433296
0.126814
-0.417655
-0.317633
-0.339203
-0.116008
0.271437
-0.163435
-0.109187
-0.17227
-0.0913371
-0.0927585
-0.0900801
-0.0859201
-0.090534
-0.0695163
0.229294
-0.136778
-0.0874868
-0.200992
-0.0644284
-0.0966598
-0.109479
-0.126333
-0.0809215
-0.280577
0.0763146
-0.0260083
-0.264424
-0.140303
-0.272461
-0.228972
-0.178626
-0.195429
-0.202471
0.212477
-0.122446
-0.383447
-0.238588
-0.329939
-0.286932
-0.318557
-0.198801
-0.257758
-0.265058
-0.225927
-0.311399
-0.144038
0.121573
-0.236146
-0.138119
-0.18735
-0.276038
-0.198076
-0.198162
-0.000200687
0.0404289
-0.0046304
-0.0271192
-0.0161855
-0.0238043
-0.022448
-0.0210422
-0.0358679
-0.0378638
-0.0763413
0.0367432
0.00628971
0.00430083
0.00889587
0.000932949
-0.0103086
-0.000891354
-0.00763234
-0.0265961
-0.324917
-0.282677
-0.16017
0.118955
-0.22847
-0.339453
-0.23979
-0.236376
-0.206169
-0.212394
-0.620102
-0.57035
-0.360664
-0.474652
-0.507081
-0.48837
-0.476946
-0.638366
0.098823
-0.465039
-0.360926
-0.260591
-0.396577
-0.219165
0.268087
-0.263492
-0.238746
-0.33754
-0.216661
-0.245184
0.00952334
-0.111914
0.0726078
-0.0598283
-0.0866225
-0.0733861
-0.0854028
-0.0647372
-0.0909466
-0.082534
-0.310543
0.242001
-0.339939
-0.30066
-0.393578
-0.393772
-0.345606
-0.289445
-0.445506
-0.302753
-0.0503424
-0.223303
-0.189974
-0.026387
-0.220325
-0.162169
-0.198573
-0.220634
-0.183658
-0.215669
-0.0404368
0.055962
-0.000333808
-0.0096935
-0.00302729
0.00384227
0.000598256
-0.00694347
0.0269466
0.00703605
-0.0138821
0.0555215
-0.0165862
-0.047907
-0.0395774
-0.0397638
-0.0304265
-0.0317093
-0.0330765
-0.0219852
-0.419991
-0.309094
0.339915
-0.232856
-0.171455
-0.301902
-0.249484
-0.249089
-0.207368
-0.210037
-0.0751234
0.0819846
-0.0263563
-0.0221724
-0.033212
-0.0239759
-0.0158091
-0.0186342
-0.0336753
-0.0322609
-0.040706
0.0017888
0.0233227
-0.0634053
-0.0726794
-0.0735982
-0.0667419
-0.0694214
-0.0561594
-0.0767482
-0.3061
-0.156678
0.237298
-0.163568
-0.261223
-0.206242
-0.221532
-0.224179
-0.143292
-0.164235
-0.507484
-0.443805
-0.311513
-0.547451
-0.0134767
-0.533908
-0.35245
-0.539157
-0.478627
-0.517816
0.137309
-0.0652152
-0.41684
-0.127781
-0.258942
-0.176684
-0.164231
-0.23699
-0.19421
-0.21339
-0.047293
0.0515282
-0.0191642
-0.0110959
-0.00756373
-0.0394772
-0.0235331
-0.0146434
-0.0251892
-0.0276826
-0.00143826
0.00163482
-0.00199475
-0.0113774
-0.0184403
-0.0124473
-0.00778934
-0.0130774
-0.0253642
-0.014478
-0.148851
0.403714
-0.179677
-0.254237
-0.244219
-0.253021
-0.233921
-0.152631
-0.226147
-0.165108
-0.268409
-0.287483
0.179125
-0.200584
-0.223955
-0.251226
-0.199153
-0.228496
-0.179742
-0.200532
-0.0141298
0.0432098
-0.00595209
-0.0147309
-0.0213626
-0.00912246
-0.00923483
-0.0117461
0.00062129
-0.0313467
-0.076087
-0.0116326
0.0418348
-0.0385459
-0.0382042
-0.0566461
-0.0439699
-0.0608793
-0.0403426
-0.0503329
-0.388613
-0.260714
-0.538423
-0.719523
-0.588
-0.66819
-0.561046
-0.653532
-0.0912936
-0.561564
0.258744
-0.120426
-0.218173
-0.12104
-0.110857
-0.12084
-0.0814988
-0.14785
-0.0952909
-0.0939725
-0.22808
-0.103985
0.114266
-0.108577
-0.172888
-0.223917
-0.139474
-0.110843
-0.118129
-0.130539
-0.232709
-0.538029
-0.31599
-0.428441
0.128262
-0.374573
-0.383802
-0.422129
-0.356182
-0.370625
-0.0283462
0.0911359
-0.0375587
-0.0565576
-0.0689255
-0.0724361
-0.0366155
-0.0405208
-0.0555809
-0.0374704
-0.608883
-0.583861
-0.194685
-0.593826
-0.395387
-0.670344
-0.6502
0.122242
-0.550587
-0.525946
-0.221487
0.322533
-0.226814
-0.265197
-0.19149
-0.283477
-0.209881
-0.231771
-0.323784
-0.217359
-0.271269
-0.479214
-0.332611
-0.481362
-0.343149
0.238159
-0.369665
-0.366891
-0.474537
-0.326643
-0.294468
-0.273475
-0.250069
-0.136612
0.337326
-0.132936
-0.144139
-0.211154
-0.126819
-0.141101
-0.306081
-0.213816
-0.179431
0.146643
-0.289438
-0.191083
-0.203965
-0.223002
-0.261288
-0.198641
0.25274
-0.17088
-0.229309
-0.271158
-0.242294
-0.109385
-0.130065
-0.176881
-0.131587
-0.12935
-0.267301
-0.285613
0.0480516
-0.287111
-0.0143283
-0.228248
-0.176599
-0.203725
-0.226028
-0.23855
-0.0323663
-0.000879127
-0.00153566
-0.0113485
-0.0455928
-0.0317831
-0.0555201
-0.0310889
-0.0316902
-0.0494901
-0.0928196
-0.4319
-0.479475
-0.528992
-0.445472
-0.498153
-0.319313
0.201949
-0.266025
-0.323594
0.0105839
0.0131611
-0.0555499
-0.0562224
-0.0557565
-0.0463031
-0.0332584
-0.0388855
-0.0642207
-0.0599392
-0.195949
-0.292378
-0.205924
0.265816
-0.212098
-0.231546
-0.18347
-0.23363
-0.211624
-0.153101
-0.637722
-0.434919
-0.704782
-0.637714
-0.246197
-0.633104
-0.0973158
-0.699271
-0.53506
-0.561623
-0.175676
-0.398002
0.0276153
-0.283643
-0.448653
-0.372536
-0.387075
-0.355993
-0.338754
-0.372348
-0.00714507
-0.00643745
0.014915
-0.00503651
-0.0121962
-0.00648044
-0.014883
0.0131874
-0.00124593
-0.00931103
-0.0976845
-0.104956
0.124519
-0.0820521
-0.109703
-0.0680518
-0.0768616
-0.166074
-0.0904276
-0.0906662
-0.00109341
-0.0014365
-0.00427203
0.00814393
0.00445941
0.0170596
0.00135002
-0.0120122
0.0234547
-0.00433419
-0.146543
-0.348921
-0.0408624
-0.25812
-0.350491
-0.285415
-0.287294
-0.290692
-0.289593
-0.314378
-0.269504
-0.182511
0.233969
-0.183355
-0.235783
-0.310543
-0.25949
-0.193984
-0.180921
-0.179913
-0.000869019
0.0076088
-0.0597162
-0.0121864
-0.0168411
-0.0152954
-0.0348651
-0.00585463
-0.019798
-0.0349671
-0.0251522
-0.0932391
0.0391742
-0.136139
-0.146314
-0.156774
-0.144853
-0.160321
-0.114145
-0.127794
0.20254
-0.0836823
-0.261168
-0.112293
-0.123625
-0.158948
-0.0826837
-0.112715
-0.115401
-0.113835
-0.0520601
-0.0386028
0.0158198
-0.0465344
-0.0332086
-0.0394868
-0.0388624
-0.0890805
-0.0378701
-0.0445964
-0.227755
-0.140804
0.139882
-0.183186
-0.11106
-0.155722
-0.135385
-0.0967925
-0.145597
-0.136281
-0.0389343
0.0109599
0.0155993
-0.0267065
-0.0112329
-0.0268599
-0.0198171
-0.0148282
-0.0214662
-0.0230641
-0.201349
-0.17302
0.147146
-0.132007
-0.0746195
-0.142931
-0.132237
-0.110561
-0.128733
-0.126034
0.04979
-0.228528
-0.182417
-0.00861434
-0.124451
-0.141305
-0.123182
-0.171092
-0.163908
-0.152817
-0.151317
0.415257
-0.210349
-0.271245
-0.275857
-0.240131
-0.19301
-0.13589
-0.332052
-0.175038
-0.120679
-0.036725
0.0383723
-0.0702689
-0.085573
-0.0704843
-0.0678711
-0.08156
-0.0726651
-0.0885307
-0.195454
-0.586486
-0.411354
-0.231745
-0.575077
-0.175748
-0.481609
-0.429227
-0.382212
-0.438827
-0.0735363
-0.00915174
0.0335733
-0.0552502
-0.0545182
-0.0553705
-0.0596968
-0.0540154
-0.0500322
-0.043308
-0.126144
0.182446
-0.125361
-0.114224
-0.180983
-0.103799
-0.106805
-0.106418
-0.113025
-0.115131
-0.150492
-0.233105
-0.272498
0.224958
-0.151644
-0.142207
-0.134455
-0.149923
-0.192281
-0.114498
-0.0878344
0.0170052
-0.0239486
-0.0886876
-0.0668269
-0.0795146
-0.0721364
-0.0815799
-0.0360658
-0.0698814
-0.161654
-0.100118
-0.0876083
0.120093
-0.0538227
-0.0440417
-0.0730268
-0.05843
-0.0655748
-0.0741101
-0.00489006
-0.00153499
0.012875
-0.00920558
-0.0152038
0.00819096
-0.0144128
-0.010324
-0.0170032
-0.0168602
-0.286119
-0.376029
-0.561066
-0.497006
-0.466309
-0.342546
0.146973
-0.435705
-0.371098
-0.38945
-0.0742527
0.18335
-0.0469262
-0.0784738
-0.143094
-0.00841953
-0.0725394
-0.0482613
-0.0798613
-0.0319953
-0.193109
-0.141114
0.234711
-0.142578
-0.12966
-0.204811
-0.104855
-0.09728
-0.103456
-0.126326
0.0171684
-0.00557294
0.00101955
-0.00490419
0.00782428
-0.0207606
0.0217241
-0.0151644
0.000624688
-0.00868346
-0.0940293
-0.00467487
0.041802
-0.0690682
-0.0824968
-0.0757305
-0.0741571
-0.0769376
-0.0749436
-0.0821158
-0.26799
-0.175888
0.210101
-0.129068
-0.250085
-0.230672
-0.181443
-0.183153
-0.15978
-0.161079
-0.132637
-0.0625072
-0.376045
-0.000430617
-0.273721
-0.101889
-0.2093
-0.185247
-0.202737
-0.19045
-0.29696
-0.273557
-0.149438
0.112727
-0.208305
-0.11105
-0.157897
-0.248549
-0.245162
-0.162188
-0.0466503
-0.0358652
0.039602
-0.00730458
-0.0178656
-0.0215126
-0.00711163
-0.00286845
-0.0324226
-0.000497694
-0.1149
-0.149689
-0.151607
0.152764
-0.144743
-0.0374689
-0.123478
-0.100808
-0.0848808
-0.0795868
-0.147778
0.159617
-0.19979
-0.210839
-0.178018
-0.286782
-0.141211
-0.102133
-0.300207
-0.169365
-0.444241
-0.0550066
0.0913214
-0.464356
-0.34639
-0.394491
-0.363008
-0.3933
-0.269996
-0.302836
-0.261315
-0.271766
-0.243251
0.279766
-0.222778
-0.287347
-0.201695
-0.25021
-0.282261
-0.203912
0.251993
-0.197454
-0.31967
-0.195033
-0.180236
-0.222643
-0.15222
-0.20984
-0.160149
-0.15815
-0.0329174
-0.303381
-0.139587
-0.442395
-0.378154
-0.328786
-0.372918
-0.328129
-0.324651
-0.352911
-0.0166942
-0.138906
-0.0397704
-0.0516543
-0.200058
-0.211409
-0.105523
-0.148458
-0.112073
-0.117934
0.000307784
-0.0113924
0.00302944
-0.00583389
0.0239471
-0.0063307
-0.00292235
-0.0243498
-0.00384473
-0.00786687
-0.240005
-0.383844
-0.41407
0.157724
-0.315393
-0.249904
-0.305491
-0.356648
-0.333371
-0.307071
-0.409346
-0.671312
-0.527347
-0.768842
-0.53858
-0.551752
-0.298001
-0.789416
-0.121678
-0.580537
-0.0637776
0.119578
-0.0675354
-0.177419
-0.075099
-0.194497
-0.115509
-0.117301
-0.173452
-0.0869758
-0.31709
-0.294376
0.15429
-0.191647
-0.297508
-0.537525
-0.3354
-0.362752
-0.294764
-0.305636
0.17762
-0.0257535
-0.153662
-0.0849636
-0.0534597
-0.0370743
-0.0848275
-0.0261279
-0.0280777
-0.0601323
-0.453226
-0.331453
-0.526752
-0.246459
-0.468698
0.0131244
-0.480939
-0.3677
-0.41162
-0.426678
0.0720657
-0.294599
-0.107007
-0.280799
-0.273244
-0.268536
-0.256726
-0.304287
-0.215374
-0.225135
-0.200392
-0.363007
-0.253031
0.276724
-0.270105
-0.383448
-0.268387
-0.287264
-0.268583
-0.223678
0.218202
-0.149402
-0.270608
-0.181637
-0.0634708
-0.127849
-0.193382
-0.166674
-0.102704
-0.121449
-0.222683
-0.285349
-0.268088
0.261803
-0.229981
-0.324978
-0.241641
-0.264067
-0.387466
-0.228995
-0.278576
0.0668232
-0.261797
0.0974997
-0.155491
-0.105917
-0.169007
-0.137713
-0.143585
-0.13324
-0.208604
-0.164084
0.187709
-0.195755
-0.276093
-0.206997
-0.229793
-0.260278
-0.177429
-0.19148
0.189688
-0.196193
-0.357637
-0.11614
-0.290005
-0.203503
-0.257087
-0.266166
-0.16136
-0.181327
-0.105985
-0.102378
-0.0322396
-0.152894
-0.091627
0.0199837
-0.133517
-0.137811
-0.0884678
-0.103985
-0.141122
0.205555
-0.10622
-0.0568967
-0.122998
-0.0546469
-0.068672
-0.0595333
-0.0647703
-0.0518084
-0.100741
0.159835
-0.207435
-0.0685964
-0.120915
-0.150096
-0.09947
-0.113632
-0.122889
-0.124672
-0.654858
-0.523328
-0.655961
-0.607028
-0.62854
-0.378779
-0.648239
-0.601641
0.104147
-0.615682
-0.0549043
-0.0224102
0.0454056
-0.0283145
-0.0443502
-0.0322716
-0.0154373
-0.0253382
-0.0165563
-0.0233257
-0.3045
-0.293036
-0.292602
0.281378
-0.167712
-0.317755
-0.29122
-0.205865
-0.280791
-0.196046
-0.105407
0.0914465
0.00344638
-0.0246896
-0.00976274
-0.0174279
-0.0186715
-0.0137431
-0.0144056
-0.0117125
0.130402
-0.28719
-0.0976682
-0.192068
-0.241372
-0.257312
-0.212812
-0.261787
-0.131588
-0.177603
0.225321
-0.167325
-0.197535
-0.186554
-0.2133
-0.200385
-0.170865
-0.19727
-0.119959
-0.159066
-0.584584
0.0887906
-0.552844
-0.695799
-0.211956
-0.677218
-0.581818
-0.556909
-0.463303
-0.517383
-0.268863
-0.273167
0.144613
-0.20115
-0.158048
-0.208215
-0.198108
-0.199287
-0.190278
-0.216902
-0.329583
-0.247805
-0.364642
-0.257895
0.284783
-0.247697
-0.196788
-0.232087
-0.219761
-0.22581
-0.275836
-0.139217
0.186837
-0.177015
-0.0825669
-0.140471
-0.118358
-0.128952
-0.122894
-0.148769
0.00403079
-0.00857956
-0.0125987
0.00270058
0.0118414
-0.00200315
-0.00210633
-0.014688
0.00605768
-0.00341214
-0.168349
-0.132945
0.162509
-0.135094
-0.150483
-0.174265
-0.138601
-0.132185
-0.10866
-0.122381
-0.00935682
0.0116698
-0.0102827
-0.00387284
0.00284385
0.00288961
0.0005471
-0.00415276
0.00588801
-0.0216009
-0.0918504
-0.220419
-0.161095
0.121332
-0.174038
-0.112375
-0.162067
-0.143196
-0.1485
-0.145179
0.0122127
-0.000206516
-0.00216565
0.00864013
0.0102239
-0.0121262
0.0219324
-0.00207753
-0.0143422
-0.00303016
-0.294062
0.384319
-0.273493
-0.352197
-0.302406
-0.305204
-0.259624
-0.169057
-0.318544
-0.226938
-0.071481
-0.245875
0.115081
-0.163592
-0.155872
-0.218226
-0.14764
-0.138969
-0.146905
-0.144749
-0.00106869
-0.0125005
-0.00534407
-0.00661347
-0.00146095
0.00818096
0.0127104
-0.0145265
-0.0245125
-0.0144825
-0.0132737
0.0323466
0.00191231
-0.0246481
-0.000169026
-0.0168018
0.00317445
-0.000651943
-0.00103648
-0.0206141
-0.339441
-0.257222
-0.254142
0.210708
-0.271162
-0.274636
-0.243994
-0.27921
-0.268023
-0.226608
-0.412535
-0.298053
-0.428866
-0.219453
-0.393711
-0.200381
0.22765
-0.380863
-0.305058
-0.321414
-0.568833
-0.507823
-0.112572
-0.492243
-0.456171
-0.56282
-0.315983
-0.588563
0.0207176
-0.410579
0.218904
-0.104207
-0.248794
-0.228164
-0.161031
-0.164919
-0.221669
-0.159493
-0.191959
-0.185698
-0.387518
-0.321478
-0.237361
-0.119464
-0.134943
-0.19157
-0.338368
-0.284663
-0.313793
-0.312881
-0.0286823
0.0662859
-0.0238224
-0.0196989
-0.0322845
-0.0183519
-0.0330112
-0.020466
-0.020628
-0.0294871
-0.00887019
0.0247915
-0.0181984
-0.0576828
-0.0116471
-0.0252814
-0.0459264
-0.0278049
-0.0130341
-0.0325823
-0.0156674
-0.00824509
0.0128212
-0.00860836
-0.00934958
-0.012324
-0.000340708
-0.0114489
-0.00890516
-0.0106841
-0.322992
-0.451703
-0.473797
-0.435285
-0.422576
-0.293059
0.179256
-0.423255
-0.328062
-0.363517
-0.370831
-0.601741
-0.288418
-0.645087
-0.392203
0.190781
-0.423433
-0.494692
-0.555744
-0.44704
-0.199339
-0.354757
-0.413821
-0.347005
0.0607554
-0.290855
-0.173751
-0.236183
-0.18101
-0.261165
0.28736
-0.18614
-0.315571
-0.209207
-0.165683
-0.180471
-0.207618
-0.138918
-0.143137
-0.146928
-0.718617
-0.746627
-0.777228
-0.429591
-0.410239
-0.122193
-0.6143
-0.644852
-0.657548
-0.611762
-0.0608179
0.0993311
-0.0120757
-0.00886049
-0.0213249
-0.0135647
-0.0301332
-0.0301172
-0.0183641
-0.017054
-0.0976012
0.201858
-0.127234
-0.123285
-0.12217
-0.0503994
-0.0790072
-0.0983588
-0.0746446
-0.0730467
-0.431147
-0.419634
-0.38568
-0.465797
-0.287214
-0.510659
-0.399666
0.360762
-0.454794
-0.358735
-0.21364
-0.240654
-0.156455
0.0120333
-0.369578
-0.309917
-0.363906
-0.250251
-0.273359
-0.295204
-0.265651
-0.2787
0.282888
-0.252234
-0.159337
-0.173515
-0.187282
-0.247303
-0.189452
-0.180996
-0.421135
-0.108204
-0.514532
-0.585653
-0.439496
-0.456051
-0.440152
0.129995
-0.555599
-0.40982
-0.0526362
0.289828
-0.307542
-0.327623
-0.220767
-0.224827
-0.221878
-0.188892
-0.267244
-0.192406
0.00568488
0.0157872
-0.00940178
-0.0103192
-0.0105533
-0.0418542
-0.0224594
-0.0218228
-0.0256724
-0.0204874
0.206789
-0.0462692
-0.184895
-0.116928
-0.126792
-0.11299
-0.0745561
-0.115082
-0.0578165
-0.0576202
-0.0207871
0.0250394
-0.00881763
-0.00117598
-0.000961392
0.00517168
0.00368119
-0.00141115
0.00586858
-0.00976754
-0.159683
-0.261482
-0.25784
0.190089
-0.198346
-0.180358
-0.18076
-0.250162
-0.223551
-0.193025
-0.161335
0.362092
-0.174311
-0.192647
-0.165857
-0.125898
-0.19924
-0.132918
-0.258719
-0.0852174
-0.285305
-0.321854
-0.263686
-0.426915
-0.406306
0.204672
-0.337778
-0.372175
-0.425336
-0.292224
-0.26458
-0.173435
0.176682
-0.208564
-0.0800415
-0.180358
-0.160979
-0.090139
-0.134564
-0.142713
-0.0765642
-0.0357963
0.0727734
-0.0820885
-0.0845779
-0.0772569
-0.0986763
-0.0754511
-0.0898032
-0.0928785
-0.470155
-0.437599
-0.325539
-0.530504
-0.286243
-0.532542
-0.475731
0.336994
-0.524996
-0.416399
-0.52444
-0.510278
-0.528325
-0.166518
-0.528743
-0.639843
-0.485136
0.148574
-0.546083
-0.402614
0.286062
-0.145478
-0.348648
-0.167004
-0.182417
-0.215378
-0.164009
-0.185952
-0.128376
-0.136066
-0.424754
-0.235572
0.28473
-0.262181
-0.191985
-0.258789
-0.217248
-0.209191
-0.184624
-0.210579
0.00846228
-0.00206449
0.00229167
-0.00421173
0.00932506
0.0061103
0.00588902
0.00656995
0.00359627
-0.00310958
-0.00690029
0.0620724
-0.00233202
-0.0136572
-0.108646
-0.00985023
-0.0233631
0.00512001
-0.00642105
-0.00981929
-0.0661472
-0.399231
-0.213659
0.0291803
-0.308711
-0.401788
-0.197199
-0.376232
-0.241451
-0.294609
-0.149344
-0.128966
0.161436
-0.0689081
-0.0713979
-0.163011
-0.0988465
-0.0900169
-0.0764779
-0.0964267
-0.0814825
0.228159
-0.105322
-0.12794
-0.213205
-0.0673781
-0.109383
-0.0183553
-0.0701186
-0.069412
0.130265
-0.162217
-0.141336
-0.124637
-0.0845557
-0.0754197
-0.105605
-0.0642337
-0.0938942
-0.0982981
-0.306714
-0.200573
0.271557
-0.229086
-0.199332
-0.254244
-0.205891
-0.221768
-0.159849
-0.170658
-0.0740977
-0.0279924
0.0570194
-0.0571841
-0.0513769
-0.0579688
-0.0516227
-0.050023
-0.028256
-0.0555453
-0.144679
0.233155
-0.126134
-0.139101
-0.142439
-0.0919234
-0.106558
-0.0980569
-0.108626
-0.126291
-0.0144797
-0.0599767
0.000455483
-0.0831696
-0.0443677
-0.0567879
-0.0365656
-0.0483859
-0.0774333
-0.0607118
-0.154879
-0.163628
0.177182
-0.251115
-0.0796045
-0.120975
-0.141556
-0.115402
-0.131387
-0.1305
-0.275268
-0.151981
0.166448
-0.165484
-0.155777
-0.187112
-0.18286
-0.175989
-0.207632
-0.19534
-0.0463849
0.0651779
-0.00936793
-0.0115432
-0.0160533
-0.0304984
-0.03081
-0.0205221
-0.0291637
-0.000704728
-0.259536
-0.0461058
0.12329
-0.163344
-0.174639
-0.202955
-0.235489
-0.234648
-0.193047
-0.176869
-0.223463
-0.412523
-0.221774
-0.414496
-0.220651
0.281793
-0.30264
-0.283181
-0.31681
-0.263292
-0.146908
-0.142511
0.0047765
-0.224186
-0.0560355
-0.17468
-0.174696
-0.158812
-0.160164
-0.172815
-0.390622
-0.317065
-0.244032
0.1968
-0.278684
-0.326381
-0.349914
-0.376706
-0.318222
-0.241577
-0.521603
-0.38018
-0.545544
-0.600701
-0.450026
-0.240629
0.0443322
-0.559624
-0.370461
-0.461337
-0.0469633
0.0769656
-0.0314498
-0.0377378
-0.0307189
-0.0346183
-0.0257371
-0.0392846
-0.0297877
-0.0344189
-0.260343
-0.418739
-0.396377
-0.401378
-0.407781
-0.192958
0.149659
-0.43028
-0.342686
-0.345856
-0.0596802
0.216236
-0.127415
-0.188005
-0.103639
-0.101599
-0.0883302
-0.100565
-0.0983219
-0.0575779
-0.208077
-0.0893484
0.167318
-0.182059
-0.110505
-0.129146
-0.139378
-0.110536
-0.129349
-0.136027
0.261308
-0.125642
-0.221331
-0.173893
-0.128444
-0.172874
-0.0963622
-0.116892
-0.104433
-0.105993
-0.0208999
-0.107327
-0.0517938
0.0492356
-0.0926488
-0.0850311
-0.0899755
-0.0842069
-0.0831792
-0.0630443
-0.23719
-0.169376
0.231196
-0.228561
-0.139625
-0.184616
-0.190384
-0.259214
-0.139398
-0.163761
0.0143293
-0.0623055
0.018206
-0.0974585
-0.0823477
-0.0598353
-0.0731548
-0.0437291
-0.090704
-0.0740251
-0.00549818
0.00469831
-0.00565635
-0.000980746
0.00878302
-0.00734184
0.0155171
-0.0030552
-0.00294102
0.00569331
0.00078516
0.0161274
0.0240398
-0.018493
-0.00977812
-0.0355133
-0.016092
-0.0341811
-0.0241139
-0.00898078
-0.262206
-0.253967
0.199634
-0.220784
-0.123502
-0.203438
-0.211603
-0.225753
-0.184741
-0.181095
-0.382097
-0.256306
-0.339796
-0.231762
0.299896
-0.276395
-0.237455
-0.325388
-0.239522
-0.250332
-0.0182403
0.0521097
-0.0207749
-0.0248516
-0.015263
-0.0233808
-0.0230007
-0.0139317
-0.017504
-0.0237088
0.29918
-0.252196
-0.416074
-0.275108
-0.286666
-0.269928
-0.23046
-0.114349
-0.22045
-0.244368
-0.383703
-0.204933
-0.373378
-0.228249
0.216269
-0.334402
-0.185175
-0.302483
-0.219727
-0.234176
-0.080023
-0.025984
0.0471455
-0.0609888
-0.0477162
-0.0520154
-0.0391794
-0.0490533
-0.0577383
-0.0599697
-0.193498
-0.149333
0.147224
-0.0948555
-0.12495
-0.262162
-0.159859
-0.163287
-0.125931
-0.129393
-0.447402
-0.520369
-0.243933
-0.473483
-0.192337
-0.538652
-0.492452
0.172311
-0.508758
-0.412508
-0.523457
-0.475033
-0.53517
-0.446002
-0.509713
-0.422583
-0.502374
-0.468923
0.126095
-0.489457
-0.0425438
-0.0321499
0.0121247
-0.0141524
-0.0315362
-0.0206302
-0.0161753
-0.0107112
-0.0259238
-0.0428931
-0.196233
-0.233543
-0.162644
0.123921
-0.325489
-0.237667
-0.262844
-0.317033
-0.295838
-0.242413
-0.0535886
0.0933688
0.00256058
-0.0319723
-0.0217329
-0.0175097
-0.0144571
-0.0296005
-0.0402952
-0.0226594
0.222549
-0.0615389
-0.190958
-0.100553
-0.0913652
-0.0992301
-0.0995085
-0.0884573
-0.0742936
-0.0730248
0.0118176
0.0130292
-0.00794775
-0.00584616
0.000757912
0.00591878
-0.0186527
0.0053605
-0.00549629
0.00579898
-0.129788
-0.0594362
0.0802688
-0.110016
-0.108654
-0.0917084
-0.110523
-0.10093
-0.0999553
-0.113945
-0.23104
0.420861
-0.161302
-0.235745
-0.23662
-0.216345
-0.195437
-0.170436
-0.282811
-0.17154
-0.0566704
0.00217796
0.0391866
-0.0445207
-0.0456443
-0.0543442
-0.0317074
-0.029514
-0.0339876
-0.0404338
-0.239107
-0.12354
0.190756
-0.143673
-0.118908
-0.133618
-0.138931
-0.141852
-0.117735
-0.137609
0.0119294
0.00497429
-0.00599926
-0.0251226
-0.0101945
-0.0115577
-0.0105095
-0.0219124
-0.00128621
0.00274977
-0.484082
-0.398061
-0.533545
-0.418953
-0.501207
-0.190915
0.0920836
-0.477697
-0.391
-0.437534
-0.262314
-0.484799
-0.194977
-0.384857
0.113217
-0.383887
-0.335057
-0.350827
-0.27893
-0.290249
-0.401001
-0.482515
-0.090333
-0.497244
-0.322652
-0.488668
-0.364942
0.0409258
-0.431475
-0.419627
-0.300562
-0.224684
-0.299464
-0.184617
0.270651
-0.235296
-0.268445
-0.255967
-0.194387
-0.213158
0.0535036
-0.0188527
-0.11541
-0.0773702
-0.00725351
-0.0311892
-0.0570393
-0.0357532
-0.0239756
-0.0278065
0.00912092
-0.289235
-0.192752
-0.077652
-0.252572
-0.166645
-0.22101
-0.21995
-0.229611
-0.225903
0.00329959
0.0659511
-0.237622
0.00113257
-0.0924544
-0.0968554
-0.118475
-0.0931668
-0.0949462
-0.0893518
-0.222875
-0.00906448
0.0686536
-0.16822
-0.0706162
-0.14457
-0.142925
-0.0847963
-0.0997154
-0.096346
-0.518797
-0.527723
-0.369261
-0.215035
-0.430832
-0.451163
-0.344625
0.200524
-0.45967
-0.335032
0.113177
-0.0448584
-0.0918216
-0.107432
-0.0307239
-0.0551466
-0.0346774
-0.04204
-0.0477537
-0.0537588
-0.101797
-0.057355
0.104264
-0.108543
-0.0719061
-0.0850418
-0.087469
-0.116638
-0.0788972
-0.076493
-0.024793
0.0209492
0.00381343
-0.00489078
0.00276622
-0.00365099
0.00172628
-0.0129451
-0.0145056
-0.0149492
-0.197628
-0.17926
0.177233
-0.209587
-0.1728
-0.143587
-0.116694
-0.0724544
-0.164712
-0.132426
-0.091519
-0.087973
0.101793
-0.0727263
-0.0780495
-0.0839491
-0.108654
-0.0437275
-0.0719604
-0.0586158
-0.0466396
0.0534569
-0.0156052
-0.0222427
-0.0320609
-0.0252266
-0.0332251
-0.0275674
-0.0168959
-0.00611206
-0.543458
-0.374337
-0.536208
-0.4243
-0.52929
-0.366605
-0.527522
-0.410744
0.116031
-0.513035
-0.0193726
-0.0155152
0.00126894
-0.0138896
0.00252546
0.0100058
-0.00152746
0.00750912
-0.0132999
-0.00265116
-0.304369
-0.239084
-0.311786
-0.191585
0.335159
-0.259864
-0.214551
-0.263514
-0.166794
-0.16695
-0.119816
0.246861
-0.0802762
-0.0155315
-0.0992031
-0.0505997
-0.0508155
-0.0445593
-0.0398725
-0.0415395
-0.0725728
-0.0184048
0.0538169
-0.0427711
-0.0655325
-0.0758883
-0.0825574
-0.065423
-0.0731574
-0.0556581
-0.965896
-0.729658
-0.750336
-0.66114
-0.812026
-0.756261
-0.925269
-0.1605
-0.935144
-0.796971
-0.151248
-0.202082
-0.18304
0.271475
-0.180278
-0.190179
-0.167077
-0.235526
-0.193308
-0.143786